time,theta,omega
202.627914, 2.728435, 1.160857
207.345322, -1.304442, -1.547160
212.052734, -2.099591, 1.581220
216.770142, -1.902382, -0.114700
221.477554, -0.973837, 2.038752
226.194962, -2.878497, -0.635009
230.902374, 2.761154, 1.163043
235.619781, -1.001046, -1.681794
240.327194, -2.160815, 1.519455
245.044601, -1.830333, -0.081245
249.752014, -0.956493, 2.034209
254.469421, -2.888766, -0.640554
259.181671, 2.697825, 1.154684
263.896271, -1.581021, -1.419319
268.610870, -2.132188, 1.583885
273.315460, -1.865508, -0.108119
278.030060, -0.978201, 2.030979
282.744659, -2.858615, -0.623045
287.459259, 2.878226, 1.168743
292.163849, 0.465448, -1.957833
296.878448, -3.073676, 0.844817
301.593048, 1.655145, -1.542407
306.307648, 2.169642, 0.207483
311.022247, 1.139175, -2.016289
315.726837, 2.732206, 0.551417
320.441437, 2.765564, -1.359921
325.156036, 1.397809, -0.148465
329.870636, 1.086422, -1.936229
334.575226, 2.736019, 0.543658
339.289825, 2.759233, -1.363715
344.004425, 1.401036, -0.142617
348.719025, 1.088390, -1.936876
353.433624, 2.741210, 0.538140
358.138214, 2.763048, -1.363174
362.852814, 1.400336, -0.142871
367.567413, 1.090770, -1.936793
372.282013, 2.740419, 0.538796
376.986603, 2.763819, -1.363870
381.701202, 1.400823, -0.141324
386.415802, 1.092996, -1.936930
391.130402, 2.739839, 0.539593
395.845001, 2.751992, -1.361052
400.549591, 1.400911, -0.140392
405.264191, 1.095233, -1.937004
409.978790, 2.739220, 0.540368
414.693390, 2.753594, -1.361404
419.397980, 1.401079, -0.139342
424.112579, 1.097490, -1.937085
428.827179, 2.738598, 0.541141
433.541779, 2.755200, -1.361756
438.256378, 1.399761, -0.147400
442.960968, 1.099760, -1.937157
447.675568, 2.737962, 0.541907
452.390167, 2.756756, -1.362128
457.104767, 1.399947, -0.146319
461.809357, 1.102009, -1.937236
466.523956, 2.737338, 0.542682
471.238556, 2.758377, -1.362475
475.953156, 1.400109, -0.145276
480.667755, 1.084905, -1.936608
485.372345, 2.736710, 0.543453
490.086945, 2.759950, -1.362841
494.801544, 1.400288, -0.144205
499.516144, 1.087163, -1.936699
504.220734, 2.736081, 0.544224
508.935333, 2.761539, -1.363200
513.649902, 1.400483, -0.143116
518.364502, 1.089463, -1.936798
523.079102, 2.740823, 0.538406
527.783691, 2.763205, -1.363556
532.498291, 1.400624, -0.142075
537.212891, 1.091748, -1.936870
541.927490, 2.740183, 0.539167
546.642090, 2.751109, -1.360861
551.346680, 1.400820, -0.140968
556.061279, 1.093996, -1.936960
560.775879, 2.739568, 0.539945
565.490479, 2.752745, -1.361197
570.195068, 1.400972, -0.139938
574.909668, 1.096262, -1.937037
579.624268, 2.738933, 0.540713
584.338867, 2.754287, -1.361575
589.053467, 1.399680, -0.147962
593.758057, 1.098522, -1.937117
598.472656, 2.738300, 0.541481
603.187256, 2.755868, -1.361937
607.901855, 1.399855, -0.146894
612.606445, 1.100775, -1.937193
617.321045, 2.737682, 0.542258
622.035645, 2.757469, -1.362289
626.750244, 1.400029, -0.145839
631.464844, 1.083666, -1.936560
636.169434, 2.737054, 0.543028
640.884033, 2.759060, -1.362648
645.598633, 1.400201, -0.144776
650.313232, 1.085934, -1.936649
655.017822, 2.736417, 0.543796
659.732422, 2.760633, -1.363016
664.447021, 1.400381, -0.143707
669.161621, 1.088167, -1.936746
673.876221, 2.741179, 0.537959
678.580811, 2.762278, -1.363354
683.295410, 1.400530, -0.142679
688.010010, 1.090438, -1.936825
692.724609, 2.740559, 0.538731
697.429199, 2.763880, -1.363711
702.143799, 1.400694, -0.141623
706.858398, 1.092700, -1.936907
711.572998, 2.739916, 0.539496
716.287598, 2.751785, -1.361012
720.992188, 1.400893, -0.140521
725.706787, 1.094948, -1.936998
730.421387, 2.739308, 0.540277
735.135986, 2.753442, -1.361343
739.840576, 1.401037, -0.139500
744.555176, 1.097221, -1.937070
749.269775, 2.738662, 0.541036
753.984375, 2.754936, -1.361737
758.698975, 1.399767, -0.147496
763.403564, 1.099466, -1.937155
768.118164, 2.738048, 0.541815
772.832764, 2.756562, -1.362067
777.547363, 1.399914, -0.146481
782.251953, 1.101702, -1.937222
786.966553, 2.737421, 0.542573
791.681152, 2.758119, -1.362440
796.395752, 1.400100, -0.145400
801.110352, 1.084595, -1.936596
805.814941, 2.736792, 0.543345
810.529541, 2.759708, -1.362798
815.244141, 1.400275, -0.144338
819.958740, 1.086857, -1.936688
824.663330, 2.736164, 0.544117
829.377930, 2.761312, -1.363154
834.092529, 1.400440, -0.143285
838.807129, 1.089117, -1.936774
843.521729, 2.740906, 0.538265
848.226318, 2.762838, -1.363540
852.940918, 1.400638, -0.142187
857.655518, 1.091372, -1.936865
862.370117, 2.740286, 0.539042
867.074707, 2.764463, -1.363890
871.789307, 1.400792, -0.141145
876.503906, 1.093630, -1.936946
881.218506, 2.739664, 0.539815
885.933105, 2.752455, -1.361153
890.637695, 1.400957, -0.140093
895.352295, 1.095888, -1.937027
900.066895, 2.739032, 0.540585
904.781494, 2.754019, -1.361519
909.486084, 1.401135, -0.139021
914.200684, 1.098140, -1.937109
918.915283, 2.738417, 0.541364
923.629883, 2.755648, -1.361859
928.344482, 1.399812, -0.147095
933.049072, 1.100400, -1.937181
937.763672, 2.737782, 0.542130
942.478271, 2.757209, -1.362229
947.192871, 1.399997, -0.146017
951.907471, 1.083297, -1.936543
956.612061, 2.737151, 0.542901
961.326660, 2.758791, -1.362593
966.041260, 1.400174, -0.144948
970.755859, 1.085550, -1.936637
975.460449, 2.736530, 0.543676
980.175049, 2.760418, -1.362939
984.889648, 1.400330, -0.143907
989.604248, 1.087813, -1.936722
994.318848, 2.741269, 0.537824
