time,theta,omega
202.627914, 1.599678, 0.009413
207.345322, 1.161272, -1.919200
212.052734, 2.606801, 0.458737
216.770142, 2.300319, -1.535872
221.477554, 1.683565, 0.043308
226.194962, 1.131051, -1.939771
230.902374, 2.635635, 0.476936
235.619781, 2.411217, -1.483995
240.327194, 1.586095, 0.003481
245.044601, 1.167019, -1.915409
249.752014, 2.601206, 0.455086
254.469421, 2.279020, -1.545741
259.181671, 1.699521, 0.046743
263.896271, 1.140347, -1.937727
268.610870, 2.622084, 0.462297
273.315460, 2.368616, -1.506513
278.030060, 1.623218, 0.018080
282.744659, 1.167026, -1.920007
287.459259, 2.597696, 0.447983
292.163849, 2.281642, -1.548008
296.878448, 1.701598, 0.050418
301.593048, 1.144679, -1.938200
306.307648, 2.621292, 0.464200
311.022247, 2.358177, -1.505593
315.726837, 1.622214, 0.020024
320.441437, 1.171882, -1.919826
325.156036, 2.596292, 0.449491
329.870636, 2.268442, -1.548540
334.575226, 1.702665, 0.053235
339.289825, 1.148917, -1.938553
344.004425, 2.620515, 0.466095
348.719025, 2.362844, -1.505176
353.433624, 1.621286, 0.011905
358.138214, 1.176750, -1.919625
362.852814, 2.594880, 0.450991
367.567413, 2.270709, -1.549196
372.282013, 1.704191, 0.045930
376.986603, 1.153170, -1.938894
381.701202, 2.619708, 0.467978
386.415802, 2.367431, -1.504792
391.130402, 1.620315, 0.013855
395.845001, 1.162408, -1.919135
400.549591, 2.593472, 0.452491
405.264191, 2.272979, -1.549845
409.978790, 1.705279, 0.048746
414.693390, 1.138011, -1.938759
419.397980, 2.618913, 0.469859
424.112579, 2.372020, -1.504413
428.827179, 1.619347, 0.015809
433.541779, 1.167252, -1.918972
438.256378, 2.596535, 0.446568
442.960968, 2.275328, -1.550463
447.675568, 1.706301, 0.051549
452.390167, 1.142278, -1.939108
457.104767, 2.622724, 0.464437
461.809357, 2.376520, -1.504081
466.523956, 1.618449, 0.017794
471.238556, 1.172074, -1.918815
475.953156, 2.595167, 0.448097
480.667755, 2.262226, -1.550958
485.372345, 1.707263, 0.054327
490.086945, 1.146554, -1.939443
494.801544, 2.621913, 0.466310
499.516144, 2.366019, -1.503178
504.220734, 1.617521, 0.019762
508.935333, 1.176908, -1.918642
513.649902, 2.593819, 0.449659
518.364502, 2.264797, -1.551493
523.079102, 1.708579, 0.046960
527.783691, 1.150930, -1.939742
532.498291, 2.621025, 0.468171
537.212891, 2.370377, -1.502933
541.927490, 1.616899, 0.011809
546.642090, 1.162535, -1.918220
551.346680, 2.592474, 0.451216
556.061279, 2.267331, -1.552022
560.775879, 1.709446, 0.049701
565.490479, 1.135846, -1.939544
570.195068, 2.620170, 0.470019
574.909668, 2.374781, -1.502646
579.624268, 1.616089, 0.013830
584.338867, 1.167326, -1.918095
589.053467, 2.595587, 0.445320
593.758057, 2.269883, -1.552543
598.472656, 1.710283, 0.052432
603.187256, 1.140166, -1.939859
607.901855, 2.623944, 0.464573
612.606445, 2.379122, -1.502387
617.321045, 1.615340, 0.015867
622.035645, 1.172078, -1.917980
626.750244, 2.594292, 0.446894
631.464844, 2.257033, -1.552924
636.169434, 1.711008, 0.055119
640.884033, 1.144510, -1.940145
645.598633, 2.623049, 0.466395
650.313232, 2.368316, -1.501620
655.017822, 1.614690, 0.017949
659.732422, 1.176812, -1.917876
664.447021, 2.593009, 0.448479
669.161621, 2.259759, -1.553362
673.876221, 1.712159, 0.047650
678.580811, 1.148863, -1.940413
683.295410, 2.622150, 0.468215
688.010010, 2.372511, -1.501430
692.724609, 1.614156, 0.010006
697.429199, 1.181533, -1.917767
702.143799, 2.591732, 0.450067
706.858398, 2.262522, -1.553784
711.572998, 1.712820, 0.050315
716.287598, 1.133821, -1.940159
720.992188, 2.621232, 0.470024
725.706787, 2.376676, -1.501254
730.421387, 1.613558, 0.012110
735.135986, 1.167066, -1.917402
739.840576, 2.590464, 0.451664
744.555176, 2.265335, -1.554178
749.269775, 1.713434, 0.052960
753.984375, 1.138191, -1.940433
758.698975, 2.624953, 0.464546
763.403564, 2.380824, -1.501089
768.118164, 1.612979, 0.014216
772.832764, 1.171746, -1.917324
777.547363, 2.593667, 0.445804
782.251953, 2.268155, -1.554559
786.966553, 1.714016, 0.055577
791.681152, 1.142548, -1.940692
796.395752, 2.624038, 0.466335
801.110352, 2.369886, -1.500368
805.814941, 1.612438, 0.016325
810.529541, 1.176421, -1.917253
815.244141, 2.592443, 0.447424
819.958740, 2.255560, -1.554830
824.663330, 1.714490, 0.058170
829.377930, 1.146949, -1.940923
834.092529, 2.623082, 0.468119
838.807129, 2.373872, -1.500276
843.521729, 1.612068, 0.008456
848.226318, 1.181070, -1.917193
852.940918, 2.591235, 0.449055
857.655518, 2.258558, -1.555138
862.370117, 1.715431, 0.050615
867.074707, 1.151371, -1.941138
871.789307, 2.622118, 0.469895
876.503906, 2.377847, -1.500189
881.218506, 1.611641, 0.010627
885.933105, 1.166541, -1.916867
890.637695, 2.590033, 0.450693
895.352295, 2.261605, -1.555421
900.066895, 1.715831, 0.053179
904.781494, 1.136377, -1.940850
909.486084, 2.621140, 0.471666
914.200684, 2.381778, -1.500127
918.915283, 1.611244, 0.012813
923.629883, 1.171157, -1.916843
928.344482, 2.593298, 0.444890
933.049072, 2.264724, -1.555671
937.763672, 1.716168, 0.055719
942.478271, 1.140812, -1.941066
947.192871, 2.624807, 0.466149
951.907471, 2.370674, -1.499492
956.612061, 1.610880, 0.015007
961.326660, 1.175775, -1.916816
966.041260, 2.592121, 0.446541
970.755859, 2.252289, -1.555870
975.460449, 1.716496, 0.058256
980.175049, 1.145237, -1.941275
984.889648, 2.623837, 0.467920
989.604248, 2.374591, -1.499431
994.318848, 1.610563, 0.007162
