time,theta,omega
202.627914, 2.118582, 0.203144
207.345322, 1.574219, -1.771845
212.052734, 2.118677, 0.203137
216.770142, 1.574212, -1.771830
221.477554, 2.118638, 0.203079
226.194962, 1.574102, -1.771846
230.902374, 2.118665, 0.203047
235.619781, 1.574044, -1.771846
240.327194, 2.118667, 0.203004
245.044601, 1.573963, -1.771854
249.752014, 2.118678, 0.202966
254.469421, 1.573894, -1.771857
259.181671, 2.115930, 0.198977
263.896271, 1.584852, -1.765664
268.610870, 2.102956, 0.189427
273.315460, 1.584046, -1.767998
278.030060, 2.109588, 0.197772
282.744659, 1.582135, -1.766882
287.459259, 2.106185, 0.191891
292.163849, 1.588724, -1.767123
296.878448, 2.107487, 0.198152
301.593048, 1.582736, -1.767153
306.307648, 2.107023, 0.193419
311.022247, 1.573910, -1.767965
315.726837, 2.106681, 0.199039
320.441437, 1.584356, -1.767136
325.156036, 2.107109, 0.194655
329.870636, 1.576213, -1.767759
334.575226, 2.106275, 0.200084
339.289825, 1.586272, -1.767035
344.004425, 2.107005, 0.195814
348.719025, 1.578369, -1.767595
353.433624, 2.107902, 0.191614
358.138214, 1.588279, -1.766903
362.852814, 2.106814, 0.196942
367.567413, 1.580457, -1.767448
372.282013, 2.107664, 0.192723
376.986603, 1.590337, -1.766761
381.701202, 2.106590, 0.198056
386.415802, 1.582519, -1.767300
391.130402, 2.107432, 0.193825
395.845001, 1.574686, -1.767838
400.549591, 2.106380, 0.199169
405.264191, 1.584570, -1.767168
409.978790, 2.107219, 0.194946
414.693390, 1.576757, -1.767697
419.397980, 2.106148, 0.200279
424.112579, 1.586632, -1.767022
428.827179, 2.107004, 0.196062
433.541779, 1.578828, -1.767555
438.256378, 2.107827, 0.191832
442.960968, 1.588682, -1.766880
447.675568, 2.106786, 0.197178
452.390167, 1.580889, -1.767417
457.104767, 2.107616, 0.192951
461.809357, 1.590750, -1.766734
466.523956, 2.106547, 0.198288
471.238556, 1.582943, -1.767280
475.953156, 2.107396, 0.194067
480.667755, 1.575135, -1.767805
485.372345, 2.106318, 0.199400
490.086945, 1.585001, -1.767139
494.801544, 2.107183, 0.195185
499.516144, 1.577205, -1.767665
504.220734, 2.106087, 0.200513
508.935333, 1.587068, -1.766989
513.649902, 2.106982, 0.196328
518.364502, 1.579333, -1.767523
523.079102, 2.107773, 0.192097
527.783691, 1.589178, -1.766845
532.498291, 2.106725, 0.197441
537.212891, 1.581378, -1.767385
541.927490, 2.107561, 0.193216
546.642090, 1.573557, -1.767911
551.346680, 2.106507, 0.198557
556.061279, 1.583440, -1.767243
560.775879, 2.107340, 0.194332
565.490479, 1.575617, -1.767776
570.195068, 2.106282, 0.199671
574.909668, 1.585507, -1.767100
579.624268, 2.107111, 0.195445
584.338867, 1.577683, -1.767636
589.053467, 2.107959, 0.191223
593.758057, 1.587558, -1.766960
598.472656, 2.106902, 0.196563
603.187256, 1.579755, -1.767493
607.901855, 2.107731, 0.192336
612.606445, 1.589621, -1.766812
617.321045, 2.106674, 0.197677
622.035645, 1.581807, -1.767355
626.750244, 2.107525, 0.193456
631.464844, 1.573997, -1.767881
636.169434, 2.106454, 0.198792
640.884033, 1.583881, -1.767212
645.598633, 2.107292, 0.194569
650.313232, 1.576060, -1.767745
655.017822, 2.106227, 0.199906
659.732422, 1.585938, -1.767072
664.447021, 2.107076, 0.195687
669.161621, 1.578133, -1.767604
673.876221, 2.107906, 0.191459
678.580811, 1.587999, -1.766926
683.295410, 2.106851, 0.196798
688.010010, 1.580189, -1.767465
692.724609, 2.107694, 0.192575
697.429199, 1.590060, -1.766780
702.143799, 2.106625, 0.197912
706.858398, 1.582256, -1.767325
711.572998, 2.107467, 0.193690
716.287598, 1.574437, -1.767852
720.992188, 2.106405, 0.199027
725.706787, 1.584313, -1.767184
730.421387, 2.107250, 0.194806
735.135986, 1.576507, -1.767714
739.840576, 2.106175, 0.200139
744.555176, 1.586371, -1.767042
749.269775, 2.107033, 0.195923
753.984375, 1.578569, -1.767573
758.698975, 2.107864, 0.191695
763.403564, 1.588436, -1.766899
768.118164, 2.106805, 0.197034
772.832764, 1.580621, -1.767428
777.547363, 2.107630, 0.192791
782.251953, 1.590458, -1.766754
786.966553, 2.106589, 0.198138
791.681152, 1.582669, -1.767294
796.395752, 2.107424, 0.193913
801.110352, 1.574855, -1.767820
805.814941, 2.106354, 0.199247
810.529541, 1.584726, -1.767155
815.244141, 2.107205, 0.195028
819.958740, 1.576918, -1.767684
824.663330, 2.106128, 0.200358
829.377930, 1.586785, -1.767012
834.092529, 2.106983, 0.196143
838.807129, 1.578977, -1.767547
843.521729, 2.107820, 0.191919
848.226318, 1.588842, -1.766868
852.940918, 2.106761, 0.197257
857.655518, 1.581043, -1.767405
862.370117, 2.107589, 0.193030
867.074707, 1.590898, -1.766724
871.789307, 2.106539, 0.198373
876.503906, 1.583101, -1.767265
881.218506, 2.107380, 0.194149
885.933105, 1.575295, -1.767794
890.637695, 2.106307, 0.199483
895.352295, 1.585156, -1.767125
900.066895, 2.107161, 0.195265
904.781494, 1.577351, -1.767656
909.486084, 2.106077, 0.200597
914.200684, 1.587221, -1.766981
918.915283, 2.106930, 0.196378
923.629883, 1.579409, -1.767519
928.344482, 2.107774, 0.192155
933.049072, 1.589286, -1.766833
937.763672, 2.106708, 0.197491
942.478271, 1.581470, -1.767380
947.192871, 2.107557, 0.193274
951.907471, 1.573665, -1.767903
956.612061, 2.106487, 0.198608
961.326660, 1.583536, -1.767237
966.041260, 2.107332, 0.194385
970.755859, 1.575722, -1.767766
975.460449, 2.106253, 0.199719
980.175049, 1.585595, -1.767095
984.889648, 2.107116, 0.195505
989.604248, 1.577794, -1.767626
994.318848, 2.107939, 0.191274
