time,theta,omega
202.627914, 2.069424, 0.191670
207.345322, 1.371944, -1.877275
212.052734, 2.368408, 0.326422
216.770142, 1.770076, -1.741580
221.477554, 2.059844, 0.187656
226.194962, 1.364964, -1.878734
230.902374, 2.373316, 0.328711
235.619781, 1.779807, -1.737516
240.327194, 2.051809, 0.184292
245.044601, 1.359344, -1.879846
249.752014, 2.377232, 0.330516
254.469421, 1.787619, -1.734228
259.181671, 2.042534, 0.177605
263.896271, 1.367059, -1.874680
268.610870, 2.363634, 0.316558
273.315460, 1.779087, -1.739316
278.030060, 2.051766, 0.182934
282.744659, 1.375727, -1.873290
287.459259, 2.358652, 0.315351
292.163849, 1.772136, -1.742863
296.878448, 2.058860, 0.187042
301.593048, 1.382853, -1.872209
306.307648, 2.354769, 0.314680
311.022247, 1.749935, -1.746622
315.726837, 2.064135, 0.190419
320.441437, 1.388882, -1.871318
325.156036, 2.351647, 0.314373
329.870636, 1.746675, -1.748639
334.575226, 2.068199, 0.193303
339.289825, 1.394130, -1.870579
344.004425, 2.349086, 0.314335
348.719025, 1.744534, -1.750200
353.433624, 2.073208, 0.186118
358.138214, 1.398775, -1.869957
362.852814, 2.346954, 0.314502
367.567413, 1.743212, -1.751427
372.282013, 2.075721, 0.188373
376.986603, 1.402965, -1.869430
381.701202, 2.345137, 0.314823
386.415802, 1.742520, -1.752392
391.130402, 2.077704, 0.190405
395.845001, 1.388082, -1.869553
400.549591, 2.343595, 0.315265
405.264191, 1.742314, -1.753168
409.978790, 2.079306, 0.192288
414.693390, 1.391650, -1.869172
419.397980, 2.342232, 0.315802
424.112579, 1.742483, -1.753789
428.827179, 2.080599, 0.194043
433.541779, 1.394970, -1.868846
438.256378, 2.344129, 0.307722
442.960968, 1.743000, -1.754269
447.675568, 2.081612, 0.195682
452.390167, 1.398100, -1.868558
457.104767, 2.343081, 0.308408
461.809357, 1.743758, -1.754651
466.523956, 2.082431, 0.197239
471.238556, 1.401088, -1.868302
475.953156, 2.342136, 0.309143
480.667755, 1.727142, -1.756089
485.372345, 2.083094, 0.198734
490.086945, 1.403949, -1.868073
494.801544, 2.341284, 0.309924
499.516144, 1.728270, -1.756329
504.220734, 2.083607, 0.200165
508.935333, 1.406713, -1.867862
513.649902, 2.340526, 0.310769
518.364502, 1.729629, -1.756494
523.079102, 2.085897, 0.191908
527.783691, 1.409412, -1.867678
532.498291, 2.339798, 0.311619
537.212891, 1.731004, -1.756632
541.927490, 2.086214, 0.193259
546.642090, 1.393328, -1.868089
551.346680, 2.339144, 0.312493
556.061279, 1.732509, -1.756719
560.775879, 2.086428, 0.194570
565.490479, 1.395852, -1.867944
570.195068, 2.338528, 0.313389
574.909668, 1.734078, -1.756778
579.624268, 2.086597, 0.195859
584.338867, 1.398336, -1.867808
589.053467, 2.341003, 0.305578
593.758057, 1.735715, -1.756811
598.472656, 2.086705, 0.197124
603.187256, 1.400772, -1.867682
607.901855, 2.340460, 0.306504
612.606445, 1.737416, -1.756818
617.321045, 2.086765, 0.198368
622.035645, 1.403184, -1.867559
626.750244, 2.339941, 0.307444
631.464844, 1.721573, -1.757931
636.169434, 2.086790, 0.199596
640.884033, 1.405550, -1.867446
645.598633, 2.339452, 0.308398
650.313232, 1.723383, -1.757900
655.017822, 2.086750, 0.200801
659.732422, 1.407888, -1.867335
664.447021, 2.338981, 0.309360
669.161621, 1.725214, -1.757859
673.876221, 2.088626, 0.192342
678.580811, 1.410207, -1.867227
683.295410, 2.338517, 0.310325
688.010010, 1.727066, -1.757809
692.724609, 2.088567, 0.193535
697.429199, 1.412500, -1.867127
702.143799, 2.338087, 0.311306
706.858398, 1.728978, -1.757734
711.572998, 2.088454, 0.194709
716.287598, 1.396095, -1.867625
720.992188, 2.337658, 0.312289
725.706787, 1.730899, -1.757654
730.421387, 2.088338, 0.195881
735.135986, 1.398363, -1.867540
739.840576, 2.337228, 0.313273
744.555176, 1.732829, -1.757570
749.269775, 2.088211, 0.197047
753.984375, 1.400613, -1.867457
758.698975, 2.339872, 0.305542
763.403564, 1.734782, -1.757474
768.118164, 2.088062, 0.198204
772.832764, 1.402826, -1.867377
777.547363, 2.339473, 0.306522
782.251953, 1.736700, -1.757385
786.966553, 2.087929, 0.199352
791.681152, 1.405061, -1.867298
796.395752, 2.339085, 0.307523
801.110352, 1.721107, -1.758400
805.814941, 2.087745, 0.200495
810.529541, 1.407284, -1.867214
815.244141, 2.338694, 0.308524
819.958740, 1.723088, -1.758302
824.663330, 2.087572, 0.201643
829.377930, 1.409503, -1.867133
834.092529, 2.338306, 0.309527
838.807129, 1.725081, -1.758195
843.521729, 2.089319, 0.193132
848.226318, 1.411723, -1.867047
852.940918, 2.337926, 0.310530
857.655518, 1.727087, -1.758084
862.370117, 2.089133, 0.194275
867.074707, 1.413923, -1.866969
871.789307, 2.337547, 0.311540
876.503906, 1.729105, -1.757966
881.218506, 2.088943, 0.195415
885.933105, 1.397452, -1.867487
890.637695, 2.337168, 0.312546
895.352295, 1.731113, -1.757851
900.066895, 2.088755, 0.196555
904.781494, 1.399657, -1.867418
909.486084, 2.336794, 0.313555
914.200684, 1.733137, -1.757729
918.915283, 2.088552, 0.197690
923.629883, 1.401850, -1.867350
928.344482, 2.339473, 0.305840
933.049072, 1.735151, -1.757609
937.763672, 2.088359, 0.198828
942.478271, 1.404060, -1.867271
947.192871, 2.339105, 0.306848
951.907471, 1.719575, -1.758613
956.612061, 2.088158, 0.199965
961.326660, 1.406257, -1.867200
966.041260, 2.338734, 0.307860
970.755859, 1.721609, -1.758494
975.460449, 2.087947, 0.201097
980.175049, 1.408452, -1.867125
984.889648, 2.338368, 0.308874
989.604248, 1.723643, -1.758372
994.318848, 2.089653, 0.192569
