time,theta,omega
202.627914, -2.545291, 1.428156
207.345322, -1.483185, 0.050329
212.052734, -1.222723, 1.887144
216.770142, -2.564382, -0.427667
221.477554, -2.143471, 1.614468
226.194962, -1.834205, -0.096301
230.902374, -1.116502, 1.967813
235.619781, -2.670078, -0.495171
240.327194, -2.545983, 1.427708
245.044601, -1.482428, 0.050890
249.752014, -1.222863, 1.886882
254.469421, -2.564040, -0.427291
259.181671, -2.145064, 1.610345
263.896271, -1.820596, -0.091498
268.610870, -1.115793, 1.960341
273.315460, -2.645559, -0.486246
278.030060, -2.467808, 1.460453
282.744659, -1.538203, 0.021336
287.459259, -1.193313, 1.899648
292.163849, -2.569228, -0.438377
296.878448, -2.183537, 1.593823
301.593048, -1.789409, -0.081878
306.307648, -1.120233, 1.956691
311.022247, -2.647711, -0.479386
315.726837, -2.464235, 1.463908
320.441437, -1.544152, 0.016317
325.156036, -1.194689, 1.901510
329.870636, -2.575374, -0.434308
334.575226, -2.197000, 1.589216
339.289825, -1.780551, -0.080897
344.004425, -1.125185, 1.955641
348.719025, -2.645830, -0.480470
353.433624, -2.449727, 1.464643
358.138214, -1.546974, 0.012743
362.852814, -1.197678, 1.902404
367.567413, -2.575708, -0.436887
372.282013, -2.189454, 1.587195
376.986603, -1.776257, -0.081673
381.701202, -1.129986, 1.955197
386.415802, -2.644297, -0.481825
391.130402, -2.451339, 1.465702
395.845001, -1.548329, 0.019653
400.549591, -1.201325, 1.902893
405.264191, -2.575418, -0.439079
409.978790, -2.195653, 1.585980
414.693390, -1.774585, -0.073026
419.397980, -1.134678, 1.955009
424.112579, -2.642956, -0.483328
428.827179, -2.453804, 1.466372
433.541779, -1.549192, 0.016974
438.256378, -1.186337, 1.903031
442.960968, -2.574769, -0.441061
447.675568, -2.200628, 1.585342
452.390167, -1.773286, -0.074957
457.104767, -1.119766, 1.954348
461.809357, -2.641714, -0.484909
466.523956, -2.456719, 1.466835
471.238556, -1.549667, 0.014471
475.953156, -1.190554, 1.903207
480.667755, -2.578305, -0.435407
485.372345, -2.205043, 1.584965
490.086945, -1.772481, -0.077078
494.801544, -1.124386, 1.954409
499.516144, -2.645298, -0.479351
504.220734, -2.459776, 1.467235
508.935333, -1.550018, 0.012022
513.649902, -1.194804, 1.903368
518.364502, -2.577500, -0.437321
523.079102, -2.193688, 1.584742
527.783691, -1.771645, -0.079218
532.498291, -1.129046, 1.954466
537.212891, -2.644103, -0.480996
541.927490, -2.448288, 1.466614
546.642090, -1.550109, 0.019477
551.346680, -1.199215, 1.903433
556.061279, -2.576523, -0.439102
560.775879, -2.197510, 1.584645
565.490479, -1.772069, -0.071389
570.195068, -1.133609, 1.954592
574.909668, -2.642982, -0.482663
579.624268, -2.451679, 1.466856
584.338867, -1.550183, 0.017153
589.053467, -1.184588, 1.903330
593.758057, -2.575536, -0.440877
598.472656, -2.201317, 1.584555
603.187256, -1.771816, -0.073721
607.901855, -1.118634, 1.954075
612.606445, -2.641855, -0.484328
617.321045, -2.455070, 1.467100
622.035645, -1.550257, 0.014832
626.750244, -1.189032, 1.903378
631.464844, -2.578863, -0.435096
636.169434, -2.204996, 1.584525
640.884033, -1.771667, -0.076096
645.598633, -1.123189, 1.954240
650.313232, -2.645521, -0.478829
655.017822, -2.458500, 1.467327
659.732422, -1.550294, 0.012527
664.447021, -1.193475, 1.903412
669.161621, -2.577852, -0.436854
673.876221, -2.192844, 1.584651
678.580811, -1.771504, -0.078462
683.295410, -1.127747, 1.954395
688.010010, -2.644409, -0.480502
692.724609, -2.447241, 1.466578
697.429199, -1.550345, 0.010215
702.143799, -1.197897, 1.903448
706.858398, -2.576850, -0.438618
711.572998, -2.196576, 1.584595
716.287598, -1.772000, -0.070662
720.992188, -1.132304, 1.954535
725.706787, -2.643293, -0.482174
730.421387, -2.450655, 1.466809
735.135986, -1.550204, 0.017803
739.840576, -1.202325, 1.903471
744.555176, -2.575842, -0.440379
749.269775, -2.200292, 1.584549
753.984375, -1.771830, -0.073028
758.698975, -1.117331, 1.954019
763.403564, -2.642166, -0.483840
768.118164, -2.454041, 1.467052
772.832764, -1.550267, 0.015499
777.547363, -1.187705, 1.903376
782.251953, -2.574834, -0.442126
786.966553, -2.203981, 1.584502
791.681152, -1.771649, -0.075374
796.395752, -1.121854, 1.954184
801.110352, -2.645835, -0.478329
805.814941, -2.457438, 1.467284
810.529541, -1.550328, 0.013185
815.244141, -1.192152, 1.903414
819.958740, -2.578161, -0.436344
824.663330, -2.207642, 1.584479
829.377930, -1.771511, -0.077752
834.092529, -1.126411, 1.954343
838.807129, -2.644727, -0.480004
843.521729, -2.446197, 1.466528
848.226318, -1.550366, 0.010880
852.940918, -1.196588, 1.903445
857.655518, -2.577153, -0.438104
862.370117, -2.195502, 1.584601
867.074707, -1.771331, -0.080113
871.789307, -1.130967, 1.954489
876.503906, -2.643614, -0.481677
881.218506, -2.449612, 1.466758
885.933105, -1.550215, 0.018470
890.637695, -1.201021, 1.903469
895.352295, -2.576148, -0.439866
900.066895, -2.199227, 1.584549
904.781494, -1.771858, -0.072323
909.486084, -1.135539, 1.954620
914.200684, -2.642483, -0.483340
918.915283, -2.452981, 1.467011
923.629883, -1.550318, 0.016137
928.344482, -1.186377, 1.903389
933.049072, -2.575170, -0.441647
937.763672, -2.203071, 1.584441
942.478271, -1.771563, -0.074639
947.192871, -1.120547, 1.954118
951.907471, -2.646145, -0.477840
956.612061, -2.456418, 1.467234
961.326660, -1.550346, 0.013834
966.041260, -1.190837, 1.903421
970.755859, -2.578488, -0.435859
975.460449, -2.206703, 1.584433
980.175049, -1.771454, -0.077029
984.889648, -1.125119, 1.954280
989.604248, -2.645025, -0.479508
994.318848, -2.445129, 1.466501
