time,theta,omega
202.627914, 2.466020, 1.159397
207.345322, -2.759176, -1.150565
212.052734, 1.142067, 1.628953
216.770142, 2.096472, -1.568336
221.477554, 1.900958, 0.117632
226.194962, 0.938823, -2.047397
230.902374, 2.909822, 0.661706
235.619781, -2.553147, -1.158053
240.327194, 2.395603, 1.167304
245.044601, -2.995246, -1.182904
249.752014, -2.480244, 1.000819
254.469421, -1.477192, 0.172695
259.181671, -0.969777, 1.984247
263.896271, -2.858779, -0.617176
268.610870, 2.912840, 1.177929
273.315460, 1.070844, -1.815615
278.030060, 2.718048, 0.515307
282.744659, 2.610567, -1.428445
287.459259, 1.494951, -0.066762
292.163849, 1.034514, -1.973949
296.878448, 2.812375, 0.592282
301.593048, 3.129714, -1.236805
306.307648, 1.944065, -0.221554
311.022247, 0.654390, -2.096406
315.726837, 3.112851, 0.799790
320.441437, -0.302816, -1.918517
325.156036, -2.501654, 1.259474
329.870636, -1.502014, 0.091339
334.575226, -1.013227, 1.980346
339.289825, -2.829975, -0.603729
344.004425, 3.055409, 1.211470
348.719025, -2.774953, -0.239549
353.433624, -2.117533, 1.660418
358.138214, -1.922264, -0.138839
362.852814, -0.977672, 2.041932
367.567413, -2.876771, -0.637176
372.282013, 2.775276, 1.161505
376.986603, -0.913873, -1.726147
381.701202, -2.182938, 1.502533
386.415802, -1.808173, -0.073812
391.130402, -0.935398, 2.035914
395.845001, -2.901781, -0.648634
400.549591, 2.627332, 1.161680
405.264191, -1.993588, -1.262125
409.978790, -2.444978, 1.472787
414.693390, -1.616113, 0.003614
419.397980, -0.984181, 2.004109
424.112579, -2.860035, -0.625212
428.827179, 2.874234, 1.176885
433.541779, 0.479364, -1.953630
438.256378, -3.073185, 0.840351
442.960968, 1.514320, -1.622407
447.675568, 2.318219, 0.286390
452.390167, 1.354882, -1.965911
457.104767, 2.585202, 0.459270
461.809357, 2.134825, -1.650919
466.523956, 1.916351, 0.134621
471.238556, 0.973108, -2.041791
475.953156, 2.879353, 0.637972
480.667755, -2.763548, -1.159636
485.372345, 1.043783, 1.671342
490.086945, 2.139298, -1.537842
494.801544, 1.854020, 0.093755
499.516144, 0.940418, -2.039774
504.220734, 2.892708, 0.652476
508.935333, -2.646192, -1.160992
513.649902, 1.889997, 1.298145
518.364502, 2.322944, -1.523056
523.079102, 1.719687, 0.041560
527.783691, 0.958090, -2.023630
532.498291, 2.885431, 0.642557
537.212891, -2.716581, -1.160100
541.927490, 1.433100, 1.489767
546.642090, 2.086950, -1.596850
551.346680, 1.910885, 0.125363
556.061279, 0.965531, -2.043049
560.775879, 2.885325, 0.642053
565.490479, -2.724997, -1.157109
570.195068, 1.385667, 1.518571
574.909668, 2.094890, -1.594287
579.624268, 1.912142, 0.122120
584.338867, 0.958868, -2.042526
589.053467, 2.887462, 0.640232
593.758057, -2.716765, -1.163777
598.472656, 1.394076, 1.511318
603.187256, 2.089906, -1.594750
607.901855, 1.912505, 0.118888
612.606445, 0.972668, -2.043790
617.321045, 2.883133, 0.644105
622.035645, -2.720638, -1.160555
626.750244, 1.398070, 1.506073
631.464844, 2.084668, -1.594921
636.169434, 1.911715, 0.125641
640.884033, 0.966030, -2.043190
645.598633, 2.885210, 0.642233
650.313232, -2.724417, -1.157334
655.017822, 1.387707, 1.517898
659.732422, 2.095415, -1.594431
664.447021, 1.912111, 0.122389
669.161621, 0.959397, -2.042567
673.876221, 2.887278, 0.640357
678.580811, -2.716643, -1.164032
683.295410, 1.392387, 1.512351
688.010010, 2.090222, -1.594647
692.724609, 1.912482, 0.119127
697.429199, 0.973174, -2.043836
702.143799, 2.882982, 0.644253
706.858398, -2.720289, -1.160797
711.572998, 1.398221, 1.506265
716.287598, 2.085087, -1.594940
720.992188, 1.911687, 0.125894
725.706787, 0.966545, -2.043234
730.421387, 2.885051, 0.642374
735.135986, -2.724107, -1.157578
739.840576, 1.387514, 1.518245
744.555176, 2.095827, -1.594423
749.269775, 1.912079, 0.122636
753.984375, 0.959900, -2.042617
758.698975, 2.887126, 0.640502
763.403564, -2.716326, -1.164276
768.118164, 1.392264, 1.512666
772.832764, 2.090623, -1.594638
777.547363, 1.912440, 0.119356
782.251953, 0.973651, -2.043874
786.966553, 2.882816, 0.644377
791.681152, -2.720119, -1.161035
796.395752, 1.397049, 1.507045
801.110352, 2.085417, -1.594867
805.814941, 1.911665, 0.126118
810.529541, 0.967004, -2.043283
815.244141, 2.884911, 0.642513
819.958740, -2.723816, -1.157808
824.663330, 1.387358, 1.518558
829.377930, 2.096211, -1.594419
834.092529, 1.912047, 0.122869
838.807129, 0.960375, -2.042662
843.521729, 2.886980, 0.640638
848.226318, -2.716056, -1.164506
852.940918, 1.391918, 1.513069
857.655518, 2.091000, -1.594631
862.370117, 1.912426, 0.119611
867.074707, 0.974155, -2.043922
871.789307, 2.882667, 0.644524
876.503906, -2.719779, -1.161275
881.218506, 1.397135, 1.507265
885.933105, 2.085836, -1.594881
890.637695, 1.911628, 0.126371
895.352295, 0.967517, -2.043326
900.066895, 2.884742, 0.642651
904.781494, -2.723576, -1.158054
909.486084, 1.386612, 1.519159
914.200684, 2.096587, -1.594375
918.915283, 1.912011, 0.123112
923.629883, 0.960871, -2.042710
928.344482, 2.886829, 0.640785
933.049072, -2.715706, -1.164751
937.763672, 1.392061, 1.513263
942.478271, 2.091428, -1.594647
947.192871, 1.912393, 0.119861
951.907471, 0.954236, -2.042073
956.612061, 2.882509, 0.644668
961.326660, -2.719498, -1.161522
966.041260, 1.396713, 1.507721
970.755859, 2.086230, -1.594859
975.460449, 1.911593, 0.126616
980.175049, 0.968017, -2.043372
984.889648, 2.884586, 0.642794
989.604248, -2.723290, -1.158299
994.318848, 1.401296, 1.502195
