time,theta,omega
202.627914, 2.591353, 0.466192
207.345322, 2.166032, -1.625822
212.052734, 1.868829, 0.114564
216.770142, 0.975445, -2.029132
221.477554, 2.856376, 0.624462
226.194962, -2.877675, -1.168578
230.902374, -0.492378, 1.953496
235.619781, 3.090886, -0.827382
240.327194, -1.170276, 1.777966
245.044601, -2.621361, -0.451202
249.752014, -2.217881, 1.605889
254.469421, -1.829602, -0.093040
259.181671, -0.982051, 2.022849
263.896271, -2.844526, -0.611567
268.610870, 2.961335, 1.179046
273.315460, 1.944058, -1.367978
278.030060, 1.889674, 0.083529
282.744659, 0.965123, -2.032799
287.459259, 2.859406, 0.620911
292.163849, -2.865553, -1.172179
296.878448, -0.390130, 1.962113
301.593048, 3.025024, -0.876653
306.307648, -2.738243, 0.805033
311.022247, -1.891179, 0.235319
315.726837, -0.711039, 2.082299
320.441437, -3.058150, -0.757230
325.156036, 1.181087, 1.605515
329.870636, 2.130441, -1.545654
334.575226, 1.844400, 0.096916
339.289825, 0.987079, -2.024915
344.004425, 2.843660, 0.613642
348.719025, -2.954173, -1.180145
353.433624, -1.853883, 1.419804
358.138214, -1.966121, -0.119479
362.852814, -0.997719, 2.035293
367.567413, -2.839546, -0.611610
372.282013, 2.977723, 1.183645
376.986603, 2.273014, -1.147463
381.701202, 1.585081, -0.057715
386.415802, 0.995622, -1.987335
391.130402, 2.821350, 0.593231
395.845001, -3.100802, -1.211084
400.549591, 2.360405, -0.023257
405.264191, 1.018277, -2.064939
409.978790, 2.836992, 0.614260
414.693390, -2.979189, -1.183988
419.397980, -2.300421, 1.128183
424.112579, -1.562789, 0.071025
428.827179, -1.003861, 1.982214
433.541779, -2.813595, -0.588049
438.256378, -3.139698, 1.222701
442.960968, -2.030702, 0.187726
447.675568, -0.718662, 2.094697
452.390167, -3.055540, -0.755505
457.104767, 1.223717, 1.584464
461.809357, 2.136721, -1.552254
466.523956, 1.852355, 0.098712
471.238556, 0.984883, -2.025174
475.953156, 2.843945, 0.612107
480.667755, -2.960830, -1.179558
485.372345, -1.948566, 1.365470
490.086945, -1.886052, -0.082587
494.801544, -0.965439, 2.032712
499.516144, -2.859567, -0.621575
504.220734, 2.861873, 1.172295
508.935333, 0.342557, -1.965703
513.649902, -2.987686, 0.903934
518.364502, -2.861640, -0.300260
523.079102, -2.534281, 1.459437
527.783691, -1.538022, 0.028671
532.498291, -1.051965, 1.967600
537.212891, -2.775220, -0.564884
541.927490, -2.944694, 1.285999
546.642090, -1.421324, 0.270306
551.346680, -1.011855, 1.961454
556.061279, -2.801537, -0.580584
560.775879, -3.079867, 1.242627
565.490479, -1.710325, 0.291478
570.195068, -0.753105, 2.055215
574.909668, -3.020056, -0.729501
579.624268, 1.634615, 1.401500
584.338867, 2.171335, -1.568953
589.053467, 1.829984, 0.085761
593.758057, 0.990269, -2.022866
598.472656, 2.841206, 0.612613
603.187256, -2.965314, -1.183038
607.901855, -2.077735, 1.276461
612.606445, -1.752752, -0.026913
617.321045, -0.960472, 2.019361
622.035645, -2.859757, -0.622335
626.750244, 2.865803, 1.165317
631.464844, 0.252229, -1.963397
636.169434, -2.932133, 0.946315
640.884033, -2.164742, 0.124450
645.598633, -0.792318, 2.094349
650.313232, -3.002058, -0.718260
655.017822, 1.814171, 1.331722
659.732422, 2.292307, -1.528669
664.447021, 1.733568, 0.052195
669.161621, 0.981451, -2.009563
673.876221, 2.838227, 0.603986
678.580811, -2.999288, -1.194545
683.295410, -2.766017, 0.784010
688.010010, -2.062528, 0.169195
692.724609, -0.729491, 2.093159
697.429199, -3.037058, -0.748442
702.143799, 1.392996, 1.512750
706.858398, 2.120971, -1.574032
711.572998, 1.868904, 0.102340
716.287598, 0.979580, -2.025200
720.992188, 2.838028, 0.613695
725.706787, -2.969776, -1.186471
730.421387, -2.217051, 1.183136
735.135986, -1.627319, 0.039935
739.840576, -0.990315, 1.997332
744.555176, -2.832228, -0.605226
749.269775, 3.018658, 1.195645
753.984375, 3.007025, -0.600855
758.698975, 0.228848, 1.926477
763.403564, 2.589445, -1.197834
768.118164, 1.437257, -0.140086
772.832764, 1.069482, -1.945978
777.547363, 2.752034, 0.545988
782.251953, 2.828285, -1.335798
786.966553, 1.378908, -0.182715
791.681152, 1.105743, -1.927597
796.395752, 2.719936, 0.526265
801.110352, 2.666155, -1.394568
805.814941, 1.439769, -0.094051
810.529541, 1.098222, -1.939976
815.244141, 2.731351, 0.535556
819.958740, 2.726076, -1.370253
824.663330, 1.407711, -0.124746
829.377930, 1.113681, -1.931258
834.092529, 2.717841, 0.527819
838.807129, 2.666720, -1.396277
843.521729, 1.440662, -0.099878
848.226318, 1.101972, -1.940609
852.940918, 2.730839, 0.537591
857.655518, 2.732760, -1.369476
862.370117, 1.405030, -0.133780
867.074707, 1.118699, -1.930976
871.789307, 2.716084, 0.529036
876.503906, 2.667471, -1.397918
881.218506, 1.442485, -0.096387
885.933105, 1.086356, -1.940503
890.637695, 2.730293, 0.539604
895.352295, 2.739315, -1.368769
900.066895, 1.403799, -0.133563
904.781494, 1.104328, -1.930157
909.486084, 2.714412, 0.530304
914.200684, 2.668620, -1.399387
918.915283, 1.444059, -0.093100
923.629883, 1.090246, -1.941069
928.344482, 2.734993, 0.534898
933.049072, 2.745382, -1.368276
937.763672, 1.402813, -0.133087
942.478271, 1.109189, -1.929996
947.192871, 2.718052, 0.524876
951.907471, 2.656132, -1.398297
956.612061, 1.445412, -0.089991
961.326660, 1.094238, -1.941563
966.041260, 2.734252, 0.536783
970.755859, 2.737326, -1.365018
975.460449, 1.402064, -0.132351
980.175049, 1.113961, -1.929888
984.889648, 2.716533, 0.526248
989.604248, 2.657967, -1.399466
994.318848, 1.445570, -0.096501
