time,theta,omega
202.627914, 2.137192, -0.139455
207.345322, 0.749836, -2.099802
212.052734, 3.040620, 0.749856
216.770142, -1.371290, -1.519714
221.477554, -2.109847, 1.580901
226.194962, -1.891296, -0.110745
230.902374, -0.981522, 2.033834
235.619781, -2.865220, -0.625612
240.327194, 2.838181, 1.168787
245.044601, -0.054533, -1.951270
249.752014, -2.689561, 1.122157
254.469421, -1.422556, 0.212283
259.181671, -1.035248, 1.953876
263.896271, -2.781188, -0.564830
268.610870, -2.960056, 1.279408
273.315460, -1.443655, 0.272985
278.030060, -0.977837, 1.972174
282.744659, -2.829781, -0.597143
287.459259, 3.059087, 1.202009
292.163849, -2.786086, -0.248676
296.878448, -2.202193, 1.619379
301.593048, -1.839690, -0.100989
306.307648, -0.983168, 2.022841
311.022247, -2.843700, -0.609258
315.726837, 2.964781, 1.188156
320.441437, 2.176812, -1.212410
325.156036, 1.666923, -0.018298
329.870636, 0.960962, -2.005094
334.575226, 2.845459, 0.616578
339.289825, -2.932493, -1.181219
344.004425, -1.553811, 1.595030
348.719025, -2.259032, -0.251341
353.433624, -1.272533, 1.981000
358.138214, -2.622003, -0.485241
362.852814, -2.299705, 1.564969
367.567413, -1.746106, -0.060611
372.282013, -0.978685, 2.011739
376.986603, -2.835755, -0.611780
381.701202, 2.983858, 1.191024
386.415802, 2.493071, -0.986647
391.130402, 1.456550, -0.188204
395.845001, 1.012300, -1.962267
400.549591, 2.791959, 0.578080
405.264191, 3.042095, -1.257527
409.978790, 1.580130, -0.300571
414.693390, 0.824010, -2.021937
419.397980, 2.948232, 0.682365
424.112579, -2.259506, -1.191898
428.827179, -2.955954, 1.266467
433.541779, -1.447473, 0.278135
438.256378, -0.961870, 1.973577
442.960968, -2.831882, -0.603411
447.675568, 3.024843, 1.198893
452.390167, 3.122496, -0.515610
457.104767, 1.818654, 1.325430
461.809357, 2.295995, -1.529139
466.523956, 1.734893, 0.055442
471.238556, 0.984027, -2.011347
475.953156, 2.840611, 0.608386
480.667755, -2.986301, -1.185174
485.372345, -2.408212, 1.050643
490.086945, -1.488717, 0.130298
494.801544, -1.024330, 1.966151
499.516144, -2.793542, -0.573322
504.220734, -3.037373, 1.262375
508.935333, -1.557888, 0.296905
513.649902, -0.851684, 2.015846
518.364502, -2.935516, -0.667373
523.079102, 2.393806, 1.161842
527.783691, -2.982545, -1.177668
532.498291, -2.327360, 1.107490
537.212891, -1.540186, 0.089010
541.927490, -1.003197, 1.977758
546.642090, -2.811520, -0.583562
551.346680, -3.125521, 1.233912
556.061279, -1.895656, 0.240221
560.775879, -0.689522, 2.082847
565.490479, -3.072290, -0.762388
570.195068, 1.031465, 1.676441
574.909668, 2.170154, -1.515129
579.624268, 1.809812, 0.075976
584.338867, 0.970020, -2.022029
589.053467, 2.852374, 0.614114
593.758057, -2.917528, -1.179385
598.472656, -1.290379, 1.723623
603.187256, -2.501324, -0.382222
607.901855, -1.816048, 1.782994
612.606445, -2.171182, -0.248479
617.321045, -1.204594, 1.999876
622.035645, -2.685932, -0.519018
626.750244, -2.547930, 1.448085
631.464844, -1.526778, 0.044151
636.169434, -1.056281, 1.966196
640.884033, -2.774167, -0.565588
645.598633, -2.943321, 1.288291
650.313232, -1.419668, 0.266797
655.017822, -1.015420, 1.961568
659.732422, -2.801604, -0.582139
664.447021, -3.084886, 1.242971
669.161621, -1.724029, 0.287515
673.876221, -0.726581, 2.055723
678.580811, -3.028058, -0.736644
683.295410, 1.535944, 1.447125
688.010010, 2.139251, -1.577712
692.724609, 1.858258, 0.098020
697.429199, 0.993895, -2.026748
702.143799, 2.842712, 0.615539
706.858398, -2.950029, -1.182089
711.572998, -1.829424, 1.436323
716.287598, -1.994670, -0.124074
720.992188, -1.013830, 2.036208
725.706787, -2.831863, -0.609362
730.421387, 3.011387, 1.193355
735.135986, 2.874356, -0.700065
739.840576, -2.766502, 0.789570
744.555176, -2.034503, 0.178086
749.269775, -0.723084, 2.094034
753.984375, -3.053021, -0.752715
758.698975, 1.271248, 1.561942
763.403564, 2.127558, -1.560947
768.118164, 1.862460, 0.101982
772.832764, 0.981761, -2.026687
777.547363, 2.847203, 0.613178
782.251953, -2.937335, -1.184447
786.966553, -1.701254, 1.515120
791.681152, -2.123177, -0.187626
796.395752, -1.103104, 2.022181
801.110352, -2.761000, -0.560745
805.814941, -2.892528, 1.310886
810.529541, -1.386240, 0.226394
815.244141, -1.066102, 1.939683
819.958740, -2.753244, -0.546116
824.663330, -2.830789, 1.335471
829.377930, -1.379727, 0.183764
834.092529, -1.101494, 1.929471
838.807129, -2.725182, -0.529779
843.521729, -2.689181, 1.385369
848.226318, -1.427253, 0.105748
852.940918, -1.100817, 1.937834
857.655518, -2.730127, -0.534850
862.370117, -2.718740, 1.373924
867.074707, -1.412448, 0.120075
871.789307, -1.108905, 1.933908
876.503906, -2.723764, -0.531820
881.218506, -2.693034, 1.385705
885.933105, -1.426020, 0.113239
890.637695, -1.105488, 1.937885
895.352295, -2.728746, -0.536312
900.066895, -2.721282, 1.374855
904.781494, -1.411794, 0.126777
909.486084, -1.113311, 1.934123
914.200684, -2.722635, -0.533454
918.915283, -2.696768, 1.386106
923.629883, -1.426003, 0.111334
928.344482, -1.090756, 1.937274
933.049072, -2.727374, -0.537783
937.763672, -2.723872, 1.375770
942.478271, -1.412409, 0.124275
947.192871, -1.098371, 1.933722
951.907471, -2.726797, -0.528388
956.612061, -2.700546, 1.386494
961.326660, -1.425957, 0.109455
966.041260, -1.095394, 1.937365
970.755859, -2.731337, -0.532590
975.460449, -2.726535, 1.376652
980.175049, -1.412977, 0.121819
984.889648, -1.102799, 1.933946
989.604248, -2.725653, -0.530008
994.318848, -2.690320, 1.384307
