time,theta,omega
202.627914, 2.710416, 0.524503
207.345322, 2.666037, -1.386426
212.052734, 1.423167, -0.097038
216.770142, 1.156028, -1.909509
221.477554, 2.651231, 0.486594
226.194962, 2.408381, -1.502014
230.902374, 1.625743, 0.015372
235.619781, 1.057009, -1.967535
240.327194, 2.743389, 0.545985
245.044601, 2.821687, -1.322176
249.752014, 1.359083, -0.188450
254.469421, 1.170802, -1.894658
259.181671, 2.631431, 0.470672
263.896271, 2.333826, -1.535200
268.610870, 1.684163, 0.033470
273.315460, 1.064506, -1.975543
278.030060, 2.739423, 0.543174
282.744659, 2.813360, -1.325007
287.459259, 1.355798, -0.190567
292.163849, 1.199710, -1.887958
296.878448, 2.611018, 0.461347
301.593048, 2.265128, -1.569085
306.307648, 1.748743, 0.062110
311.022247, 1.038149, -1.986082
315.726837, 2.750425, 0.553315
320.441437, 2.877458, -1.302344
325.156036, 1.359044, -0.229085
329.870636, 1.157428, -1.896971
334.575226, 2.632750, 0.476524
339.289825, 2.355440, -1.528687
344.004425, 1.671164, 0.032848
348.719025, 1.057225, -1.972390
353.433624, 2.739002, 0.537404
358.138214, 2.803654, -1.332875
362.852814, 1.359483, -0.176244
367.567413, 1.192571, -1.887464
372.282013, 2.611251, 0.456190
376.986603, 2.264464, -1.572888
381.701202, 1.755634, 0.069726
386.415802, 1.046737, -1.987740
391.130402, 2.754243, 0.550481
395.845001, 2.875079, -1.298532
400.549591, 1.361379, -0.228160
405.264191, 1.162948, -1.898300
409.978790, 2.638049, 0.474347
414.693390, 2.358148, -1.523323
419.397980, 1.661433, 0.033510
424.112579, 1.069047, -1.970856
428.827179, 2.733882, 0.538719
433.541779, 2.783890, -1.336169
438.256378, 1.361607, -0.173041
442.960968, 1.202642, -1.887568
447.675568, 2.608305, 0.459187
452.390167, 2.253112, -1.574198
457.104767, 1.758618, 0.065367
461.809357, 1.055770, -1.988675
466.523956, 2.752010, 0.553775
471.238556, 2.882803, -1.299742
475.953156, 1.360626, -0.233877
480.667755, 1.151546, -1.898628
485.372345, 2.636921, 0.478346
490.086945, 2.369474, -1.521641
494.801544, 1.657833, 0.026566
499.516144, 1.059618, -1.969518
504.220734, 2.730307, 0.541100
508.935333, 2.785005, -1.339724
513.649902, 1.363891, -0.165666
518.364502, 1.192867, -1.887711
523.079102, 2.610622, 0.455258
527.783691, 2.260233, -1.574378
532.498291, 1.758562, 0.070226
537.212891, 1.045215, -1.988098
541.927490, 2.754945, 0.550323
546.642090, 2.876045, -1.297600
551.346680, 1.361770, -0.229923
556.061279, 1.160380, -1.898786
560.775879, 2.639491, 0.474572
565.490479, 2.361642, -1.521200
570.195068, 1.657513, 0.031203
574.909668, 1.068925, -1.969951
579.624268, 2.733087, 0.537530
584.338867, 2.777602, -1.338157
589.053467, 1.363043, -0.170246
593.758057, 1.201705, -1.887731
598.472656, 2.608488, 0.458680
603.187256, 2.251760, -1.574350
607.901855, 1.758959, 0.064838
612.606445, 1.054470, -1.988650
617.321045, 2.752398, 0.553383
622.035645, 2.882153, -1.299419
626.750244, 1.360529, -0.234550
631.464844, 1.150194, -1.898656
636.169434, 2.637337, 0.477953
640.884033, 2.368924, -1.521402
645.598633, 1.657473, 0.025760
650.313232, 1.058460, -1.969371
655.017822, 2.730558, 0.540611
659.732422, 2.783681, -1.339707
664.447021, 1.363899, -0.165974
669.161621, 1.191650, -1.887708
673.876221, 2.610890, 0.454746
678.580811, 2.259053, -1.574428
683.295410, 1.758719, 0.069592
688.010010, 1.043870, -1.988034
692.724609, 2.755324, 0.549897
697.429199, 2.888222, -1.301265
702.143799, 1.361639, -0.230550
706.858398, 1.159042, -1.898792
711.572998, 2.639866, 0.474124
716.287598, 2.360841, -1.521059
720.992188, 1.657335, 0.030446
725.706787, 1.067663, -1.969841
730.421387, 2.733392, 0.537048
735.135986, 2.776448, -1.338046
739.840576, 1.364711, -0.161752
744.555176, 1.200455, -1.887737
749.269775, 2.608782, 0.458183
753.984375, 2.250676, -1.574356
758.698975, 1.759024, 0.064167
763.403564, 1.053128, -1.988581
768.118164, 2.752781, 0.552950
772.832764, 2.881331, -1.299121
777.547363, 1.360384, -0.235186
782.251953, 1.167824, -1.898905
786.966553, 2.637707, 0.477488
791.681152, 2.368068, -1.521271
796.395752, 1.657315, 0.024997
801.110352, 1.057165, -1.969259
805.814941, 2.730870, 0.540115
810.529541, 2.782486, -1.339598
815.244141, 1.363861, -0.166417
819.958740, 1.190356, -1.887715
824.663330, 2.606660, 0.461602
829.377930, 2.257990, -1.574412
834.092529, 1.758746, 0.068889
838.807129, 1.042495, -1.987952
843.521729, 2.755698, 0.549446
848.226318, 2.887327, -1.300994
852.940918, 1.361475, -0.231133
857.655518, 1.157747, -1.898773
862.370117, 2.640179, 0.473626
867.074707, 2.374982, -1.521649
871.789307, 1.657375, 0.029764
876.503906, 1.066299, -1.969780
881.218506, 2.733775, 0.536599
885.933105, 2.775601, -1.337801
890.637695, 1.364576, -0.162407
895.352295, 1.199150, -1.887735
900.066895, 2.609095, 0.457678
904.781494, 2.249610, -1.574340
909.486084, 1.758424, 0.073610
914.200684, 1.051781, -1.988497
918.915283, 2.753137, 0.552492
923.629883, 2.880371, -1.298890
928.344482, 1.360196, -0.235704
933.049072, 1.166615, -1.898869
937.763672, 2.637968, 0.476971
942.478271, 2.366820, -1.521336
947.192871, 1.657532, 0.024407
951.907471, 1.055778, -1.969231
956.612061, 2.731296, 0.539714
961.326660, 2.781907, -1.339257
966.041260, 1.363649, -0.167215
970.755859, 1.189078, -1.887696
975.460449, 2.606977, 0.461113
980.175049, 2.256963, -1.574390
984.889648, 1.758762, 0.068199
989.604248, 1.041164, -1.987865
994.318848, 2.756067, 0.549008
