time,theta,omega
202.627914, 1.498677, -0.079548
207.345322, 1.047362, -1.959483
212.052734, 2.771241, 0.563816
216.770142, 2.929158, -1.290741
221.477554, 1.405069, -0.252905
226.194962, 1.030886, -1.949623
230.902374, 2.778564, 0.566662
235.619781, 2.961450, -1.279279
240.327194, 1.435303, -0.272206
245.044601, 0.985904, -1.965515
249.752014, 2.816457, 0.591036
254.469421, -3.120624, -1.216880
259.181671, 2.156318, -0.135056
263.896271, 0.790475, -2.090909
268.610870, 2.993697, 0.710662
273.315460, -1.895050, -1.297152
278.030060, -2.369401, 1.494133
282.744659, -1.659970, -0.020788
287.459259, -1.007769, 1.990467
292.163849, -2.798277, -0.585446
296.878448, -3.096292, 1.238422
301.593048, -1.756570, 0.281453
306.307648, -0.732047, 2.057582
311.022247, -3.023933, -0.725833
315.726837, 1.627523, 1.406396
320.441437, 2.183605, -1.562979
325.156036, 1.817622, 0.084672
329.870636, 0.989554, -2.015189
334.575226, 2.820716, 0.602220
339.289825, -3.058113, -1.204026
344.004425, 2.721711, 0.200586
348.719025, 1.945575, -1.732695
353.433624, 2.057869, 0.188586
358.138214, 1.106930, -2.015889
362.852814, 2.751487, 0.558629
367.567413, 2.861283, -1.315381
372.282013, 1.373140, -0.215946
376.986603, 1.116178, -1.924206
381.701202, 2.707608, 0.522208
386.415802, 2.634097, -1.409472
391.130402, 1.458849, -0.081599
395.845001, 1.093372, -1.938542
400.549591, 2.717282, 0.530828
405.264191, 2.686013, -1.388171
409.978790, 1.426455, -0.106167
414.693390, 1.111515, -1.929129
419.397980, 2.701713, 0.521891
424.112579, 2.618793, -1.418037
428.827179, 1.472148, -0.070357
433.541779, 1.091259, -1.942564
438.256378, 2.727534, 0.529726
442.960968, 2.718241, -1.376613
447.675568, 1.410434, -0.119757
452.390167, 1.123022, -1.924694
457.104767, 2.698871, 0.512218
461.809357, 2.591520, -1.431902
466.523956, 1.494910, -0.053734
471.238556, 1.084394, -1.949324
475.953156, 2.736962, 0.538262
480.667755, 2.758331, -1.353533
485.372345, 1.388079, -0.146831
490.086945, 1.133819, -1.919367
494.801544, 2.690986, 0.509332
499.516144, 2.550335, -1.443922
504.220734, 1.518334, -0.037844
508.935333, 1.077486, -1.956147
513.649902, 2.746435, 0.546872
518.364502, 2.813514, -1.333444
523.079102, 1.373296, -0.185896
527.783691, 1.133497, -1.918760
532.498291, 2.692820, 0.512554
537.212891, 2.566336, -1.438716
541.927490, 1.508106, -0.050882
546.642090, 1.067351, -1.952695
551.346680, 2.740665, 0.545456
556.061279, 2.794712, -1.342918
560.775879, 1.377993, -0.169984
565.490479, 1.122547, -1.917972
570.195068, 2.688859, 0.512555
574.909668, 2.557816, -1.444407
579.624268, 1.517540, -0.043319
584.338867, 1.067382, -1.955514
589.053467, 2.749023, 0.543177
593.758057, 2.818280, -1.335641
598.472656, 1.374383, -0.180827
603.187256, 1.123602, -1.918452
607.901855, 2.695264, 0.508727
612.606445, 2.571916, -1.440046
617.321045, 1.509234, -0.045843
622.035645, 1.076041, -1.953366
626.750244, 2.743935, 0.542191
631.464844, 2.789456, -1.340385
636.169434, 1.378346, -0.166996
640.884033, 1.131272, -1.918189
645.598633, 2.691718, 0.508961
650.313232, 2.550758, -1.443214
655.017822, 1.517247, -0.039063
659.732422, 1.076737, -1.955799
664.447021, 2.746283, 0.546101
669.161621, 2.810115, -1.334198
673.876221, 1.373540, -0.184897
678.580811, 1.132792, -1.918620
683.295410, 2.692712, 0.511827
688.010010, 2.563430, -1.439460
692.724609, 1.509583, -0.050667
697.429199, 1.084839, -1.953935
702.143799, 2.741713, 0.545463
706.858398, 2.797138, -1.341368
711.572998, 1.377082, -0.172662
716.287598, 1.120857, -1.917928
720.992188, 2.689477, 0.512246
725.706787, 2.558017, -1.443772
730.421387, 1.516583, -0.044493
735.135986, 1.066516, -1.955195
739.840576, 2.743545, 0.549037
744.555176, 2.815375, -1.336193
749.269775, 1.374559, -0.180137
753.984375, 1.122764, -1.918334
758.698975, 2.695256, 0.508059
763.403564, 2.569470, -1.440583
768.118164, 1.510359, -0.045831
772.832764, 1.074130, -1.953634
777.547363, 2.744839, 0.542091
782.251953, 2.804502, -1.342486
786.966553, 1.377640, -0.169221
791.681152, 1.129630, -1.918161
796.395752, 2.692295, 0.508614
801.110352, 2.550735, -1.442665
805.814941, 1.516462, -0.040159
810.529541, 1.075767, -1.955525
815.244141, 2.746298, 0.545418
819.958740, 2.807465, -1.334648
824.663330, 1.375534, -0.175519
829.377930, 1.131838, -1.918528
834.092529, 2.692784, 0.511192
838.807129, 2.561259, -1.439867
843.521729, 1.510470, -0.050809
848.226318, 1.083039, -1.954144
852.940918, 2.742511, 0.545291
857.655518, 2.798281, -1.340320
862.370117, 1.376488, -0.174566
867.074707, 1.138455, -1.918356
871.789307, 2.690008, 0.511875
876.503906, 2.557789, -1.443316
881.218506, 1.515951, -0.045498
885.933105, 1.065460, -1.954963
890.637695, 2.743661, 0.548415
895.352295, 2.813203, -1.336449
900.066895, 1.374638, -0.179944
904.781494, 1.121701, -1.918256
909.486084, 2.690335, 0.514356
914.200684, 2.567634, -1.440836
918.915283, 1.510981, -0.046116
923.629883, 1.072490, -1.953760
928.344482, 2.745501, 0.541845
933.049072, 2.805075, -1.341678
937.763672, 1.377199, -0.170746
942.478271, 1.128132, -1.918139
947.192871, 2.692782, 0.508237
951.907471, 2.550407, -1.442263
956.612061, 1.515919, -0.041094
961.326660, 1.074709, -1.955321
966.041260, 2.746435, 0.544824
970.755859, 2.805466, -1.334852
975.460449, 1.375587, -0.175410
980.175049, 1.130775, -1.918459
984.889648, 2.692950, 0.510627
989.604248, 2.559532, -1.440089
994.318848, 1.511023, -0.051122
