time,theta,omega
202.627914, -0.940801, 2.057615
207.345322, -2.934608, -0.674837
212.052734, 2.403743, 1.180344
216.770142, -2.941640, -1.177110
221.477554, -1.526075, 1.616109
226.194962, -2.325588, -0.286355
230.902374, -1.339831, 1.978940
235.619781, -2.626163, -0.484687
240.327194, -2.259090, 1.596800
245.044601, -1.818085, -0.087193
249.752014, -0.919824, 2.048722
254.469421, -2.945953, -0.680550
259.181671, 2.324947, 1.187413
263.896271, 3.102050, -1.230184
268.610870, 1.876399, -0.243155
273.315460, 0.650778, -2.098258
278.030060, 3.141412, 0.817588
282.744659, 0.203435, -1.973638
287.459259, -2.842307, 1.008196
292.163849, -1.702644, 0.267914
296.878448, -0.708217, 2.069267
301.593048, -3.090721, -0.779013
306.307648, 0.781033, 1.777177
311.022247, 2.219205, -1.467344
315.726837, 1.767520, 0.057418
320.441437, 0.918448, -2.040281
325.156036, 2.929781, 0.670731
329.870636, -2.442194, -1.167713
334.575226, 2.826746, 1.166116
339.289825, -0.293221, -1.920845
344.004425, -2.491822, 1.268247
348.719025, -1.518545, 0.082361
353.433624, -0.964540, 1.992678
358.138214, -2.868530, -0.631179
362.852814, 2.833068, 1.176668
367.567413, -0.131201, -1.946547
372.282013, -2.599924, 1.185527
376.986603, -1.453096, 0.145633
381.701202, -0.993439, 1.980177
386.415802, -2.854185, -0.617541
391.130402, 2.938571, 1.189284
395.845001, 1.609689, -1.565962
400.549591, 2.225472, 0.241373
405.264191, 1.185938, -2.018947
409.978790, 2.735402, 0.552089
414.693390, 2.740347, -1.375255
419.397980, 1.424684, -0.126372
424.112579, 1.033150, -1.966058
428.827179, 2.820454, 0.595543
433.541779, -3.131440, -1.233188
438.256378, 2.098023, -0.157797
442.960968, 0.704041, -2.114892
447.675568, 3.108681, 0.798342
452.390167, -0.406869, -1.895162
457.104767, -2.420787, 1.318198
461.809357, -1.574532, 0.038695
466.523956, -0.958818, 2.006427
471.238556, -2.889309, -0.642642
475.953156, 2.715898, 1.162987
480.667755, -1.444227, -1.486477
485.372345, -2.088535, 1.607012
490.086945, -1.932688, -0.133311
494.801544, -0.950440, 2.051653
499.516144, -2.910224, -0.658507
504.220734, 2.566965, 1.168329
508.935333, -2.291150, -1.187523
513.649902, -3.001765, 1.263355
518.364502, -1.536693, 0.286268
523.079102, -0.811466, 2.027298
527.783691, -2.991151, -0.712781
532.498291, 1.936056, 1.293634
537.212891, 2.380130, -1.504114
541.927490, 1.680969, 0.025073
546.642090, 0.925002, -2.023921
551.346680, 2.908210, 0.659192
556.061279, -2.572865, -1.163563
560.775879, 2.291540, 1.182687
565.490479, 2.984834, -1.264965
570.195068, 1.517307, -0.277970
574.909668, 0.844455, -2.021893
579.624268, 2.976293, 0.698291
584.338867, -2.097415, -1.237063
589.053467, -2.596434, 1.410272
593.758057, -1.502225, 0.062740
598.472656, -0.998120, 1.985598
603.187256, -2.851902, -0.615409
607.901855, 2.956708, 1.191034
612.606445, 1.923836, -1.385349
617.321045, 1.935281, 0.103608
622.035645, 0.924694, -2.057619
626.750244, 2.930876, 0.672500
631.464844, -2.433595, -1.167124
636.169434, 2.862621, 1.169055
640.884033, 0.209486, -1.972979
645.598633, -2.846246, 1.007099
650.313232, -1.707819, 0.273623
655.017822, -0.708860, 2.071528
659.732422, -3.092269, -0.782308
664.447021, 0.724613, 1.799547
669.161621, 2.246899, -1.448550
673.876221, 1.742707, 0.037964
678.580811, 0.923726, -2.037379
683.295410, 2.926472, 0.670322
688.010010, -2.454153, -1.168939
692.724609, 2.785483, 1.154011
697.429199, -0.894193, -1.736592
702.143799, -2.175013, 1.508241
706.858398, -1.823915, -0.079687
711.572998, -0.915098, 2.045753
716.287598, -2.931866, -0.669701
720.992188, 2.432134, 1.176245
725.706787, -2.838119, -1.164062
730.421387, 0.195030, 1.936608
735.135986, 2.556497, -1.217461
739.840576, 1.473298, -0.117349
744.555176, 0.992131, -1.983536
749.269775, 2.856480, 0.619351
753.984375, -2.923992, -1.186696
758.698975, -1.336226, 1.703558
763.403564, -2.479461, -0.376599
768.118164, -1.723632, 1.835719
772.832764, -2.289342, -0.302174
777.547363, -1.323013, 1.976861
782.251953, -2.615376, -0.485592
786.966553, -2.242491, 1.602943
791.681152, -1.824612, -0.093322
796.395752, -0.926055, 2.043754
801.110352, -2.923525, -0.664453
805.814941, 2.489101, 1.171152
810.529541, -2.630768, -1.152234
815.244141, 2.036702, 1.249696
819.958740, 2.490648, -1.456358
824.663330, 1.585180, -0.012815
829.377930, 0.967929, -2.005950
834.092529, 2.882667, 0.638477
838.807129, -2.757352, -1.165784
843.521729, 1.081795, 1.649979
848.226318, 2.120883, -1.555153
852.940918, 1.885012, 0.109210
857.655518, 0.931229, -2.050485
862.370117, 2.923321, 0.666430
867.074707, -2.480019, -1.173291
871.789307, 2.658333, 1.153784
876.503906, -1.865998, -1.311041
881.218506, -2.289957, 1.541074
885.933105, -1.758024, -0.056996
890.637695, -0.932745, 2.037839
895.352295, -2.920658, -0.667340
900.066895, 2.490556, 1.166455
904.781494, -2.648535, -1.147873
909.486084, 1.955857, 1.283260
914.200684, 2.400715, -1.498376
918.915283, 1.667717, 0.022568
923.629883, 0.934636, -2.022195
928.344482, 2.909582, 0.653278
933.049072, -2.589812, -1.166774
937.763672, 2.186123, 1.209855
942.478271, 2.759400, -1.348663
947.192871, 1.415338, -0.150767
951.907471, 1.016226, -1.964536
956.612061, 2.820382, 0.597989
961.326660, -3.120258, -1.232756
966.041260, 2.154169, -0.129781
970.755859, 0.725246, -2.112097
975.460449, 3.080674, 0.782364
980.175049, -0.830251, -1.762654
984.889648, -2.200601, 1.486187
989.604248, -1.793545, -0.063338
994.318848, -0.907210, 2.042057
