time,theta,omega
202.627914, 2.587024, 0.446759
207.345322, 2.253258, -1.551927
212.052734, 1.711548, 0.055114
216.770142, 1.157130, -1.930367
221.477554, 2.598085, 0.453718
226.194962, 2.293315, -1.533045
230.902374, 1.675983, 0.041362
235.619781, 1.166421, -1.922714
240.327194, 2.588609, 0.447587
245.044601, 2.258427, -1.549374
249.752014, 1.706747, 0.053104
254.469421, 1.157928, -1.929382
259.181671, 2.593958, 0.448290
263.896271, 2.285933, -1.534957
268.610870, 1.675082, 0.034203
273.315460, 1.191109, -1.916999
278.030060, 2.568018, 0.434457
282.744659, 2.200640, -1.575800
287.459259, 1.752098, 0.064679
292.163849, 1.176526, -1.932525
296.878448, 2.585231, 0.446726
301.593048, 2.265048, -1.546428
306.307648, 1.696618, 0.044847
311.022247, 1.170378, -1.921577
315.726837, 2.573009, 0.440001
320.441437, 2.225116, -1.566009
325.156036, 1.733531, 0.060079
329.870636, 1.164592, -1.928968
334.575226, 2.580909, 0.446292
339.289825, 2.256748, -1.552023
344.004425, 1.707068, 0.051236
348.719025, 1.172275, -1.923860
353.433624, 2.578981, 0.435902
358.138214, 2.238011, -1.561651
362.852814, 1.725209, 0.059342
367.567413, 1.170620, -1.927512
372.282013, 2.582606, 0.439444
376.986603, 2.254394, -1.554821
381.701202, 1.712246, 0.055617
386.415802, 1.175559, -1.925006
391.130402, 2.579228, 0.438458
395.845001, 2.230453, -1.559631
400.549591, 1.721179, 0.060214
405.264191, 1.175867, -1.926836
409.978790, 2.580766, 0.440656
414.693390, 2.239525, -1.556218
419.397980, 1.714716, 0.058958
424.112579, 1.179453, -1.925606
428.827179, 2.578830, 0.440611
433.541779, 2.236275, -1.558592
438.256378, 1.719633, 0.051696
442.960968, 1.180755, -1.926523
447.675568, 2.579322, 0.442133
452.390167, 2.241644, -1.556919
457.104767, 1.716438, 0.051689
461.809357, 1.183662, -1.925930
466.523956, 2.578098, 0.442555
471.238556, 2.240948, -1.558093
475.953156, 1.718603, 0.053719
480.667755, 1.166181, -1.926091
485.372345, 2.578095, 0.443758
490.086945, 2.244559, -1.557243
494.801544, 1.716957, 0.054298
499.516144, 1.168756, -1.925825
504.220734, 2.577224, 0.444405
508.935333, 2.245112, -1.557832
513.649902, 1.718039, 0.055935
518.364502, 1.170816, -1.926093
523.079102, 2.581337, 0.437951
527.783691, 2.247895, -1.557395
532.498291, 1.717147, 0.056811
537.212891, 1.173242, -1.925966
541.927490, 2.580641, 0.438706
546.642090, 2.233465, -1.557750
551.346680, 1.717673, 0.058218
556.061279, 1.175365, -1.926120
560.775879, 2.580264, 0.439668
565.490479, 2.235749, -1.557526
570.195068, 1.717198, 0.059242
574.909668, 1.177700, -1.926072
579.624268, 2.579658, 0.440484
584.338867, 2.237223, -1.557680
589.053467, 1.717940, 0.050393
593.758057, 1.179879, -1.926167
598.472656, 2.579213, 0.441404
603.187256, 2.239271, -1.557567
607.901855, 1.717684, 0.051501
612.606445, 1.182164, -1.926157
617.321045, 2.578662, 0.442254
622.035645, 2.240927, -1.557636
626.750244, 1.717769, 0.052738
631.464844, 1.165128, -1.925895
636.169434, 2.578174, 0.443148
640.884033, 2.242853, -1.557579
645.598633, 1.717615, 0.053886
650.313232, 1.167406, -1.925919
655.017822, 2.577636, 0.444007
659.732422, 2.244569, -1.557622
664.447021, 1.717651, 0.055104
669.161621, 1.169630, -1.925981
673.876221, 2.581518, 0.437375
678.580811, 2.246463, -1.557581
683.295410, 1.717522, 0.056260
688.010010, 1.171881, -1.926009
692.724609, 2.581003, 0.438248
697.429199, 2.248255, -1.557586
702.143799, 1.717480, 0.057450
706.858398, 1.174115, -1.926056
711.572998, 2.580511, 0.439132
716.287598, 2.234536, -1.557608
720.992188, 1.717387, 0.058620
725.706787, 1.176372, -1.926085
730.421387, 2.579993, 0.440005
735.135986, 2.236321, -1.557618
739.840576, 1.717350, 0.059811
744.555176, 1.178613, -1.926124
749.269775, 2.579489, 0.440885
753.984375, 2.238161, -1.557600
758.698975, 1.717767, 0.050838
763.403564, 1.180864, -1.926151
768.118164, 2.578967, 0.441755
772.832764, 2.239906, -1.557615
777.547363, 1.717759, 0.052025
782.251953, 1.183065, -1.926190
786.966553, 2.578481, 0.442633
791.681152, 2.241785, -1.557583
796.395752, 1.717649, 0.053189
801.110352, 1.166069, -1.925896
805.814941, 2.577952, 0.443497
810.529541, 2.243549, -1.557601
815.244141, 1.717639, 0.054390
819.958740, 1.168306, -1.925949
824.663330, 2.577452, 0.444382
829.377930, 2.245424, -1.557569
834.092529, 1.717531, 0.055556
838.807129, 1.170564, -1.925983
843.521729, 2.581298, 0.437727
848.226318, 2.247175, -1.557595
852.940918, 1.717525, 0.056759
857.655518, 1.172804, -1.926033
862.370117, 2.580802, 0.438613
867.074707, 2.249022, -1.557573
871.789307, 1.717440, 0.057930
876.503906, 1.175059, -1.926064
881.218506, 2.580279, 0.439483
885.933105, 2.235217, -1.557636
890.637695, 1.717414, 0.059127
895.352295, 1.177297, -1.926105
900.066895, 2.579778, 0.440364
904.781494, 2.237045, -1.557625
909.486084, 1.717340, 0.060304
914.200684, 1.179544, -1.926139
918.915283, 2.579275, 0.441245
923.629883, 2.238881, -1.557611
928.344482, 1.717776, 0.051338
933.049072, 1.181780, -1.926169
937.763672, 2.578770, 0.442124
942.478271, 2.240741, -1.557586
947.192871, 1.717683, 0.052507
951.907471, 1.164771, -1.925871
956.612061, 2.578252, 0.442996
961.326660, 2.242517, -1.557598
966.041260, 1.717656, 0.053703
970.755859, 1.167024, -1.925918
975.460449, 2.577727, 0.443867
980.175049, 2.244286, -1.557615
984.889648, 1.717644, 0.054904
989.604248, 1.169256, -1.925973
994.318848, 2.581607, 0.437233
