time,theta,omega
202.627914, 2.218160, 0.252528
207.345322, 1.573487, -1.803202
212.052734, 2.184249, 0.237581
216.770142, 1.532506, -1.816707
221.477554, 2.215313, 0.251179
226.194962, 1.569700, -1.804444
230.902374, 2.187049, 0.238714
235.619781, 1.535530, -1.815698
240.327194, 2.212944, 0.250043
245.044601, 1.566535, -1.805471
249.752014, 2.189368, 0.239639
254.469421, 1.538026, -1.814855
259.181671, 2.208124, 0.244977
263.896271, 1.573633, -1.800714
268.610870, 2.176319, 0.226764
273.315460, 1.545937, -1.812499
278.030060, 2.203665, 0.244437
282.744659, 1.570880, -1.802206
287.459259, 2.179753, 0.229453
292.163849, 1.552101, -1.811089
296.878448, 2.200332, 0.244180
301.593048, 1.569315, -1.803309
306.307648, 2.182285, 0.231755
311.022247, 1.539212, -1.810968
315.726837, 2.197706, 0.244236
320.441437, 1.568619, -1.804120
325.156036, 2.184144, 0.233769
329.870636, 1.543720, -1.810088
334.575226, 2.195631, 0.244533
339.289825, 1.568595, -1.804704
344.004425, 2.185501, 0.235561
348.719025, 1.547663, -1.809385
353.433624, 2.196326, 0.235720
358.138214, 1.569070, -1.805119
362.852814, 2.186457, 0.237182
367.567413, 1.551173, -1.808817
372.282013, 2.194996, 0.236341
376.986603, 1.569940, -1.805403
381.701202, 2.187127, 0.238678
386.415802, 1.554375, -1.808339
391.130402, 2.193895, 0.237055
395.845001, 1.552993, -1.806627
400.549591, 2.187589, 0.240076
405.264191, 1.557307, -1.807957
409.978790, 2.193004, 0.237869
414.693390, 1.554367, -1.806754
419.397980, 2.187872, 0.241403
424.112579, 1.560049, -1.807630
428.827179, 2.192246, 0.238745
433.541779, 1.555928, -1.806815
438.256378, 2.190340, 0.233353
442.960968, 1.562625, -1.807355
447.675568, 2.191613, 0.239674
452.390167, 1.557611, -1.806838
457.104767, 2.190396, 0.234582
461.809357, 1.565100, -1.807113
466.523956, 2.191062, 0.240638
471.238556, 1.559390, -1.806827
475.953156, 2.190380, 0.235779
480.667755, 1.549442, -1.807907
485.372345, 2.190556, 0.241622
490.086945, 1.561233, -1.806796
494.801544, 2.190304, 0.236951
499.516144, 1.551769, -1.807723
504.220734, 2.190109, 0.242632
508.935333, 1.563142, -1.806739
513.649902, 2.190211, 0.238134
518.364502, 1.554125, -1.807542
523.079102, 2.192024, 0.234374
527.783691, 1.565148, -1.806665
532.498291, 2.190023, 0.239267
537.212891, 1.556345, -1.807387
541.927490, 2.191670, 0.235423
546.642090, 1.549075, -1.807591
551.346680, 2.189830, 0.240388
556.061279, 1.558551, -1.807239
560.775879, 2.191332, 0.236480
565.490479, 1.551111, -1.807499
570.195068, 2.189601, 0.241493
574.909668, 1.560711, -1.807102
579.624268, 2.191014, 0.237547
584.338867, 1.553157, -1.807407
589.053467, 2.191705, 0.233288
593.758057, 1.562872, -1.806963
598.472656, 2.190705, 0.238616
603.187256, 1.555221, -1.807306
607.901855, 2.191478, 0.234391
612.606445, 1.565032, -1.806822
617.321045, 2.190391, 0.239684
622.035645, 1.557293, -1.807199
626.750244, 2.191233, 0.235490
631.464844, 1.549093, -1.807706
636.169434, 2.190094, 0.240759
640.884033, 1.559371, -1.807092
645.598633, 2.190990, 0.236588
650.313232, 1.551222, -1.807587
655.017822, 2.189800, 0.241836
659.732422, 1.561458, -1.806977
664.447021, 2.190732, 0.237679
669.161621, 1.553343, -1.807467
673.876221, 2.191849, 0.233605
678.580811, 1.563556, -1.806858
683.295410, 2.190464, 0.238768
688.010010, 1.555453, -1.807351
692.724609, 2.191586, 0.234694
697.429199, 1.565663, -1.806737
702.143799, 2.190192, 0.239853
706.858398, 1.557572, -1.807230
711.572998, 2.191299, 0.235775
716.287598, 1.549673, -1.807640
720.992188, 2.189933, 0.240945
725.706787, 1.559694, -1.807106
730.421387, 2.191024, 0.236857
735.135986, 1.551774, -1.807528
739.840576, 2.189667, 0.242033
744.555176, 1.561809, -1.806984
749.269775, 2.190750, 0.237941
753.984375, 1.553884, -1.807412
758.698975, 2.191725, 0.233804
763.403564, 1.563916, -1.806862
768.118164, 2.190473, 0.239026
772.832764, 1.555968, -1.807294
777.547363, 2.191458, 0.234878
782.251953, 1.565996, -1.806741
786.966553, 2.190203, 0.240098
791.681152, 1.558070, -1.807179
796.395752, 2.191190, 0.235966
801.110352, 1.550024, -1.807640
805.814941, 2.189932, 0.241184
810.529541, 1.560182, -1.807061
815.244141, 2.190917, 0.237051
819.958740, 1.552132, -1.807525
824.663330, 2.189652, 0.242267
829.377930, 1.562283, -1.806941
834.092529, 2.190652, 0.238139
838.807129, 1.554248, -1.807406
843.521729, 2.191716, 0.234040
848.226318, 1.564386, -1.806821
852.940918, 2.190379, 0.239226
857.655518, 1.556362, -1.807289
862.370117, 2.191442, 0.235128
867.074707, 1.566491, -1.806700
871.789307, 2.190107, 0.240311
876.503906, 1.558476, -1.807169
881.218506, 2.191161, 0.236209
885.933105, 1.550516, -1.807599
890.637695, 2.189840, 0.241399
895.352295, 1.560583, -1.807049
900.066895, 2.190893, 0.237296
904.781494, 1.552623, -1.807486
909.486084, 2.189561, 0.242482
914.200684, 1.562698, -1.806930
918.915283, 2.190621, 0.238382
923.629883, 1.554728, -1.807372
928.344482, 2.191627, 0.234261
933.049072, 1.564804, -1.806804
937.763672, 2.190339, 0.239464
942.478271, 1.556830, -1.807255
947.192871, 2.191364, 0.235349
951.907471, 1.548835, -1.807696
956.612061, 2.190068, 0.240551
961.326660, 1.558951, -1.807133
966.041260, 2.191092, 0.236435
970.755859, 1.550943, -1.807582
975.460449, 2.189789, 0.241635
980.175049, 1.561047, -1.807019
984.889648, 2.190824, 0.237523
989.604248, 1.553055, -1.807467
994.318848, 2.191849, 0.233409
