time,theta,omega
202.627914, 1.921514, 0.134174
207.345322, 1.267213, -1.903175
212.052734, 2.461622, 0.374869
216.770142, 1.956533, -1.668087
221.477554, 1.921246, 0.133986
226.194962, 1.266972, -1.903168
230.902374, 2.461703, 0.374824
235.619781, 1.956523, -1.668036
240.327194, 1.921147, 0.133859
245.044601, 1.266784, -1.903167
249.752014, 2.461758, 0.374765
254.469421, 1.956432, -1.668024
259.181671, 1.918364, 0.129900
263.896271, 1.279853, -1.897061
268.610870, 2.444355, 0.358534
273.315460, 1.929259, -1.682076
278.030060, 1.943883, 0.141269
282.744659, 1.289997, -1.897360
287.459259, 2.439078, 0.357275
292.163849, 1.919936, -1.686923
296.878448, 1.953221, 0.146093
301.593048, 1.295505, -1.897308
306.307648, 2.436579, 0.357265
311.022247, 1.900162, -1.689940
315.726837, 1.957127, 0.148828
320.441437, 1.299229, -1.897236
325.156036, 2.435198, 0.357771
329.870636, 1.899870, -1.690815
334.575226, 1.958856, 0.150721
339.289825, 1.302143, -1.897185
344.004425, 2.434335, 0.358524
348.719025, 1.900789, -1.691160
353.433624, 1.960990, 0.142261
358.138214, 1.304690, -1.897142
362.852814, 2.433703, 0.359386
367.567413, 1.902262, -1.691261
372.282013, 1.961248, 0.143588
376.986603, 1.307069, -1.897101
381.701202, 2.433184, 0.360303
386.415802, 1.903995, -1.691241
391.130402, 1.961273, 0.144816
395.845001, 1.290361, -1.897294
400.549591, 2.432732, 0.361241
405.264191, 1.905856, -1.691173
409.978790, 1.961201, 0.146015
414.693390, 1.292609, -1.897273
419.397980, 2.432287, 0.362194
424.112579, 1.907769, -1.691078
428.827179, 1.961089, 0.147196
433.541779, 1.294852, -1.897247
438.256378, 2.435392, 0.354868
442.960968, 1.909677, -1.690987
447.675568, 1.960972, 0.148378
452.390167, 1.297074, -1.897226
457.104767, 2.434980, 0.355833
461.809357, 1.911649, -1.690867
466.523956, 1.960808, 0.149541
471.238556, 1.299281, -1.897203
475.953156, 2.434575, 0.356801
480.667755, 1.896709, -1.691764
485.372345, 1.960636, 0.150700
490.086945, 1.301504, -1.897173
494.801544, 2.434153, 0.357765
499.516144, 1.898657, -1.691658
504.220734, 1.960486, 0.151867
508.935333, 1.303719, -1.897143
513.649902, 2.433762, 0.358763
518.364502, 1.900747, -1.691508
523.079102, 1.961684, 0.143078
527.783691, 1.305972, -1.897112
532.498291, 2.433325, 0.359723
537.212891, 1.902683, -1.691407
541.927490, 1.961557, 0.144251
546.642090, 1.289226, -1.897299
551.346680, 2.432901, 0.360684
556.061279, 1.904634, -1.691298
560.775879, 1.961408, 0.145421
565.490479, 1.291444, -1.897279
570.195068, 2.432478, 0.361644
574.909668, 1.906589, -1.691187
579.624268, 1.961263, 0.146591
584.338867, 1.293661, -1.897259
589.053467, 2.435603, 0.354331
593.758057, 1.908569, -1.691064
598.472656, 1.961090, 0.147749
603.187256, 1.295879, -1.897235
607.901855, 2.435190, 0.355296
612.606445, 1.910519, -1.690953
617.321045, 1.960940, 0.148918
622.035645, 1.298090, -1.897214
626.750244, 2.434784, 0.356263
631.464844, 1.895582, -1.691847
636.169434, 1.960771, 0.150076
640.884033, 1.300296, -1.897190
645.598633, 2.434378, 0.357232
650.313232, 1.897570, -1.691724
655.017822, 1.960582, 0.151230
659.732422, 1.302510, -1.897160
664.447021, 2.433958, 0.358194
669.161621, 1.899522, -1.691616
673.876221, 1.961852, 0.142435
678.580811, 1.304724, -1.897130
683.295410, 2.433551, 0.359161
688.010010, 1.901513, -1.691491
692.724609, 1.961681, 0.143594
697.429199, 1.306934, -1.897097
702.143799, 2.433134, 0.360126
706.858398, 1.903484, -1.691371
711.572998, 1.961516, 0.144758
716.287598, 1.290175, -1.897290
720.992188, 2.432713, 0.361088
725.706787, 1.905434, -1.691263
730.421387, 1.961372, 0.145927
735.135986, 1.292399, -1.897270
739.840576, 2.432298, 0.362052
744.555176, 1.907421, -1.691139
749.269775, 1.961195, 0.147084
753.984375, 1.294601, -1.897251
758.698975, 2.435423, 0.354738
763.403564, 1.909382, -1.691024
768.118164, 1.961038, 0.148248
772.832764, 1.296805, -1.897223
777.547363, 2.435010, 0.355687
782.251953, 1.911302, -1.690916
786.966553, 1.960892, 0.149404
791.681152, 1.299010, -1.897203
796.395752, 2.434605, 0.356656
801.110352, 1.896375, -1.691807
805.814941, 1.960709, 0.150558
810.529541, 1.301213, -1.897177
815.244141, 2.434200, 0.357627
819.958740, 1.898370, -1.691680
824.663330, 1.960529, 0.151712
829.377930, 1.303431, -1.897147
834.092529, 2.433783, 0.358590
838.807129, 1.900320, -1.691574
843.521729, 1.961800, 0.142921
848.226318, 1.305648, -1.897113
852.940918, 2.433364, 0.359553
857.655518, 1.902283, -1.691459
862.370117, 1.961644, 0.144086
867.074707, 1.307859, -1.897081
871.789307, 2.432953, 0.360517
876.503906, 1.904270, -1.691334
881.218506, 1.961469, 0.145244
885.933105, 1.291098, -1.897282
890.637695, 2.432529, 0.361481
895.352295, 1.906235, -1.691221
900.066895, 1.961314, 0.146409
904.781494, 1.293306, -1.897264
909.486084, 2.432123, 0.362448
914.200684, 1.908232, -1.691089
918.915283, 1.961127, 0.147563
923.629883, 1.295508, -1.897245
928.344482, 2.435263, 0.355138
933.049072, 1.910208, -1.690968
937.763672, 1.960959, 0.148724
942.478271, 1.297732, -1.897217
947.192871, 2.434846, 0.356102
951.907471, 1.895254, -1.691868
956.612061, 1.960801, 0.149885
961.326660, 1.299943, -1.897190
966.041260, 2.434431, 0.357067
970.755859, 1.897212, -1.691759
975.460449, 1.960642, 0.151051
980.175049, 1.302158, -1.897164
984.889648, 2.434023, 0.358035
989.604248, 1.899199, -1.691635
994.318848, 1.961882, 0.142245
