time,theta,omega
202.627914, 2.967661, 1.194977
207.345322, 2.266186, -1.150939
212.052734, 1.601816, -0.052446
216.770142, 0.938568, -2.007967
221.477554, 2.890497, 0.644101
226.194962, -2.692848, -1.156839
230.902374, 1.616301, 1.413154
235.619781, 2.130025, -1.594818
240.327194, 1.888352, 0.116832
245.044601, 0.946673, -2.042838
249.752014, 2.898021, 0.653280
254.469421, -2.629742, -1.155089
259.181671, 2.013816, 1.252323
263.896271, 2.470568, -1.459278
268.610870, 1.589495, -0.017343
273.315460, 0.998997, -1.994458
278.030060, 2.840285, 0.610096
282.744659, -2.994664, -1.195043
287.459259, -2.614166, 0.896781
292.163849, -1.532119, 0.255613
296.878448, -0.878215, 2.012299
301.593048, -2.931760, -0.667535
306.307648, 2.423960, 1.165120
311.022247, -2.893011, -1.159616
315.726837, -0.544341, 1.948467
320.441437, 3.126815, -0.807155
325.156036, -0.342756, 1.967610
329.870636, 2.969622, -0.914898
334.575226, 2.677662, 0.180347
339.289825, 1.776756, -1.818167
344.004425, 2.233827, 0.275788
348.719025, 1.259473, -1.989463
353.433624, 2.654705, 0.497896
358.138214, 2.401090, -1.524584
362.852814, 1.669938, 0.029166
367.567413, 0.968213, -2.010245
372.282013, 2.865087, 0.623257
376.986603, -2.853803, -1.176833
381.701202, -0.228057, 1.971448
386.415802, 2.880199, -0.982441
391.130402, 1.839263, -0.249474
395.845001, 0.671463, -2.081519
400.549591, 3.091576, 0.783448
405.264191, -0.680439, -1.812822
409.978790, -2.290819, 1.416427
414.693390, -1.689636, -0.016744
419.397980, -0.963679, 2.017413
424.112579, -2.875132, -0.635690
428.827179, 2.775214, 1.163599
433.541779, -0.886840, -1.729800
438.256378, -2.193764, 1.486802
442.960968, -1.783509, -0.066720
447.675568, -0.949375, 2.030696
452.390167, -2.887940, -0.642244
457.104767, 2.707034, 1.155314
461.809357, -1.521110, -1.456520
466.523956, -2.120506, 1.593359
471.238556, -1.892167, -0.115809
475.953156, -0.963055, 2.038465
480.667755, -2.878995, -0.634767
485.372345, 2.763025, 1.166165
490.086945, -0.966135, -1.700916
494.801544, -2.167195, 1.512073
499.516144, -1.817542, -0.075336
504.220734, -0.958652, 2.034996
508.935333, -2.885579, -0.644667
513.649902, 2.702157, 1.158816
518.364502, -1.536577, -1.442611
523.079102, -2.111713, 1.593544
527.783691, -1.890649, -0.118935
532.498291, -0.969985, 2.039055
537.212891, -2.876926, -0.636906
541.927490, 2.769547, 1.159932
546.642090, -0.986967, -1.685956
551.346680, -2.169150, 1.514606
556.061279, -1.820920, -0.080529
560.775879, -0.945901, 2.034112
565.490479, -2.889565, -0.640911
570.195068, 2.698873, 1.162376
574.909668, -1.525845, -1.451206
579.624268, -2.115875, 1.593522
584.338867, -1.892417, -0.112796
589.053467, -0.956984, 2.037887
593.758057, -2.874555, -0.638852
598.472656, 2.766380, 1.163330
603.187256, -0.972110, -1.695563
607.901855, -2.162387, 1.512544
612.606445, -1.817355, -0.082558
617.321045, -0.952654, 2.034469
622.035645, -2.887460, -0.642953
626.750244, 2.705689, 1.155797
631.464844, -1.540347, -1.437676
636.169434, -2.122726, 1.593155
640.884033, -1.891087, -0.115959
645.598633, -0.963888, 2.038504
650.313232, -2.878813, -0.635154
655.017822, 2.761529, 1.166594
659.732422, -0.974304, -1.698030
664.447021, -2.164909, 1.514572
669.161621, -1.820810, -0.077356
673.876221, -0.939755, 2.033479
678.580811, -2.885108, -0.644928
683.295410, 2.702208, 1.159342
688.010010, -1.531193, -1.445568
692.724609, -2.111329, 1.593673
697.429199, -1.891458, -0.119753
702.143799, -0.971206, 2.039195
706.858398, -2.876487, -0.637124
711.572998, 2.769724, 1.160467
716.287598, -0.978525, -1.689975
720.992188, -2.172498, 1.512430
725.706787, -1.818092, -0.079767
730.421387, -0.946592, 2.033943
735.135986, -2.889372, -0.641235
739.840576, 2.697642, 1.162846
744.555176, -1.530072, -1.449827
749.269775, -2.117878, 1.593341
753.984375, -1.891459, -0.112958
758.698975, -0.957784, 2.037928
763.403564, -2.874364, -0.639207
768.118164, 2.765092, 1.163739
772.832764, -0.978675, -1.693288
777.547363, -2.160581, 1.514586
782.251953, -1.820018, -0.084260
786.966553, -0.953922, 2.034823
791.681152, -2.887048, -0.643199
796.395752, 2.705688, 1.156307
801.110352, -1.535521, -1.440373
805.814941, -2.122470, 1.593255
810.529541, -1.891790, -0.116720
815.244141, -0.965051, 2.038636
819.958740, -2.878395, -0.635369
824.663330, 2.761653, 1.167105
829.377930, -0.966543, -1.701714
834.092529, -2.167996, 1.512592
838.807129, -1.818244, -0.076696
843.521729, -0.940454, 2.033333
848.226318, -2.884900, -0.645231
852.940918, 2.701143, 1.159802
857.655518, -1.534348, -1.444662
862.370117, -2.113056, 1.593516
867.074707, -1.890695, -0.119969
871.789307, -0.972008, 2.039240
876.503906, -2.876283, -0.637457
881.218506, 2.768582, 1.160872
885.933105, -0.983680, -1.688285
890.637695, -2.171191, 1.514071
895.352295, -1.820239, -0.081235
900.066895, -0.947802, 2.034249
904.781494, -2.888983, -0.641487
909.486084, 2.697508, 1.163349
914.200684, -1.526216, -1.452080
918.915283, -2.117856, 1.593416
923.629883, -1.891992, -0.113658
928.344482, -0.958896, 2.038056
933.049072, -2.873976, -0.639439
937.763672, 2.765015, 1.164237
942.478271, -0.972854, -1.696196
947.192871, -2.163021, 1.513160
951.907471, -1.818912, -0.073876
956.612061, -0.954727, 2.034743
961.326660, -2.886808, -0.643505
966.041260, 2.704725, 1.156786
970.755859, -1.537761, -1.439893
975.460449, -2.123973, 1.593142
980.175049, -1.891205, -0.117022
984.889648, -0.965932, 2.038697
989.604248, -2.878159, -0.635700
994.318848, 2.772210, 1.158038
