time,theta,omega
202.627914, 2.184023, 0.236059
207.345322, 1.555095, -1.802942
212.052734, 2.184086, 0.236042
216.770142, 1.555077, -1.802928
221.477554, 2.184057, 0.235985
226.194962, 1.554955, -1.802946
230.902374, 2.184097, 0.235960
235.619781, 1.554906, -1.802941
240.327194, 2.184091, 0.235913
245.044601, 1.554811, -1.802953
249.752014, 2.184108, 0.235878
254.469421, 1.554745, -1.802953
259.181671, 2.181305, 0.231777
263.896271, 1.564862, -1.797180
268.610870, 2.168867, 0.222110
273.315460, 1.560695, -1.801128
278.030060, 2.178294, 0.231898
282.744659, 1.564177, -1.797942
287.459259, 2.170706, 0.224095
292.163849, 1.564994, -1.800305
296.878448, 2.176384, 0.232286
301.593048, 1.564477, -1.798398
306.307648, 2.171794, 0.225765
311.022247, 1.550528, -1.800770
315.726837, 2.175043, 0.232913
320.441437, 1.565405, -1.798651
325.156036, 2.172416, 0.227235
329.870636, 1.553553, -1.800358
334.575226, 2.174081, 0.233707
339.289825, 1.566743, -1.798770
344.004425, 2.172728, 0.228570
348.719025, 1.556278, -1.800038
353.433624, 2.175594, 0.225237
358.138214, 1.568343, -1.798803
362.852814, 2.172846, 0.229823
367.567413, 1.558770, -1.799794
372.282013, 2.175040, 0.226205
376.986603, 1.570121, -1.798779
381.701202, 2.172818, 0.231017
386.415802, 1.561135, -1.799579
391.130402, 2.174577, 0.227201
395.845001, 1.553987, -1.799783
400.549591, 2.172723, 0.232171
405.264191, 1.563405, -1.799404
409.978790, 2.174187, 0.228238
414.693390, 1.555948, -1.799706
419.397980, 2.172558, 0.233305
424.112579, 1.565603, -1.799248
428.827179, 2.173855, 0.229300
433.541779, 1.557972, -1.799611
438.256378, 2.174595, 0.225058
442.960968, 1.567752, -1.799105
447.675568, 2.173553, 0.230374
452.390167, 1.560034, -1.799503
457.104767, 2.174368, 0.226163
461.809357, 1.569888, -1.798969
466.523956, 2.173267, 0.231456
471.238556, 1.562099, -1.799392
475.953156, 2.174130, 0.227268
480.667755, 1.554012, -1.799893
485.372345, 2.172982, 0.232538
490.086945, 1.564182, -1.799273
494.801544, 2.173888, 0.228366
499.516144, 1.556139, -1.799762
504.220734, 2.172696, 0.233619
508.935333, 1.566260, -1.799153
513.649902, 2.173656, 0.229493
518.364502, 1.558311, -1.799637
523.079102, 2.174664, 0.225372
527.783691, 1.568396, -1.799028
532.498291, 2.173384, 0.230589
537.212891, 1.560420, -1.799509
541.927490, 2.174391, 0.226461
546.642090, 1.552480, -1.799960
551.346680, 2.173130, 0.231684
556.061279, 1.562530, -1.799384
560.775879, 2.174124, 0.227550
565.490479, 1.554580, -1.799841
570.195068, 2.172870, 0.232776
574.909668, 1.564621, -1.799264
579.624268, 2.173869, 0.228645
584.338867, 1.556673, -1.799725
589.053467, 2.174850, 0.224504
593.758057, 1.566728, -1.799135
598.472656, 2.173595, 0.229732
603.187256, 1.558768, -1.799607
607.901855, 2.174598, 0.225600
612.606445, 1.568839, -1.799002
617.321045, 2.173335, 0.230823
622.035645, 1.560868, -1.799484
626.750244, 2.174330, 0.226690
631.464844, 1.552914, -1.799937
636.169434, 2.173078, 0.231920
640.884033, 1.562975, -1.799357
645.598633, 2.174062, 0.227779
650.313232, 1.555007, -1.799823
655.017822, 2.172820, 0.233013
659.732422, 1.565083, -1.799231
664.447021, 2.173800, 0.228872
669.161621, 1.557117, -1.799699
673.876221, 2.174792, 0.224735
678.580811, 1.567176, -1.799106
683.295410, 2.173545, 0.229966
688.010010, 1.559211, -1.799580
692.724609, 2.174542, 0.225831
697.429199, 1.569272, -1.798981
702.143799, 2.173286, 0.231058
706.858398, 1.561322, -1.799455
711.572998, 2.174272, 0.226920
716.287598, 1.553365, -1.799911
720.992188, 2.173028, 0.232151
725.706787, 1.563421, -1.799333
730.421387, 2.174018, 0.228014
735.135986, 1.555468, -1.799792
739.840576, 2.172753, 0.233239
744.555176, 1.565521, -1.799207
749.269775, 2.173751, 0.229106
753.984375, 1.557565, -1.799673
758.698975, 2.174736, 0.224966
763.403564, 1.567613, -1.799082
768.118164, 2.173493, 0.230198
772.832764, 1.559657, -1.799546
777.547363, 2.174469, 0.226041
782.251953, 1.569671, -1.798961
786.966553, 2.173242, 0.231281
791.681152, 1.561747, -1.799428
796.395752, 2.174220, 0.227137
801.110352, 1.553777, -1.799891
805.814941, 2.172973, 0.232369
810.529541, 1.563845, -1.799304
815.244141, 2.173951, 0.228228
819.958740, 1.555875, -1.799772
824.663330, 2.172702, 0.233458
829.377930, 1.565937, -1.799182
834.092529, 2.173700, 0.229322
838.807129, 1.557985, -1.799649
843.521729, 2.174680, 0.225182
848.226318, 1.568040, -1.799054
852.940918, 2.173430, 0.230413
857.655518, 1.560074, -1.799532
862.370117, 2.174439, 0.226284
867.074707, 1.570143, -1.798925
871.789307, 2.173164, 0.231503
876.503906, 1.562174, -1.799407
881.218506, 2.174175, 0.227375
885.933105, 1.554241, -1.799859
890.637695, 2.172908, 0.232596
895.352295, 1.564272, -1.799283
900.066895, 2.173913, 0.228466
904.781494, 1.556340, -1.799740
909.486084, 2.172630, 0.233683
914.200684, 1.566359, -1.799162
918.915283, 2.173663, 0.229563
923.629883, 1.558438, -1.799620
928.344482, 2.174625, 0.225414
933.049072, 1.568473, -1.799030
937.763672, 2.173387, 0.230650
942.478271, 1.560540, -1.799497
947.192871, 2.174369, 0.226507
951.907471, 1.552572, -1.799957
956.612061, 2.173125, 0.231739
961.326660, 1.562631, -1.799378
966.041260, 2.174118, 0.227603
970.755859, 1.554685, -1.799833
975.460449, 2.172844, 0.232825
980.175049, 1.564717, -1.799259
984.889648, 2.173868, 0.228700
989.604248, 1.556793, -1.799712
994.318848, 2.174817, 0.224548
