time,theta,omega
202.627914, 1.685384, 0.041187
207.345322, 1.047700, -1.976831
212.052734, 2.749374, 0.550330
216.770142, 2.857668, -1.306768
221.477554, 1.356203, -0.213116
226.194962, 1.168338, -1.893626
230.902374, 2.631741, 0.473307
235.619781, 2.333371, -1.535425
240.327194, 1.688535, 0.042316
245.044601, 1.046599, -1.977434
249.752014, 2.750242, 0.550752
254.469421, 2.861316, -1.305228
259.181671, 1.354009, -0.219344
263.896271, 1.179392, -1.888521
268.610870, 2.615405, 0.456690
273.315460, 2.280155, -1.563006
278.030060, 1.736150, 0.060632
282.744659, 1.054201, -1.981003
287.459259, 2.741033, 0.540150
292.163849, 2.823555, -1.324260
296.878448, 1.353419, -0.188439
301.593048, 1.202339, -1.882513
306.307648, 2.599108, 0.449469
311.022247, 2.212390, -1.589005
315.726837, 1.785873, 0.082955
320.441437, 1.055001, -1.988641
325.156036, 2.745398, 0.545930
329.870636, 2.841874, -1.310469
334.575226, 1.352826, -0.205213
339.289825, 1.196777, -1.885506
344.004425, 2.606133, 0.455885
348.719025, 2.245354, -1.575297
353.433624, 1.760168, 0.064709
358.138214, 1.060920, -1.985234
362.852814, 2.741757, 0.545604
367.567413, 2.832678, -1.316075
372.282013, 1.351127, -0.203733
376.986603, 1.206164, -1.883892
381.701202, 2.600989, 0.455217
386.415802, 2.234133, -1.582282
391.130402, 1.773390, 0.072403
395.845001, 1.044821, -1.986273
400.549591, 2.741862, 0.548185
405.264191, 2.842715, -1.314203
409.978790, 1.351542, -0.206340
414.693390, 1.188990, -1.884729
419.397980, 2.602151, 0.458220
424.112579, 2.245849, -1.578537
428.827179, 1.766015, 0.071891
433.541779, 1.049866, -1.985535
438.256378, 2.745321, 0.542585
442.960968, 2.842206, -1.316427
447.675568, 1.352025, -0.201929
452.390167, 1.194820, -1.884290
457.104767, 2.604435, 0.451872
461.809357, 2.245261, -1.580548
466.523956, 1.769694, 0.075789
471.238556, 1.054263, -1.986352
475.953156, 2.744447, 0.544421
480.667755, 2.834119, -1.312892
485.372345, 1.352497, -0.201218
490.086945, 1.198430, -1.884543
494.801544, 2.604029, 0.453972
499.516144, 2.235464, -1.579424
504.220734, 1.767452, 0.077321
508.935333, 1.059015, -1.986317
513.649902, 2.743005, 0.545840
518.364502, 2.836330, -1.314090
523.079102, 1.350904, -0.207283
527.783691, 1.203246, -1.884426
532.498291, 2.602656, 0.455540
537.212891, 2.238100, -1.579951
541.927490, 1.768960, 0.069969
546.642090, 1.043790, -1.985569
551.346680, 2.741796, 0.547439
556.061279, 2.839744, -1.314795
560.775879, 1.351397, -0.205479
565.490479, 1.188651, -1.884447
570.195068, 2.601731, 0.457333
574.909668, 2.242255, -1.579741
579.624268, 1.768384, 0.072169
584.338867, 1.048450, -1.985790
589.053467, 2.745906, 0.542345
593.758057, 2.842577, -1.315730
598.472656, 1.351885, -0.203296
603.187256, 1.193136, -1.884436
607.901855, 2.605107, 0.451625
612.606445, 2.245641, -1.579892
617.321045, 1.768491, 0.074640
622.035645, 1.053067, -1.986100
626.750244, 2.744668, 0.543903
631.464844, 2.832635, -1.312913
636.169434, 1.352368, -0.201345
640.884033, 1.197477, -1.884463
645.598633, 2.604106, 0.453376
650.313232, 2.233700, -1.579775
655.017822, 1.768171, 0.076942
659.732422, 1.057701, -1.986344
664.447021, 2.743397, 0.545436
669.161621, 2.835652, -1.313770
673.876221, 1.350764, -0.208002
678.580811, 1.201893, -1.884455
683.295410, 2.603034, 0.455088
688.010010, 2.237310, -1.579821
692.724609, 1.768760, 0.069191
697.429199, 1.062330, -1.986605
702.143799, 2.742136, 0.546976
706.858398, 2.838731, -1.314602
711.572998, 1.351259, -0.205981
716.287598, 1.187433, -1.884424
720.992188, 2.601994, 0.456816
725.706787, 2.241042, -1.579809
730.421387, 1.768559, 0.071541
735.135986, 1.047104, -1.985730
739.840576, 2.740858, 0.548510
744.555176, 2.841764, -1.315459
749.269775, 1.351741, -0.203926
753.984375, 1.191847, -1.884439
758.698975, 2.605422, 0.451139
763.403564, 2.244629, -1.579869
768.118164, 1.768489, 0.073941
772.832764, 1.051714, -1.986011
777.547363, 2.745032, 0.543442
782.251953, 2.844817, -1.316296
786.966553, 1.352223, -0.201913
791.681152, 1.196215, -1.884451
796.395752, 2.604383, 0.452853
801.110352, 2.232500, -1.579824
805.814941, 1.768319, 0.076287
810.529541, 1.056337, -1.986280
815.244141, 2.743778, 0.544988
819.958740, 2.834786, -1.313508
824.663330, 1.352703, -0.199910
829.377930, 1.200588, -1.884461
834.092529, 2.603358, 0.454588
838.807129, 2.236270, -1.579795
843.521729, 1.768762, 0.068477
848.226318, 1.060974, -1.986526
852.940918, 2.742501, 0.546519
857.655518, 2.837800, -1.314367
862.370117, 1.351111, -0.206558
867.074707, 1.204997, -1.884449
871.789307, 2.602296, 0.456303
876.503906, 2.239911, -1.579828
881.218506, 1.768649, 0.070861
885.933105, 1.045742, -1.985653
890.637695, 2.741238, 0.548061
895.352295, 2.840883, -1.315201
900.066895, 1.351600, -0.204537
904.781494, 1.190545, -1.884437
909.486084, 2.601235, 0.458023
914.200684, 2.243596, -1.579839
918.915283, 1.768494, 0.073228
923.629883, 1.050372, -1.985932
928.344482, 2.745394, 0.543001
933.049072, 2.843935, -1.316053
937.763672, 1.352084, -0.202498
942.478271, 1.194947, -1.884449
947.192871, 2.604689, 0.452358
951.907471, 2.231471, -1.579808
956.612061, 1.768344, 0.075596
961.326660, 1.054996, -1.986203
966.041260, 2.744138, 0.544543
970.755859, 2.833897, -1.313270
975.460449, 1.352566, -0.200484
980.175049, 1.199328, -1.884459
984.889648, 2.603656, 0.454090
989.604248, 2.235186, -1.579805
994.318848, 1.768828, 0.067803
