time,theta,omega
202.627914, 1.978047, 0.140245
207.345322, 1.644626, -1.696852
212.052734, 1.978046, 0.140203
216.770142, 1.644552, -1.696859
221.477554, 1.978061, 0.140162
226.194962, 1.644487, -1.696864
230.902374, 1.978054, 0.140118
235.619781, 1.644408, -1.696872
240.327194, 1.978066, 0.140079
245.044601, 1.644332, -1.696882
249.752014, 1.978080, 0.140040
254.469421, 1.644271, -1.696885
259.181671, 1.975434, 0.136269
263.896271, 1.656338, -1.689975
268.610870, 1.961735, 0.127206
273.315460, 1.662163, -1.688950
278.030060, 1.963013, 0.133217
282.744659, 1.655026, -1.689738
287.459259, 1.963428, 0.128829
292.163849, 1.664452, -1.688849
296.878448, 1.962719, 0.134346
301.593048, 1.656986, -1.689545
306.307648, 1.963284, 0.129980
311.022247, 1.649508, -1.690231
315.726837, 1.962581, 0.135503
320.441437, 1.658964, -1.689362
325.156036, 1.963138, 0.131133
329.870636, 1.651484, -1.690052
334.575226, 1.962421, 0.136651
339.289825, 1.660925, -1.689181
344.004425, 1.962994, 0.132288
348.719025, 1.653462, -1.689870
353.433624, 1.963543, 0.127918
358.138214, 1.662897, -1.688999
362.852814, 1.962843, 0.133441
367.567413, 1.655432, -1.689690
372.282013, 1.963403, 0.129072
376.986603, 1.664860, -1.688816
381.701202, 1.962703, 0.134595
386.415802, 1.657412, -1.689501
391.130402, 1.963239, 0.130213
395.845001, 1.649924, -1.690188
400.549591, 1.962540, 0.135735
405.264191, 1.659365, -1.689327
409.978790, 1.963104, 0.131371
414.693390, 1.651892, -1.690012
419.397980, 1.962391, 0.136889
424.112579, 1.661338, -1.689144
428.827179, 1.962964, 0.132526
433.541779, 1.653865, -1.689834
438.256378, 1.963516, 0.128156
442.960968, 1.663297, -1.688961
447.675568, 1.962820, 0.133679
452.390167, 1.655838, -1.689653
457.104767, 1.963373, 0.129311
461.809357, 1.665271, -1.688776
466.523956, 1.962661, 0.134829
471.238556, 1.657810, -1.689471
475.953156, 1.963226, 0.130464
480.667755, 1.650341, -1.690153
485.372345, 1.962509, 0.135981
490.086945, 1.659774, -1.689291
494.801544, 1.963082, 0.131617
499.516144, 1.652313, -1.689974
504.220734, 1.962355, 0.137129
508.935333, 1.661747, -1.689106
513.649902, 1.962956, 0.132798
518.364502, 1.654338, -1.689791
523.079102, 1.963480, 0.128431
527.783691, 1.663771, -1.688915
532.498291, 1.962781, 0.133953
537.212891, 1.656306, -1.689611
541.927490, 1.963340, 0.129588
546.642090, 1.648842, -1.690286
551.346680, 1.962621, 0.135102
556.061279, 1.658283, -1.689424
560.775879, 1.963186, 0.130737
565.490479, 1.650801, -1.690114
570.195068, 1.962483, 0.136258
574.909668, 1.660258, -1.689243
579.624268, 1.963042, 0.131891
584.338867, 1.652784, -1.689931
589.053467, 1.963593, 0.127522
593.758057, 1.662224, -1.689059
598.472656, 1.962888, 0.133044
603.187256, 1.654760, -1.689750
607.901855, 1.963446, 0.128674
612.606445, 1.664188, -1.688877
617.321045, 1.962750, 0.134196
622.035645, 1.656721, -1.689574
626.750244, 1.963306, 0.129831
631.464844, 1.649260, -1.690250
636.169434, 1.962594, 0.135348
640.884033, 1.658701, -1.689388
645.598633, 1.963159, 0.130984
650.313232, 1.651239, -1.690068
655.017822, 1.962431, 0.136496
659.732422, 1.660668, -1.689205
664.447021, 1.963011, 0.132137
669.161621, 1.653201, -1.689893
673.876221, 1.963565, 0.127768
678.580811, 1.662635, -1.689023
683.295410, 1.962865, 0.133290
688.010010, 1.655171, -1.689715
692.724609, 1.963418, 0.128920
697.429199, 1.664607, -1.688837
702.143799, 1.962708, 0.134440
706.858398, 1.657142, -1.689531
711.572998, 1.963276, 0.130074
716.287598, 1.649673, -1.690214
720.992188, 1.962563, 0.135594
725.706787, 1.659117, -1.689351
730.421387, 1.963126, 0.131227
735.135986, 1.651652, -1.690032
739.840576, 1.962407, 0.136743
744.555176, 1.661090, -1.689165
749.269775, 1.962978, 0.132380
753.984375, 1.653621, -1.689855
758.698975, 1.963532, 0.128012
763.403564, 1.663054, -1.688984
768.118164, 1.962836, 0.133532
772.832764, 1.655581, -1.689670
777.547363, 1.963377, 0.129145
782.251953, 1.665000, -1.688800
786.966553, 1.962675, 0.134668
791.681152, 1.657536, -1.689496
796.395752, 1.963248, 0.130305
801.110352, 1.650069, -1.690177
805.814941, 1.962533, 0.135823
810.529541, 1.659511, -1.689312
815.244141, 1.963095, 0.131457
819.958740, 1.652045, -1.689995
824.663330, 1.962366, 0.136969
829.377930, 1.661473, -1.689131
834.092529, 1.962955, 0.132610
838.807129, 1.654016, -1.689819
843.521729, 1.963501, 0.128240
848.226318, 1.663454, -1.688944
852.940918, 1.962799, 0.133762
857.655518, 1.655984, -1.689640
862.370117, 1.963362, 0.129395
867.074707, 1.665416, -1.688761
871.789307, 1.962650, 0.134915
876.503906, 1.657956, -1.689457
881.218506, 1.963214, 0.130549
885.933105, 1.650483, -1.690140
890.637695, 1.962503, 0.136067
895.352295, 1.659924, -1.689277
900.066895, 1.963072, 0.131704
904.781494, 1.652463, -1.689959
909.486084, 1.962342, 0.137215
914.200684, 1.661900, -1.689090
918.915283, 1.962923, 0.132855
923.629883, 1.654423, -1.689786
928.344482, 1.963476, 0.128489
933.049072, 1.663866, -1.688907
937.763672, 1.962772, 0.134008
942.478271, 1.656396, -1.689605
947.192871, 1.963330, 0.129642
951.907471, 1.648924, -1.690283
956.612061, 1.962625, 0.135162
961.326660, 1.658377, -1.689417
966.041260, 1.963183, 0.130793
970.755859, 1.650911, -1.690100
975.460449, 1.962460, 0.136309
980.175049, 1.660345, -1.689234
984.889648, 1.963038, 0.131948
989.604248, 1.652881, -1.689922
994.318848, 1.963584, 0.127577
