time,theta,omega
202.627914, 2.258910, 0.272475
207.345322, 1.607321, -1.797396
212.052734, 2.172085, 0.233642
216.770142, 1.495979, -1.834691
221.477554, 2.257279, 0.271641
226.194962, 1.604742, -1.798276
230.902374, 2.173994, 0.234387
235.619781, 1.497917, -1.834056
240.327194, 2.255725, 0.270844
245.044601, 1.602290, -1.799108
249.752014, 2.175804, 0.235091
254.469421, 1.499758, -1.833446
259.181671, 2.251390, 0.265928
263.896271, 1.608921, -1.794559
268.610870, 2.163068, 0.222374
273.315460, 1.508865, -1.830714
278.030060, 2.245970, 0.264871
282.744659, 1.604022, -1.796915
287.459259, 2.168229, 0.225821
292.163849, 1.516757, -1.828840
296.878448, 2.241348, 0.263979
301.593048, 1.600099, -1.798924
306.307648, 2.172642, 0.228945
311.022247, 1.505664, -1.828068
315.726837, 2.237238, 0.263328
320.441437, 1.596949, -1.800650
325.156036, 2.176434, 0.231807
329.870636, 1.512272, -1.826577
334.575226, 2.233566, 0.262878
339.289825, 1.594460, -1.802134
344.004425, 2.179725, 0.234449
348.719025, 1.518375, -1.825228
353.433624, 2.232814, 0.253439
358.138214, 1.592538, -1.803414
362.852814, 2.182562, 0.236897
367.567413, 1.524023, -1.824011
372.282013, 2.229863, 0.253312
376.986603, 1.591096, -1.804522
381.701202, 2.185019, 0.239180
386.415802, 1.529279, -1.822901
391.130402, 2.227196, 0.253306
395.845001, 1.571979, -1.806512
400.549591, 2.187172, 0.241321
405.264191, 1.534190, -1.821903
409.978790, 2.224795, 0.253434
414.693390, 1.571316, -1.807346
419.397980, 2.189014, 0.243338
424.112579, 1.538773, -1.821001
428.827179, 2.222640, 0.253671
433.541779, 1.570988, -1.808063
438.256378, 2.192962, 0.235930
442.960968, 1.543092, -1.820176
447.675568, 2.220677, 0.253996
452.390167, 1.570920, -1.808690
457.104767, 2.194366, 0.237755
461.809357, 1.547179, -1.819421
466.523956, 2.218899, 0.254403
471.238556, 1.571106, -1.809228
475.953156, 2.195570, 0.239492
480.667755, 1.532854, -1.819695
485.372345, 2.217273, 0.254884
490.086945, 1.571501, -1.809693
494.801544, 2.196612, 0.241157
499.516144, 1.536545, -1.819080
504.220734, 2.215793, 0.255429
508.935333, 1.572097, -1.810089
513.649902, 2.197520, 0.242788
518.364502, 1.540144, -1.818504
523.079102, 2.216883, 0.246829
527.783691, 1.572883, -1.810432
532.498291, 2.198275, 0.244334
537.212891, 1.543518, -1.817983
541.927490, 2.215643, 0.247478
546.642090, 1.555659, -1.811717
551.346680, 2.198921, 0.245827
556.061279, 1.546746, -1.817510
560.775879, 2.214517, 0.248181
565.490479, 1.556701, -1.811968
570.195068, 2.199462, 0.247271
574.909668, 1.549865, -1.817068
579.624268, 2.213476, 0.248918
584.338867, 1.557857, -1.812177
589.053467, 2.202300, 0.239392
593.758057, 1.552867, -1.816661
598.472656, 2.212517, 0.249697
603.187256, 1.559121, -1.812349
607.901855, 2.202681, 0.240766
612.606445, 1.555773, -1.816285
617.321045, 2.211634, 0.250507
622.035645, 1.560479, -1.812489
626.750244, 2.202976, 0.242103
631.464844, 1.540425, -1.816903
636.169434, 2.210806, 0.251343
640.884033, 1.561916, -1.812600
645.598633, 2.203220, 0.243416
650.313232, 1.543176, -1.816588
655.017822, 2.210042, 0.252208
659.732422, 1.563427, -1.812686
664.447021, 2.203401, 0.244701
669.161621, 1.545855, -1.816294
673.876221, 2.211766, 0.243852
678.580811, 1.565018, -1.812743
683.295410, 2.203525, 0.245960
688.010010, 1.548466, -1.816019
692.724609, 2.211104, 0.244762
697.429199, 1.566649, -1.812787
702.143799, 2.203612, 0.247205
706.858398, 1.551038, -1.815759
711.572998, 2.210481, 0.245690
716.287598, 1.550206, -1.813795
720.992188, 2.203648, 0.248427
725.706787, 1.553548, -1.815516
730.421387, 2.209897, 0.246635
735.135986, 1.551947, -1.813810
739.840576, 2.203648, 0.249632
744.555176, 1.556016, -1.815283
749.269775, 2.209349, 0.247595
753.984375, 1.553722, -1.813813
758.698975, 2.206037, 0.241561
763.403564, 1.558455, -1.815061
768.118164, 2.208817, 0.248562
772.832764, 1.555511, -1.813799
777.547363, 2.205989, 0.242730
782.251953, 1.560815, -1.814855
786.966553, 2.208330, 0.249537
791.681152, 1.557366, -1.813774
796.395752, 2.205915, 0.243901
801.110352, 1.545033, -1.815629
805.814941, 2.207847, 0.250527
810.529541, 1.559224, -1.813745
815.244141, 2.205829, 0.245069
819.958740, 1.547388, -1.815441
824.663330, 2.207382, 0.251526
829.377930, 1.561126, -1.813700
834.092529, 2.205712, 0.246221
838.807129, 1.549707, -1.815264
843.521729, 2.209379, 0.243283
848.226318, 1.563056, -1.813644
852.940918, 2.205572, 0.247364
857.655518, 1.552001, -1.815095
862.370117, 2.208956, 0.244304
867.074707, 1.565001, -1.813581
871.789307, 2.205420, 0.248501
876.503906, 1.554273, -1.814929
881.218506, 2.208560, 0.245331
885.933105, 1.548821, -1.814500
890.637695, 2.205248, 0.249630
895.352295, 1.556534, -1.814767
900.066895, 2.208170, 0.246362
904.781494, 1.550805, -1.814435
909.486084, 2.205059, 0.250753
914.200684, 1.558771, -1.814611
918.915283, 2.207795, 0.247401
923.629883, 1.552807, -1.814361
928.344482, 2.207286, 0.242611
933.049072, 1.560993, -1.814458
937.763672, 2.207429, 0.248443
942.478271, 1.554817, -1.814285
947.192871, 2.207088, 0.243728
951.907471, 1.545058, -1.815280
956.612061, 2.207068, 0.249488
961.326660, 1.556851, -1.814196
966.041260, 2.206868, 0.244837
970.755859, 1.547250, -1.815148
975.460449, 2.206720, 0.250540
980.175049, 1.558880, -1.814112
984.889648, 2.206661, 0.245948
989.604248, 1.549454, -1.815009
994.318848, 2.208792, 0.242333
