time,theta,omega
202.627914, 2.236314, 0.261262
207.345322, 1.588533, -1.800467
212.052734, 2.178300, 0.235549
216.770142, 1.516657, -1.824336
221.477554, 2.233014, 0.259694
226.194962, 1.583885, -1.802042
230.902374, 2.181780, 0.236978
235.619781, 1.520405, -1.823114
240.327194, 2.230092, 0.258298
245.044601, 1.579792, -1.803416
249.752014, 2.184830, 0.238223
254.469421, 1.523700, -1.822030
259.181671, 2.224667, 0.252933
263.896271, 1.585658, -1.799103
268.610870, 2.172709, 0.225757
273.315460, 1.532909, -1.819269
278.030060, 2.219220, 0.251921
282.744659, 1.581340, -1.801174
287.459259, 2.177377, 0.228985
292.163849, 1.540400, -1.817459
296.878448, 2.214886, 0.251202
301.593048, 1.578299, -1.802805
306.307648, 2.181045, 0.231788
311.022247, 1.528710, -1.816922
315.726837, 2.211303, 0.250822
320.441437, 1.576256, -1.804093
325.156036, 2.183964, 0.234262
329.870636, 1.534427, -1.815666
334.575226, 2.208308, 0.250701
339.289825, 1.574987, -1.805110
344.004425, 2.186269, 0.236474
348.719025, 1.539467, -1.814621
353.433624, 2.208243, 0.241559
358.138214, 1.574382, -1.805899
362.852814, 2.188065, 0.238465
367.567413, 1.543962, -1.813739
372.282013, 2.206157, 0.241841
376.986603, 1.574280, -1.806519
381.701202, 2.189472, 0.240285
386.415802, 1.548035, -1.812987
391.130402, 2.204386, 0.242257
395.845001, 1.556485, -1.808018
400.549591, 2.190582, 0.241965
405.264191, 1.551734, -1.812358
409.978790, 2.202905, 0.242810
414.693390, 1.557139, -1.808386
419.397980, 2.191407, 0.243531
424.112579, 1.555132, -1.811823
428.827179, 2.201655, 0.243461
433.541779, 1.558064, -1.808666
438.256378, 2.194381, 0.235705
442.960968, 1.558299, -1.811357
447.675568, 2.200575, 0.244191
452.390167, 1.559211, -1.808868
457.104767, 2.194850, 0.237115
461.809357, 1.561276, -1.810955
466.523956, 2.199641, 0.244984
471.238556, 1.560529, -1.809016
475.953156, 2.195184, 0.238464
480.667755, 1.545981, -1.811600
485.372345, 2.198826, 0.245830
490.086945, 1.561994, -1.809111
494.801544, 2.195396, 0.239764
499.516144, 1.548665, -1.811301
504.220734, 2.198109, 0.246720
508.935333, 1.563590, -1.809162
513.649902, 2.195536, 0.241052
518.364502, 1.551330, -1.811024
523.079102, 2.199829, 0.238384
527.783691, 1.565304, -1.809187
532.498291, 2.195579, 0.242283
537.212891, 1.553820, -1.810787
541.927490, 2.199273, 0.239344
546.642090, 1.548971, -1.810180
551.346680, 2.195554, 0.243478
556.061279, 1.556226, -1.810574
560.775879, 2.198764, 0.240325
565.490479, 1.550813, -1.810157
570.195068, 2.195479, 0.244650
574.909668, 1.558591, -1.810373
579.624268, 2.198304, 0.241327
584.338867, 1.552698, -1.810118
589.053467, 2.197739, 0.236516
593.758057, 1.560909, -1.810185
598.472656, 2.197867, 0.242340
603.187256, 1.554618, -1.810068
607.901855, 2.197616, 0.237666
612.606445, 1.563192, -1.810008
617.321045, 2.197460, 0.243366
622.035645, 1.556580, -1.810001
626.750244, 2.197451, 0.238799
631.464844, 1.547315, -1.810846
636.169434, 2.197089, 0.244408
640.884033, 1.558584, -1.809920
645.598633, 2.197262, 0.239921
650.313232, 1.549539, -1.810698
655.017822, 2.196726, 0.245450
659.732422, 1.560592, -1.809835
664.447021, 2.197060, 0.241037
669.161621, 1.551745, -1.810555
673.876221, 2.198743, 0.237214
678.580811, 1.562614, -1.809745
683.295410, 2.196853, 0.242151
688.010010, 1.553927, -1.810416
692.724609, 2.198419, 0.238275
697.429199, 1.564663, -1.809645
702.143799, 2.196625, 0.243255
706.858398, 1.556104, -1.810281
711.572998, 2.198097, 0.239339
716.287598, 1.548614, -1.810545
720.992188, 2.196383, 0.244354
725.706787, 1.558257, -1.810150
730.421387, 2.197797, 0.240410
735.135986, 1.550697, -1.810444
739.840576, 2.196124, 0.245446
744.555176, 1.560403, -1.810018
749.269775, 2.197490, 0.241481
753.984375, 1.552767, -1.810342
758.698975, 2.198250, 0.237253
763.403564, 1.562553, -1.809886
768.118164, 2.197184, 0.242549
772.832764, 1.554824, -1.810237
777.547363, 2.198002, 0.238332
782.251953, 1.564656, -1.809761
786.966553, 2.196895, 0.243612
791.681152, 1.556899, -1.810133
796.395752, 2.197757, 0.239428
801.110352, 1.548694, -1.810633
805.814941, 2.196585, 0.244682
810.529541, 1.558986, -1.810024
815.244141, 2.197501, 0.240521
819.958740, 1.550825, -1.810515
824.663330, 2.196290, 0.245758
829.377930, 1.561085, -1.809908
834.092529, 2.197234, 0.241608
838.807129, 1.552948, -1.810400
843.521729, 2.198378, 0.237551
848.226318, 1.563185, -1.809793
852.940918, 2.196961, 0.242694
857.655518, 1.555061, -1.810283
862.370117, 2.198103, 0.238633
867.074707, 1.565290, -1.809673
871.789307, 2.196691, 0.243780
876.503906, 1.557177, -1.810165
881.218506, 2.197824, 0.239715
885.933105, 1.549285, -1.810562
890.637695, 2.196419, 0.244864
895.352295, 1.559304, -1.810041
900.066895, 2.197538, 0.240794
904.781494, 1.551397, -1.810449
909.486084, 2.196141, 0.245948
914.200684, 1.561417, -1.809923
918.915283, 2.197263, 0.241877
923.629883, 1.553495, -1.810343
928.344482, 2.198238, 0.237746
933.049072, 1.563534, -1.809800
937.763672, 2.196983, 0.242958
942.478271, 1.555608, -1.810226
947.192871, 2.197970, 0.238829
951.907471, 1.547537, -1.810679
956.612061, 2.196705, 0.244041
961.326660, 1.557718, -1.810109
966.041260, 2.197701, 0.239916
970.755859, 1.549658, -1.810566
975.460449, 2.196417, 0.245122
980.175049, 1.559827, -1.809992
984.889648, 2.197421, 0.240998
989.604248, 1.551772, -1.810450
994.318848, 2.198506, 0.236912
