time,theta,omega
202.627914, -2.869205, 1.317311
207.345322, -1.376132, 0.213662
212.052734, -1.098482, 1.929981
216.770142, -2.732551, -0.532655
221.477554, -2.729232, 1.372700
226.194962, -1.408584, 0.127193
230.902374, -1.116268, 1.929935
235.619781, -2.720133, -0.525512
240.327194, -2.673118, 1.396172
245.044601, -1.440846, 0.097119
249.752014, -1.101938, 1.939002
254.469421, -2.733891, -0.534480
259.181671, -2.741002, 1.364078
263.896271, -1.396299, 0.139144
268.610870, -1.120178, 1.921013
273.315460, -2.691059, -0.513345
278.030060, -2.564907, 1.440517
282.744659, -1.510910, 0.047912
287.459259, -1.068811, 1.953599
292.163849, -2.741105, -0.547216
296.878448, -2.802554, 1.341054
301.593048, -1.376869, 0.172389
306.307648, -1.124525, 1.918056
311.022247, -2.693717, -0.506953
315.726837, -2.562070, 1.443688
320.441437, -1.515888, 0.042876
325.156036, -1.070997, 1.955177
329.870636, -2.747470, -0.543619
334.575226, -2.816408, 1.337627
339.289825, -1.375226, 0.177113
344.004425, -1.127152, 1.918382
348.719025, -2.693903, -0.509351
353.433624, -2.556832, 1.439771
358.138214, -1.511456, 0.043199
362.852814, -1.077754, 1.954112
367.567413, -2.744158, -0.543805
372.282013, -2.796185, 1.338948
376.986603, -1.377519, 0.168717
381.701202, -1.133376, 1.918271
386.415802, -2.691416, -0.510193
391.130402, -2.554583, 1.442672
395.845001, -1.515448, 0.048182
400.549591, -1.080178, 1.955538
405.264191, -2.744875, -0.546637
409.978790, -2.808928, 1.335916
414.693390, -1.374303, 0.181642
419.397980, -1.136153, 1.918572
424.112579, -2.691494, -0.512530
428.827179, -2.563348, 1.440666
433.541779, -1.511331, 0.048308
438.256378, -1.067255, 1.953664
442.960968, -2.741691, -0.546910
447.675568, -2.802691, 1.340411
452.390167, -1.376520, 0.173651
457.104767, -1.123083, 1.918025
461.809357, -2.689088, -0.513430
466.523956, -2.561496, 1.443392
471.238556, -1.515535, 0.043716
475.953156, -1.069814, 1.955029
480.667755, -2.747700, -0.543083
485.372345, -2.814848, 1.337648
490.086945, -1.375214, 0.177298
494.801544, -1.125975, 1.918332
499.516144, -2.694151, -0.508829
504.220734, -2.569850, 1.441583
508.935333, -1.511739, 0.043676
513.649902, -1.076258, 1.954169
518.364502, -2.744706, -0.543507
523.079102, -2.796276, 1.338349
527.783691, -1.377204, 0.169895
532.498291, -1.131982, 1.918257
537.212891, -2.691856, -0.509818
541.927490, -2.554152, 1.442342
546.642090, -1.515029, 0.049025
551.346680, -1.079104, 1.955379
556.061279, -2.745059, -0.546107
560.775879, -2.807265, 1.336015
565.490479, -1.374323, 0.181699
570.195068, -1.135096, 1.918517
574.909668, -2.691688, -0.512012
579.624268, -2.561861, 1.440806
584.338867, -1.511738, 0.048681
589.053467, -1.065798, 1.953723
593.758057, -2.742228, -0.546614
598.472656, -2.802763, 1.339825
603.187256, -1.376211, 0.174810
607.901855, -1.121707, 1.918005
612.606445, -2.689521, -0.513050
617.321045, -2.561018, 1.443081
622.035645, -1.515158, 0.044540
626.750244, -1.068734, 1.954871
631.464844, -2.747883, -0.542554
636.169434, -2.813197, 1.337739
640.884033, -1.375232, 0.177361
645.598633, -1.124909, 1.918273
650.313232, -2.694352, -0.508316
655.017822, -2.568405, 1.441702
659.732422, -1.512114, 0.044065
664.447021, -1.074826, 1.954199
669.161621, -2.745189, -0.543147
673.876221, -2.795982, 1.337883
678.580811, -1.376965, 0.170873
683.295410, -1.130600, 1.918236
688.010010, -2.692270, -0.509398
692.724609, -2.553499, 1.442088
697.429199, -1.515245, 0.040077
702.143799, -1.077909, 1.955253
706.858398, -2.745306, -0.545588
711.572998, -2.805803, 1.336009
716.287598, -1.374299, 0.181941
720.992188, -1.133907, 1.918477
725.706787, -2.691951, -0.511506
730.421387, -2.560551, 1.440843
735.135986, -1.511972, 0.049182
739.840576, -1.083876, 1.954628
744.555176, -2.742730, -0.546261
749.269775, -2.802530, 1.339335
753.984375, -1.375949, 0.175826
758.698975, -1.120328, 1.917973
763.403564, -2.689928, -0.512625
768.118164, -2.560331, 1.442840
772.832764, -1.514890, 0.045338
777.547363, -1.067517, 1.954737
782.251953, -2.742724, -0.548612
786.966553, -2.811754, 1.337708
791.681152, -1.375200, 0.177636
796.395752, -1.123692, 1.918226
801.110352, -2.694629, -0.507801
805.814941, -2.567114, 1.441714
810.529541, -1.512316, 0.044599
815.244141, -1.073368, 1.954205
819.958740, -2.745672, -0.542766
824.663330, -2.808981, 1.340826
829.377930, -1.376733, 0.171825
834.092529, -1.129208, 1.918207
838.807129, -2.692667, -0.508953
843.521729, -2.552720, 1.441876
848.226318, -1.515043, 0.040837
852.940918, -1.076678, 1.955137
857.655518, -2.745582, -0.545074
862.370117, -2.804419, 1.335959
867.074707, -1.376075, 0.173358
871.789307, -1.132699, 1.918429
876.503906, -2.692213, -0.510981
881.218506, -2.559194, 1.440886
885.933105, -1.512224, 0.049687
890.637695, -1.082394, 1.954655
895.352295, -2.743233, -0.545895
900.066895, -2.802252, 1.338848
904.781494, -1.375695, 0.176843
909.486084, -1.138092, 1.918409
914.200684, -2.690347, -0.512193
918.915283, -2.559640, 1.442589
923.629883, -1.514634, 0.046118
928.344482, -1.066310, 1.954613
933.049072, -2.742986, -0.548102
937.763672, -2.810335, 1.337685
942.478271, -1.375170, 0.177901
947.192871, -1.122509, 1.918175
951.907471, -2.694885, -0.507290
956.612061, -2.565800, 1.441750
961.326660, -1.512554, 0.045096
966.041260, -1.071940, 1.954216
970.755859, -2.746142, -0.542396
975.460449, -2.808602, 1.340393
980.175049, -1.376512, 0.172751
984.889648, -1.127828, 1.918189
989.604248, -2.693078, -0.508533
994.318848, -2.552064, 1.441622
