time,theta,omega
202.627914, 1.348103, -0.198383
207.345322, 1.206975, -1.876968
212.052734, 2.588791, 0.447096
216.770142, 2.185927, -1.601080
221.477554, 1.812560, 0.092630
226.194962, 1.052664, -1.988625
230.902374, 2.740760, 0.545822
235.619781, 2.831214, -1.313232
240.327194, 1.348107, -0.197908
245.044601, 1.206993, -1.876868
249.752014, 2.588597, 0.446816
254.469421, 2.184719, -1.601523
259.181671, 1.810632, 0.088945
263.896271, 1.066504, -1.983211
268.610870, 2.722720, 0.527799
273.315460, 2.748135, -1.349816
278.030060, 1.367019, -0.145612
282.744659, 1.230590, -1.871671
287.459259, 2.564840, 0.427756
292.163849, 2.119117, -1.635478
296.878448, 1.873786, 0.116928
301.593048, 1.078807, -1.989053
306.307648, 2.718614, 0.528525
311.022247, 2.727048, -1.352053
315.726837, 1.372119, -0.137240
320.441437, 1.233319, -1.872949
325.156036, 2.565538, 0.430587
329.870636, 2.112420, -1.633066
334.575226, 1.868323, 0.117200
339.289825, 1.082445, -1.988945
344.004425, 2.717912, 0.530351
348.719025, 2.732394, -1.351796
353.433624, 1.369995, -0.145469
358.138214, 1.238063, -1.872620
362.852814, 2.564155, 0.432120
367.567413, 2.114903, -1.633596
372.282013, 1.870339, 0.109932
376.986603, 1.087311, -1.989252
381.701202, 2.716558, 0.531866
386.415802, 2.735024, -1.352662
391.130402, 1.370571, -0.143063
395.845001, 1.223606, -1.872791
400.549591, 2.563246, 0.433941
405.264191, 2.119001, -1.633365
409.978790, 1.869826, 0.112174
414.693390, 1.071987, -1.988449
419.397980, 2.715373, 0.533458
424.112579, 2.738352, -1.353252
428.827179, 1.370833, -0.141049
433.541779, 1.228003, -1.872746
438.256378, 2.566490, 0.428094
442.960968, 2.122707, -1.633322
447.675568, 1.869667, 0.114564
452.390167, 1.076647, -1.988704
457.104767, 2.719389, 0.528264
461.809357, 2.741378, -1.353969
466.523956, 1.371228, -0.138859
471.238556, 1.232349, -1.872731
475.953156, 2.565524, 0.429883
480.667755, 2.110251, -1.633586
485.372345, 1.869344, 0.116893
490.086945, 1.081274, -1.988940
494.801544, 2.718176, 0.529847
499.516144, 2.731062, -1.351778
504.220734, 1.371539, -0.136775
508.935333, 1.236728, -1.872684
513.649902, 2.564541, 0.431683
518.364502, 2.114195, -1.633458
523.079102, 1.870099, 0.109151
527.783691, 1.085955, -1.989171
532.498291, 2.716945, 0.531450
537.212891, 2.734332, -1.352410
541.927490, 1.370399, -0.143745
546.642090, 1.222431, -1.872776
551.346680, 2.563492, 0.433437
556.061279, 2.117853, -1.633436
560.775879, 1.869985, 0.111562
565.490479, 1.070739, -1.988381
570.195068, 2.715688, 0.533013
574.909668, 2.737370, -1.353117
579.624268, 1.370795, -0.141562
584.338867, 1.226775, -1.872772
589.053467, 2.566789, 0.427624
593.758057, 2.121763, -1.633302
598.472656, 1.869646, 0.113882
603.187256, 1.075353, -1.988631
607.901855, 2.719746, 0.527842
612.606445, 2.740603, -1.353747
617.321045, 1.371097, -0.139492
622.035645, 1.231151, -1.872734
626.750244, 2.565797, 0.429393
631.464844, 2.109206, -1.633609
636.169434, 1.869414, 0.116247
640.884033, 1.079989, -1.988878
645.598633, 2.718523, 0.529418
650.313232, 2.730247, -1.351575
655.017822, 1.371426, -0.137386
659.732422, 1.235537, -1.872692
664.447021, 2.564785, 0.431158
669.161621, 2.112960, -1.633548
673.876221, 1.870288, 0.108520
678.580811, 1.084641, -1.989113
683.295410, 2.717291, 0.530993
688.010010, 2.733392, -1.352234
692.724609, 1.370317, -0.144334
697.429199, 1.239881, -1.872654
702.143799, 2.563802, 0.432939
706.858398, 2.116818, -1.633435
711.572998, 1.870000, 0.110862
716.287598, 1.069396, -1.988303
720.992188, 2.716052, 0.532564
725.706787, 2.736504, -1.352910
730.421387, 1.370676, -0.142194
735.135986, 1.225531, -1.872772
739.840576, 2.562793, 0.434706
744.555176, 2.120614, -1.633352
749.269775, 1.869764, 0.113224
753.984375, 1.074025, -1.988562
758.698975, 2.720091, 0.527384
763.403564, 2.739663, -1.353571
768.118164, 1.371014, -0.140083
772.832764, 1.229876, -1.872743
777.547363, 2.566068, 0.428863
782.251953, 2.124361, -1.633278
786.966553, 1.869543, 0.115576
791.681152, 1.078650, -1.988808
796.395752, 2.718868, 0.528947
801.110352, 2.729256, -1.351409
805.814941, 1.371361, -0.137969
810.529541, 1.234228, -1.872716
815.244141, 2.565099, 0.430648
819.958740, 2.111925, -1.633533
824.663330, 1.869203, 0.117897
829.377930, 1.083272, -1.989037
834.092529, 2.717641, 0.530523
838.807129, 2.732407, -1.352065
843.521729, 1.370237, -0.144926
848.226318, 1.238611, -1.872666
852.940918, 2.564090, 0.432413
857.655518, 2.115688, -1.633466
862.370117, 1.870081, 0.110171
867.074707, 1.087913, -1.989267
871.789307, 2.716415, 0.532101
876.503906, 2.735587, -1.352712
881.218506, 1.370576, -0.142819
885.933105, 1.224246, -1.872778
890.637695, 2.563084, 0.434183
895.352295, 2.119484, -1.633382
900.066895, 1.869850, 0.112535
904.781494, 1.072678, -1.988485
909.486084, 2.715173, 0.533671
914.200684, 2.738692, -1.353393
918.915283, 1.370933, -0.140679
923.629883, 1.228609, -1.872758
928.344482, 2.566372, 0.428362
933.049072, 2.123332, -1.633273
937.763672, 1.869558, 0.114874
942.478271, 1.077302, -1.988734
947.192871, 2.719227, 0.528496
951.907471, 2.728382, -1.351209
956.612061, 1.371250, -0.138593
961.326660, 1.232985, -1.872720
966.041260, 2.565370, 0.430131
970.755859, 2.110773, -1.633585
975.460449, 1.869324, 0.117239
980.175049, 1.081943, -1.988976
984.889648, 2.717993, 0.530070
989.604248, 2.731507, -1.351873
994.318848, 1.370135, -0.145539
