time,theta,omega
202.627914, 2.737782, 0.542328
207.345322, 2.776438, -1.345538
212.052734, 1.379364, -0.156374
216.770142, 1.138531, -1.912423
221.477554, 2.678341, 0.503511
226.194962, 2.502728, -1.463742
230.902374, 1.556309, -0.018963
235.619781, 1.056550, -1.962406
240.327194, 2.755906, 0.554089
245.044601, 2.864928, -1.310693
249.752014, 1.370439, -0.213656
254.469421, 1.113793, -1.918134
259.181671, 2.694537, 0.510173
263.896271, 2.576529, -1.429090
268.610870, 1.490314, -0.060659
273.315460, 1.112929, -1.939147
278.030060, 2.705252, 0.520436
282.744659, 2.634146, -1.404688
287.459259, 1.449699, -0.085965
292.163849, 1.136348, -1.926858
296.878448, 2.684876, 0.508499
301.593048, 2.547704, -1.443797
306.307648, 1.515502, -0.044092
311.022247, 1.085362, -1.945896
315.726837, 2.715804, 0.529645
320.441437, 2.691316, -1.382127
325.156036, 1.415560, -0.111431
329.870636, 1.138820, -1.916100
334.575226, 2.667473, 0.499714
339.289825, 2.481035, -1.475791
344.004425, 1.573179, -0.012313
348.719025, 1.063240, -1.961743
353.433624, 2.744762, 0.540841
358.138214, 2.812142, -1.334749
362.852814, 1.368234, -0.178483
367.567413, 1.152595, -1.905852
372.282013, 2.660366, 0.486915
376.986603, 2.437845, -1.497398
381.701202, 1.613186, 0.008637
386.415802, 1.052067, -1.971831
391.130402, 2.758426, 0.552306
395.845001, 2.875289, -1.303694
400.549591, 1.371452, -0.224683
405.264191, 1.124674, -1.916008
409.978790, 2.685804, 0.504614
414.693390, 2.537417, -1.446006
419.397980, 1.520548, -0.034677
424.112579, 1.096624, -1.947795
428.827179, 2.719572, 0.529038
433.541779, 2.697321, -1.377056
438.256378, 1.409405, -0.119706
442.960968, 1.154841, -1.914663
447.675568, 2.666423, 0.495970
452.390167, 2.465794, -1.480358
457.104767, 1.582285, -0.010942
461.809357, 1.073138, -1.964746
466.523956, 2.744581, 0.547832
471.238556, 2.825634, -1.326847
475.953156, 1.365336, -0.192409
480.667755, 1.142637, -1.906646
485.372345, 2.660242, 0.493778
490.086945, 2.446619, -1.491006
494.801544, 1.601713, 0.000406
499.516144, 1.050386, -1.968781
504.220734, 2.750545, 0.554170
508.935333, 2.864360, -1.314001
513.649902, 1.366563, -0.213841
518.364502, 1.131976, -1.911378
523.079102, 2.676409, 0.495893
527.783691, 2.501536, -1.467848
532.498291, 1.558087, -0.018034
537.212891, 1.073127, -1.957952
541.927490, 2.737673, 0.537872
546.642090, 2.771268, -1.343896
551.346680, 1.375804, -0.158348
556.061279, 1.158898, -1.906134
560.775879, 2.657524, 0.487031
565.490479, 2.417476, -1.500246
570.195068, 1.620026, 0.013407
574.909668, 1.052943, -1.973619
579.624268, 2.759854, 0.554988
584.338867, 2.889278, -1.299953
589.053467, 1.373427, -0.239700
593.758057, 1.118604, -1.919438
598.472656, 2.692798, 0.510610
603.187256, 2.573823, -1.431107
607.901855, 1.493554, -0.057803
612.606445, 1.113268, -1.940152
617.321045, 2.706246, 0.522106
622.035645, 2.642442, -1.401931
626.750244, 1.445105, -0.088402
631.464844, 1.121474, -1.924973
636.169434, 2.682093, 0.507743
640.884033, 2.539228, -1.448417
645.598633, 1.523488, -0.038785
650.313232, 1.083430, -1.948229
655.017822, 2.718894, 0.532682
659.732422, 2.709572, -1.375304
664.447021, 1.406208, -0.119647
669.161621, 1.145019, -1.913389
673.876221, 2.667788, 0.490755
678.580811, 2.465159, -1.483837
683.295410, 1.587961, -0.004291
688.010010, 1.059114, -1.965586
692.724609, 2.749988, 0.545337
697.429199, 2.841503, -1.324208
702.143799, 1.365545, -0.195759
706.858398, 1.146803, -1.907749
711.572998, 2.665984, 0.491246
716.287598, 2.449317, -1.485044
720.992188, 1.591798, -0.000183
725.706787, 1.062175, -1.966772
730.421387, 2.750158, 0.547826
735.135986, 2.838433, -1.318684
739.840576, 1.365998, -0.198367
744.555176, 1.148468, -1.908660
749.269775, 2.667108, 0.494249
753.984375, 2.462110, -1.481020
758.698975, 1.583757, -0.011542
763.403564, 1.069962, -1.965001
768.118164, 2.745865, 0.547345
772.832764, 2.826644, -1.325295
777.547363, 1.364851, -0.195375
782.251953, 1.158332, -1.907138
786.966553, 2.661571, 0.493244
791.681152, 2.447428, -1.489585
796.395752, 1.599304, -0.002020
801.110352, 1.048694, -1.968054
805.814941, 2.750409, 0.552724
810.529541, 2.858319, -1.315127
815.244141, 1.365731, -0.212159
819.958740, 1.131741, -1.910535
824.663330, 2.670180, 0.500748
829.377930, 2.491344, -1.471385
834.092529, 1.564919, -0.015997
838.807129, 1.067448, -1.959634
843.521729, 2.741235, 0.538841
848.226318, 2.796448, -1.341237
852.940918, 1.371765, -0.167985
857.655518, 1.155473, -1.905737
862.370117, 2.658604, 0.486251
867.074707, 2.431974, -1.500348
871.789307, 1.618705, 0.011452
876.503906, 1.050739, -1.973162
881.218506, 2.760148, 0.553800
885.933105, 2.885238, -1.300254
890.637695, 1.374647, -0.230745
895.352295, 1.117896, -1.918684
900.066895, 2.691890, 0.508692
904.781494, 2.564928, -1.433959
909.486084, 1.499386, -0.046302
914.200684, 1.107901, -1.941651
918.915283, 2.709490, 0.522829
923.629883, 2.652130, -1.396620
928.344482, 1.437268, -0.095492
933.049072, 1.142058, -1.923040
937.763672, 2.679056, 0.504413
942.478271, 2.521111, -1.455476
947.192871, 1.536520, -0.033208
951.907471, 1.074480, -1.951752
956.612061, 2.725460, 0.535588
961.326660, 2.735129, -1.363522
966.041260, 1.392206, -0.136312
970.755859, 1.147682, -1.909582
975.460449, 2.658328, 0.493462
980.175049, 2.441085, -1.493797
984.889648, 1.606912, 0.003114
989.604248, 1.049093, -1.970060
994.318848, 2.757703, 0.549100
