time,theta,omega
202.627914, -1.076955, 1.991004
207.345322, -2.730278, -0.534894
212.052734, -2.783171, 1.335066
216.770142, -1.354312, 0.167910
221.477554, -1.237140, 1.869867
226.194962, -2.569716, -0.430738
230.902374, -2.125803, 1.631208
235.619781, -1.870518, -0.110384
240.327194, -1.076595, 1.990975
245.044601, -2.730375, -0.534784
249.752014, -2.782974, 1.335002
254.469421, -1.354278, 0.168079
259.181671, -1.239913, 1.865836
263.896271, -2.552811, -0.421282
268.610870, -2.071181, 1.649771
273.315460, -1.899545, -0.128345
278.030060, -1.094645, 1.987058
282.744659, -2.703687, -0.520380
287.459259, -2.669841, 1.375580
292.163849, -1.400558, 0.104799
296.878448, -1.231616, 1.877322
301.593048, -2.565474, -0.431711
306.307648, -2.121855, 1.627931
311.022247, -1.858741, -0.103984
315.726837, -1.090491, 1.984786
320.441437, -2.707343, -0.524345
325.156036, -2.693050, 1.367633
329.870636, -1.387913, 0.122550
334.575226, -1.242202, 1.873344
339.289825, -2.558569, -0.429886
344.004425, -2.105506, 1.637202
348.719025, -1.876476, -0.113489
353.433624, -1.078473, 1.985279
358.138214, -2.704496, -0.525200
362.852814, -2.689660, 1.371003
367.567413, -1.391977, 0.116854
372.282013, -1.225883, 1.874707
376.986603, -2.559425, -0.432791
381.701202, -2.115626, 1.634179
386.415802, -1.870600, -0.113600
391.130402, -1.081990, 1.985158
395.845001, -2.709075, -0.520244
400.549591, -2.695258, 1.370566
405.264191, -1.390866, 0.116006
409.978790, -1.230979, 1.874218
414.693390, -2.561995, -0.426519
419.397980, -2.117053, 1.635183
424.112579, -1.872463, -0.116797
428.827179, -1.087019, 1.985534
433.541779, -2.707656, -0.521737
438.256378, -2.683910, 1.369009
442.960968, -1.391629, 0.113397
447.675568, -1.235086, 1.874349
452.390167, -2.561258, -0.428450
457.104767, -2.105363, 1.635109
461.809357, -1.871444, -0.118848
466.523956, -1.091511, 1.985705
471.238556, -2.706513, -0.523359
475.953156, -2.687375, 1.369474
480.667755, -1.390540, 0.120621
485.372345, -1.239543, 1.874252
490.086945, -2.560181, -0.430175
494.801544, -2.108887, 1.635147
499.516144, -1.872546, -0.111211
504.220734, -1.096196, 1.985934
508.935333, -2.705268, -0.524934
513.649902, -2.690415, 1.370147
518.364502, -1.390946, 0.118334
523.079102, -1.225163, 1.874399
527.783691, -2.559232, -0.432011
532.498291, -2.112958, 1.634952
537.212891, -1.872104, -0.113523
541.927490, -1.080986, 1.985188
546.642090, -2.709261, -0.519740
551.346680, -2.693807, 1.370647
556.061279, -1.391117, 0.116287
560.775879, -1.229600, 1.874336
565.490479, -2.562430, -0.426132
570.195068, -2.116559, 1.634954
574.909668, -1.872044, -0.115954
579.624268, -1.085658, 1.985436
584.338867, -2.708035, -0.521321
589.053467, -2.683219, 1.368771
593.758057, -1.391449, 0.114087
598.472656, -1.233938, 1.874325
603.187256, -2.561479, -0.427930
607.901855, -2.104133, 1.635218
612.606445, -1.871681, -0.118266
617.321045, -1.090274, 1.985654
622.035645, -2.706826, -0.522912
626.750244, -2.686414, 1.369348
631.464844, -1.390510, 0.121170
636.169434, -1.238305, 1.874285
640.884033, -2.560489, -0.429709
645.598633, -2.107957, 1.635118
650.313232, -1.872512, -0.110521
655.017822, -1.094892, 1.985875
659.732422, -2.705626, -0.524510
664.447021, -2.689667, 1.369906
669.161621, -1.390764, 0.119046
673.876221, -1.223964, 1.874369
678.580811, -2.559465, -0.431468
683.295410, -2.111682, 1.635063
688.010010, -1.872338, -0.112908
692.724609, -1.079693, 1.985126
697.429199, -2.704394, -0.526093
702.143799, -2.692797, 1.370517
706.858398, -1.391086, 0.116857
711.572998, -1.228325, 1.874358
716.287598, -2.562734, -0.425632
720.992188, -2.115537, 1.634947
725.706787, -1.872050, -0.115251
730.421387, -1.084307, 1.985367
735.135986, -2.708390, -0.520867
739.840576, -2.696029, 1.371087
744.555176, -1.391346, 0.114727
749.269775, -1.232705, 1.874322
753.984375, -2.561740, -0.427406
758.698975, -2.102959, 1.635281
763.403564, -1.871820, -0.117615
768.118164, -1.088948, 1.985595
772.832764, -2.707165, -0.522435
777.547363, -2.685412, 1.369204
782.251953, -1.391676, 0.112539
786.966553, -1.237021, 1.874303
791.681152, -2.560782, -0.429187
796.395752, -2.106845, 1.635141
801.110352, -1.872570, -0.109822
805.814941, -1.093533, 1.985808
810.529541, -2.705979, -0.524040
815.244141, -2.688714, 1.369738
819.958740, -1.390689, 0.119673
824.663330, -1.241409, 1.874241
829.377930, -2.559772, -0.430953
834.092529, -2.110595, 1.635077
838.807129, -1.872384, -0.112203
843.521729, -1.078322, 1.985054
848.226318, -2.704754, -0.525625
852.940918, -2.691865, 1.370341
857.655518, -1.390998, 0.117495
862.370117, -1.227025, 1.874369
867.074707, -2.558788, -0.432738
871.789307, -2.114472, 1.634948
876.503906, -1.872073, -0.114537
881.218506, -1.082934, 1.985294
885.933105, -2.708754, -0.520403
890.637695, -2.695126, 1.370899
895.352295, -1.391241, 0.115380
900.066895, -1.231436, 1.874323
904.781494, -2.562016, -0.426874
909.486084, -2.118149, 1.634915
914.200684, -1.871935, -0.116939
918.915283, -1.087592, 1.985533
923.629883, -2.707528, -0.521985
928.344482, -2.684543, 1.369018
933.049072, -1.391569, 0.113182
937.763672, -1.235772, 1.874306
942.478271, -2.561058, -0.428669
947.192871, -2.105710, 1.635186
951.907471, -1.872678, -0.109157
956.612061, -1.092205, 1.985749
961.326660, -2.706329, -0.523582
966.041260, -2.687791, 1.369574
970.755859, -1.390606, 0.120291
975.460449, -1.240158, 1.874253
980.175049, -2.560053, -0.430439
984.889648, -2.109484, 1.635109
989.604248, -1.872464, -0.111529
994.318848, -1.076996, 1.984981
