time,theta,omega
202.627914, -2.112690, 1.632365
207.345322, -1.870247, -0.110441
212.052734, -1.102815, 1.979264
216.770142, -2.693868, -0.511139
221.477554, -2.636202, 1.391466
226.194962, -1.422222, 0.089781
230.902374, -1.238235, 1.875768
235.619781, -2.558239, -0.423969
240.327194, -2.108082, 1.634385
245.044601, -1.874131, -0.111795
249.752014, -1.103181, 1.979515
254.469421, -2.693592, -0.510860
259.181671, -2.637754, 1.387163
263.896271, -1.412727, 0.095124
268.610870, -1.243403, 1.866799
273.315460, -2.529882, -0.413616
278.030060, -2.035389, 1.665173
282.744659, -1.927617, -0.134821
287.459259, -1.119842, 1.975786
292.163849, -2.659816, -0.498452
296.878448, -2.520867, 1.440735
301.593048, -1.503373, 0.038808
306.307648, -1.193937, 1.898178
311.022247, -2.582841, -0.437721
315.726837, -2.204996, 1.588170
320.441437, -1.780117, -0.079247
325.156036, -1.104202, 1.963993
329.870636, -2.672090, -0.495990
334.575226, -2.553924, 1.427767
339.289825, -1.479719, 0.049098
344.004425, -1.211994, 1.890254
348.719025, -2.569246, -0.431815
353.433624, -2.149119, 1.608725
358.138214, -1.818744, -0.096726
362.852814, -1.108677, 1.969071
367.567413, -2.673063, -0.499485
372.282013, -2.553074, 1.422027
376.986603, -1.471974, 0.051228
381.701202, -1.221057, 1.887532
386.415802, -2.563932, -0.430969
391.130402, -2.138131, 1.615527
395.845001, -1.832527, -0.094051
400.549591, -1.114064, 1.970632
405.264191, -2.671943, -0.501332
409.978790, -2.556987, 1.422122
414.693390, -1.471038, 0.058898
419.397980, -1.225705, 1.887358
424.112579, -2.562700, -0.432598
428.827179, -2.141099, 1.615820
433.541779, -1.833026, -0.096697
438.256378, -1.099032, 1.970067
442.960968, -2.670758, -0.502963
447.675568, -2.560220, 1.422537
452.390167, -1.471244, 0.056610
457.104767, -1.211204, 1.887405
461.809357, -2.561730, -0.434389
466.523956, -2.144980, 1.615686
471.238556, -1.832712, -0.099022
475.953156, -1.103607, 1.970263
480.667755, -2.674579, -0.497591
485.372345, -2.563586, 1.422894
490.086945, -1.471351, 0.054381
494.801544, -1.215609, 1.887401
499.516144, -2.565003, -0.428555
504.220734, -2.148722, 1.615617
508.935333, -1.832515, -0.101392
513.649902, -1.108170, 1.970491
518.364502, -2.673484, -0.499295
523.079102, -2.553041, 1.421519
527.783691, -1.471246, 0.052241
532.498291, -1.220227, 1.887303
537.212891, -2.563851, -0.430265
541.927490, -2.135885, 1.616115
546.642090, -1.833663, -0.093823
551.346680, -1.112886, 1.970690
556.061279, -2.672250, -0.500890
560.775879, -2.556049, 1.422032
565.490479, -1.471017, 0.059503
570.195068, -1.224482, 1.887371
574.909668, -2.562993, -0.432122
579.624268, -2.140130, 1.615811
584.338867, -1.833030, -0.096024
589.053467, -1.097749, 1.970008
593.758057, -2.671092, -0.502522
598.472656, -2.559364, 1.422409
603.187256, -1.471164, 0.057251
607.901855, -1.210024, 1.887386
612.606445, -2.561981, -0.433886
617.321045, -2.143867, 1.615743
622.035645, -1.832843, -0.098400
626.750244, -1.102345, 1.970217
631.464844, -2.674899, -0.497144
636.169434, -2.562696, 1.422780
640.884033, -1.471295, 0.055008
645.598633, -1.214421, 1.887390
650.313232, -2.565254, -0.428055
655.017822, -2.147618, 1.615672
659.732422, -1.832638, -0.100766
664.447021, -1.106928, 1.970419
669.161621, -2.673759, -0.498789
673.876221, -2.551846, 1.421519
678.580811, -1.471394, 0.052783
683.295410, -1.218842, 1.887374
688.010010, -2.564249, -0.429822
692.724609, -2.135183, 1.615958
697.429199, -1.832452, -0.103141
702.143799, -1.111535, 1.970606
706.858398, -2.672593, -0.500420
711.572998, -2.555127, 1.421909
716.287598, -1.470951, 0.060166
720.992188, -1.223228, 1.887370
725.706787, -2.563274, -0.431606
730.421387, -2.139012, 1.615850
735.135986, -1.833119, -0.095355
739.840576, -1.116127, 1.970777
744.555176, -2.671430, -0.502054
749.269775, -2.558429, 1.422292
753.984375, -1.471110, 0.057907
758.698975, -1.208743, 1.887388
763.403564, -2.562278, -0.433382
768.118164, -2.142809, 1.615754
772.832764, -1.832866, -0.097688
777.547363, -1.100982, 1.970155
782.251953, -2.670277, -0.503680
786.966553, -2.561740, 1.422660
791.681152, -1.471240, 0.055679
796.395752, -1.213126, 1.887389
801.110352, -2.565547, -0.427533
805.814941, -2.146518, 1.615691
810.529541, -1.832693, -0.100068
815.244141, -1.105587, 1.970357
819.958740, -2.674086, -0.498299
824.663330, -2.565032, 1.423051
829.377930, -1.471397, 0.053420
834.092529, -1.217525, 1.887389
838.807129, -2.564557, -0.429309
843.521729, -2.134119, 1.615961
848.226318, -1.832474, -0.102432
852.940918, -1.110173, 1.970550
857.655518, -2.672937, -0.499940
862.370117, -2.554156, 1.421797
867.074707, -1.471507, 0.051185
871.789307, -1.221943, 1.887369
876.503906, -2.563550, -0.431076
881.218506, -2.137847, 1.615900
885.933105, -1.833226, -0.094677
890.637695, -1.114779, 1.970730
895.352295, -2.671767, -0.501571
900.066895, -2.557435, 1.422190
904.781494, -1.471081, 0.058561
909.486084, -1.226320, 1.887363
914.200684, -2.562574, -0.432862
918.915283, -2.141697, 1.615781
923.629883, -1.832945, -0.097016
928.344482, -1.099670, 1.970096
933.049072, -2.670608, -0.503205
937.763672, -2.560754, 1.422566
942.478271, -1.471226, 0.056311
947.192871, -1.211842, 1.887397
951.907471, -2.565850, -0.427034
956.612061, -2.145497, 1.615685
961.326660, -1.832703, -0.099367
966.041260, -1.104269, 1.970292
970.755859, -2.674406, -0.497821
975.460449, -2.564027, 1.422964
980.175049, -1.471395, 0.054044
984.889648, -1.216243, 1.887402
989.604248, -2.564858, -0.428808
994.318848, -2.133098, 1.615953
