time,theta,omega
202.627914, 1.447009, -0.067683
207.345322, 1.223428, -1.880121
212.052734, 2.557772, 0.428832
216.770142, 2.112048, -1.627555
221.477554, 1.859327, 0.111331
226.194962, 1.099013, -1.974501
230.902374, 2.681259, 0.507847
235.619781, 2.590417, -1.405945
240.327194, 1.447296, -0.067657
245.044601, 1.222917, -1.880232
249.752014, 2.558016, 0.428809
254.469421, 2.112359, -1.627289
259.181671, 1.856031, 0.107080
263.896271, 1.112462, -1.968836
268.610870, 2.663446, 0.490202
273.315460, 2.521829, -1.439616
278.030060, 1.500584, -0.038410
282.744659, 1.206458, -1.893047
287.459259, 2.569109, 0.430386
292.163849, 2.166992, -1.605158
296.878448, 1.811858, 0.092757
301.593048, 1.113864, -1.964556
306.307648, 2.662568, 0.491364
311.022247, 2.510377, -1.438779
315.726837, 1.501028, -0.035957
320.441437, 1.210665, -1.893171
325.156036, 2.568297, 0.432270
329.870636, 2.155319, -1.605083
334.575226, 1.811078, 0.094899
339.289825, 1.118437, -1.964660
344.004425, 2.661406, 0.492992
348.719025, 2.513619, -1.439147
353.433624, 1.500780, -0.043395
358.138214, 1.215041, -1.893198
362.852814, 2.567341, 0.434065
367.567413, 2.159217, -1.604944
372.282013, 1.811604, 0.087072
376.986603, 1.123012, -1.964807
381.701202, 2.660253, 0.494635
386.415802, 2.516951, -1.439466
391.130402, 1.500899, -0.041118
395.845001, 1.200514, -1.893167
400.549591, 2.566331, 0.435824
405.264191, 2.162932, -1.604884
409.978790, 1.811421, 0.089437
414.693390, 1.107944, -1.964235
419.397980, 2.659113, 0.496278
424.112579, 2.520297, -1.439791
428.827179, 1.501016, -0.038837
433.541779, 1.204905, -1.893196
438.256378, 2.569639, 0.430019
442.960968, 2.166732, -1.604792
447.675568, 1.811173, 0.091782
452.390167, 1.112504, -1.964419
457.104767, 2.662881, 0.490862
461.809357, 2.523696, -1.440093
466.523956, 1.501076, -0.036579
471.238556, 1.209342, -1.893196
475.953156, 2.568629, 0.431779
480.667755, 2.154368, -1.605037
485.372345, 1.811018, 0.094165
490.086945, 1.117099, -1.964597
494.801544, 2.661732, 0.492506
499.516144, 2.512625, -1.439061
504.220734, 1.501202, -0.034293
508.935333, 1.213730, -1.893210
513.649902, 2.567677, 0.433598
518.364502, 2.158355, -1.604881
523.079102, 1.811499, 0.086352
527.783691, 1.121744, -1.964742
532.498291, 2.660564, 0.494169
537.212891, 2.515971, -1.439407
541.927490, 1.500921, -0.041718
546.642090, 1.199253, -1.893183
551.346680, 2.566645, 0.435361
556.061279, 2.162024, -1.604847
560.775879, 1.811370, 0.088745
565.490479, 1.106677, -1.964172
570.195068, 2.659421, 0.495823
574.909668, 2.519351, -1.439713
579.624268, 1.501000, -0.039453
584.338867, 1.203678, -1.893198
589.053467, 2.569935, 0.429543
593.758057, 2.165766, -1.604782
598.472656, 1.811171, 0.091111
603.187256, 1.111260, -1.964360
607.901855, 2.663172, 0.490396
612.606445, 2.522685, -1.440043
617.321045, 1.501123, -0.037168
622.035645, 1.208088, -1.893217
626.750244, 2.568940, 0.431316
631.464844, 2.153466, -1.604998
636.169434, 1.810961, 0.093472
640.884033, 1.115840, -1.964536
645.598633, 2.662039, 0.492049
650.313232, 2.511663, -1.438995
655.017822, 1.501207, -0.034899
659.732422, 1.212515, -1.893215
664.447021, 2.567933, 0.433081
669.161621, 2.157177, -1.604946
673.876221, 1.811645, 0.085705
678.580811, 1.120417, -1.964708
683.295410, 2.660903, 0.493702
688.010010, 2.515057, -1.439291
692.724609, 1.500842, -0.042397
697.429199, 1.216946, -1.893201
702.143799, 2.566907, 0.434835
706.858398, 2.160842, -1.604916
711.572998, 1.811521, 0.088101
716.287598, 1.105358, -1.964130
720.992188, 2.659765, 0.495356
725.706787, 2.518437, -1.439598
730.421387, 1.500930, -0.040129
735.135986, 1.202445, -1.893175
739.840576, 2.565883, 0.436592
744.555176, 2.164538, -1.604869
749.269775, 1.811365, 0.090484
753.984375, 1.109937, -1.964324
758.698975, 2.663522, 0.489935
763.403564, 2.521808, -1.439910
768.118164, 1.501023, -0.037860
772.832764, 1.206845, -1.893185
777.547363, 2.569179, 0.430763
782.251953, 2.168243, -1.604809
786.966553, 1.811178, 0.092837
791.681152, 1.114501, -1.964502
796.395752, 2.662379, 0.491567
801.110352, 2.510701, -1.438891
805.814941, 1.501160, -0.035579
810.529541, 1.211217, -1.893211
815.244141, 2.568218, 0.432555
819.958740, 2.156042, -1.604983
824.663330, 1.810879, 0.095162
829.377930, 1.119076, -1.964662
834.092529, 2.661237, 0.493214
838.807129, 2.514056, -1.439205
843.521729, 1.500827, -0.043061
848.226318, 1.215640, -1.893209
852.940918, 2.567211, 0.434320
857.655518, 2.159787, -1.604914
862.370117, 1.811538, 0.087389
867.074707, 1.123650, -1.964824
871.789307, 2.660100, 0.494868
876.503906, 2.517422, -1.439517
881.218506, 1.500923, -0.040787
885.933105, 1.201124, -1.893179
890.637695, 2.566209, 0.436088
895.352295, 2.163522, -1.604850
900.066895, 1.811342, 0.089757
904.781494, 1.108589, -1.964258
909.486084, 2.658940, 0.496511
914.200684, 2.520744, -1.439850
918.915283, 1.501053, -0.038497
923.629883, 1.205527, -1.893204
928.344482, 2.569506, 0.430278
933.049072, 2.167297, -1.604768
937.763672, 1.811121, 0.092111
942.478271, 1.113173, -1.964439
947.192871, 2.662705, 0.491089
951.907471, 2.509732, -1.438801
956.612061, 1.501138, -0.036233
961.326660, 1.209938, -1.893214
966.041260, 2.568514, 0.432052
970.755859, 2.155010, -1.604981
975.460449, 1.810899, 0.094468
980.175049, 1.117752, -1.964611
984.889648, 2.661563, 0.492740
989.604248, 2.513065, -1.439126
994.318848, 1.500808, -0.043707
