time,theta,omega
202.627914, 2.248949, 0.267288
207.345322, 1.601680, -1.797038
212.052734, 2.170928, 0.232615
216.770142, 1.503925, -1.829608
221.477554, 2.245481, 0.265632
226.194962, 1.596608, -1.798791
230.902374, 2.174755, 0.234190
235.619781, 1.507960, -1.828321
240.327194, 2.242356, 0.264132
245.044601, 1.592072, -1.800347
249.752014, 2.178165, 0.235587
254.469421, 1.511579, -1.827154
259.181671, 2.236689, 0.258637
263.896271, 1.597238, -1.796297
268.610870, 2.166576, 0.223371
273.315460, 1.521758, -1.824072
278.030060, 2.230481, 0.257256
282.744659, 1.591618, -1.798858
287.459259, 2.172262, 0.227040
292.163849, 1.530251, -1.821980
296.878448, 2.225406, 0.256190
301.593048, 1.587408, -1.800922
306.307648, 2.176860, 0.230242
311.022247, 1.519481, -1.821137
315.726837, 2.221100, 0.255475
320.441437, 1.584277, -1.802601
325.156036, 2.180619, 0.233087
329.870636, 1.526092, -1.819619
334.575226, 2.217439, 0.255048
339.289825, 1.582055, -1.803961
344.004425, 2.183677, 0.235624
348.719025, 1.531973, -1.818318
353.433624, 2.216774, 0.245645
358.138214, 1.580541, -1.805073
362.852814, 2.186169, 0.237922
367.567413, 1.537246, -1.817197
372.282013, 2.214106, 0.245662
376.986603, 1.579643, -1.805972
381.701202, 2.188198, 0.240014
386.415802, 1.542033, -1.816221
391.130402, 2.211794, 0.245830
395.845001, 1.561120, -1.807727
400.549591, 2.189861, 0.241940
405.264191, 1.546378, -1.815388
409.978790, 2.209823, 0.246161
414.693390, 1.561131, -1.808318
419.397980, 2.191188, 0.243725
424.112579, 1.550360, -1.814666
428.827179, 2.208128, 0.246614
433.541779, 1.561491, -1.808789
438.256378, 2.194599, 0.236088
442.960968, 1.554049, -1.814036
447.675568, 2.206652, 0.247166
452.390167, 1.562123, -1.809166
457.104767, 2.195457, 0.237671
461.809357, 1.557486, -1.813484
466.523956, 2.205361, 0.247799
471.238556, 1.562985, -1.809464
475.953156, 2.196133, 0.239174
480.667755, 1.542581, -1.813987
485.372345, 2.204230, 0.248504
490.086945, 1.564061, -1.809694
494.801544, 2.196650, 0.240606
499.516144, 1.545631, -1.813572
504.220734, 2.203232, 0.249270
508.935333, 1.565294, -1.809869
513.649902, 2.197077, 0.242019
518.364502, 1.548641, -1.813182
523.079102, 2.204713, 0.240832
527.783691, 1.566699, -1.809997
532.498291, 2.197345, 0.243351
537.212891, 1.551421, -1.812850
541.927490, 2.203935, 0.241692
546.642090, 1.550081, -1.811079
551.346680, 2.197539, 0.244642
556.061279, 1.554090, -1.812552
560.775879, 2.203230, 0.242584
565.490479, 1.551676, -1.811139
570.195068, 2.197652, 0.245897
574.909668, 1.556678, -1.812279
579.624268, 2.202593, 0.243508
584.338867, 1.553356, -1.811171
589.053467, 2.200069, 0.237834
593.758057, 1.559178, -1.812034
598.472656, 2.202018, 0.244461
603.187256, 1.555109, -1.811174
607.901855, 2.200075, 0.239039
612.606445, 1.561627, -1.811804
617.321045, 2.201489, 0.245431
622.035645, 1.556920, -1.811159
626.750244, 2.200024, 0.240225
631.464844, 1.545884, -1.812585
636.169434, 2.201000, 0.246419
640.884033, 1.558781, -1.811128
645.598633, 2.199950, 0.241394
650.313232, 1.548235, -1.812397
655.017822, 2.200544, 0.247423
659.732422, 1.560683, -1.811078
664.447021, 2.199833, 0.242547
669.161621, 1.550539, -1.812224
673.876221, 2.202503, 0.239164
678.580811, 1.562618, -1.811021
683.295410, 2.199685, 0.243689
688.010010, 1.552815, -1.812057
692.724609, 2.202106, 0.240192
697.429199, 1.564585, -1.810947
702.143799, 2.199515, 0.244817
706.858398, 1.555050, -1.811903
711.572998, 2.201737, 0.241233
716.287598, 1.548458, -1.811864
720.992188, 2.199336, 0.245942
725.706787, 1.557299, -1.811741
730.421387, 2.201362, 0.242271
735.135986, 1.550459, -1.811789
739.840576, 2.199132, 0.247058
744.555176, 1.559500, -1.811595
749.269775, 2.201013, 0.243322
753.984375, 1.552489, -1.811705
758.698975, 2.201299, 0.238887
763.403564, 1.561681, -1.811454
768.118164, 2.200683, 0.244380
772.832764, 1.554532, -1.811605
777.547363, 2.201064, 0.239972
782.251953, 1.563819, -1.811316
786.966553, 2.200367, 0.245432
791.681152, 1.556571, -1.811515
796.395752, 2.200849, 0.241081
801.110352, 1.547879, -1.812170
805.814941, 2.200028, 0.246489
810.529541, 1.558617, -1.811420
815.244141, 2.200619, 0.242185
819.958740, 1.550047, -1.812043
824.663330, 2.199707, 0.247552
829.377930, 1.560684, -1.811317
834.092529, 2.200369, 0.243280
838.807129, 1.552191, -1.811918
843.521729, 2.201796, 0.239346
848.226318, 1.562768, -1.811210
852.940918, 2.200121, 0.244375
857.655518, 1.554345, -1.811792
862.370117, 2.201489, 0.240415
867.074707, 1.564850, -1.811098
871.789307, 2.199857, 0.245465
876.503906, 1.556492, -1.811665
881.218506, 2.201183, 0.241485
885.933105, 1.548801, -1.811992
890.637695, 2.199609, 0.246560
895.352295, 1.558625, -1.811542
900.066895, 2.200897, 0.242563
904.781494, 1.550900, -1.811885
909.486084, 2.199339, 0.247646
914.200684, 1.560763, -1.811417
918.915283, 2.200598, 0.243638
923.629883, 1.552991, -1.811779
928.344482, 2.201463, 0.239456
933.049072, 1.562894, -1.811289
937.763672, 2.200306, 0.244712
942.478271, 1.555082, -1.811673
947.192871, 2.201213, 0.240550
951.907471, 1.546919, -1.812149
956.612061, 2.200000, 0.245783
961.326660, 1.557172, -1.811564
966.041260, 2.200954, 0.241638
970.755859, 1.549040, -1.812038
975.460449, 2.199718, 0.246862
980.175049, 1.559282, -1.811450
984.889648, 2.200680, 0.242724
989.604248, 1.551165, -1.811923
994.318848, 2.201813, 0.238659
