time,theta,omega
202.627914, 2.831436, 0.604645
207.345322, -3.050791, -1.207443
212.052734, 2.838742, 0.287157
216.770142, 2.404022, -1.526849
221.477554, 1.669276, 0.030532
226.194962, 0.954764, -2.013425
230.902374, 2.879637, 0.637993
235.619781, -2.757052, -1.160201
240.327194, 1.083855, 1.652843
245.044601, 2.117137, -1.549997
249.752014, 1.873879, 0.105508
254.469421, 0.941256, -2.041846
259.181671, 2.896693, 0.649232
263.896271, -2.643840, -1.153275
268.610870, 1.948202, 1.269227
273.315460, 2.390257, -1.496252
278.030060, 1.662961, 0.022460
282.744659, 0.969792, -2.008292
287.459259, 2.861535, 0.620452
292.163849, -2.875286, -1.179022
296.878448, -0.577404, 1.942384
301.593048, -3.126980, -0.785349
306.307648, 0.281566, 1.919116
311.022247, 2.523162, -1.239966
315.726837, 1.480501, -0.100957
320.441437, 1.027440, -1.969481
325.156036, 2.807209, 0.584897
329.870636, 3.091978, -1.242540
334.575226, 1.777102, -0.267739
339.289825, 0.698110, -2.074473
344.004425, 3.080342, 0.771258
348.719025, -0.910172, -1.723670
353.433624, -2.188390, 1.491744
358.138214, -1.788264, -0.068854
362.852814, -0.951823, 2.030121
367.567413, -2.884333, -0.639581
372.282013, 2.729644, 1.155834
376.986603, -1.345523, -1.535927
381.701202, -2.101480, 1.585729
386.415802, -1.899985, -0.117186
391.130402, -0.965974, 2.038050
395.845001, -2.875125, -0.631963
400.549591, 2.786539, 1.167458
405.264191, -0.715716, -1.796895
409.978790, -2.274083, 1.428410
414.693390, -1.705221, -0.024192
419.397980, -0.963879, 2.018962
424.112579, -2.874094, -0.635110
428.827179, 2.779667, 1.163462
433.541779, -0.840384, -1.747717
438.256378, -2.214918, 1.470297
442.960968, -1.760608, -0.056498
447.675568, -0.952205, 2.026722
452.390167, -2.882942, -0.638497
457.104767, 2.738481, 1.156688
461.809357, -1.267462, -1.571793
466.523956, -2.105201, 1.576536
471.238556, -1.893164, -0.113794
475.953156, -0.963835, 2.037924
480.667755, -2.876751, -0.633171
485.372345, 2.775623, 1.166707
490.086945, -0.834436, -1.753297
494.801544, -2.219992, 1.470137
499.516144, -1.760995, -0.049992
504.220734, -0.959291, 2.027373
508.935333, -2.880718, -0.640513
513.649902, 2.734452, 1.160139
518.364502, -1.277202, -1.560725
523.079102, -2.095035, 1.576969
527.783691, -1.892716, -0.117303
532.498291, -0.971011, 2.038575
537.212891, -2.874535, -0.635230
541.927490, 2.783067, 1.160629
546.642090, -0.846334, -1.742608
551.346680, -2.224911, 1.470128
556.061279, -1.761108, -0.053672
560.775879, -0.946176, 2.026203
565.490479, -2.884848, -0.636804
570.195068, 2.730227, 1.163556
574.909668, -1.273283, -1.566100
579.624268, -2.100419, 1.576921
584.338867, -1.893625, -0.110883
589.053467, -0.957839, 2.037356
593.758057, -2.872273, -0.637237
598.472656, 2.779285, 1.163934
603.187256, -0.837337, -1.749389
607.901855, -2.216596, 1.469563
612.606445, -1.759651, -0.056603
617.321045, -0.953291, 2.026699
622.035645, -2.882545, -0.638744
626.750244, 2.738319, 1.157232
631.464844, -1.278329, -1.557117
636.169434, -2.106371, 1.575946
640.884033, -1.892603, -0.114070
645.598633, -0.964742, 2.038002
650.313232, -2.876529, -0.633540
655.017822, 2.774370, 1.167143
659.732422, -0.840530, -1.751442
664.447021, -2.217801, 1.472412
669.161621, -1.764053, -0.051916
673.876221, -0.940022, 2.025982
678.580811, -2.880595, -0.640998
683.295410, 2.732339, 1.160521
688.010010, -1.289764, -1.555497
692.724609, -2.094760, 1.578756
697.429199, -1.894270, -0.118612
702.143799, -0.972596, 2.038717
706.858398, -2.873840, -0.635292
711.572998, 2.784769, 1.161309
716.287598, -0.820587, -1.753007
720.992188, -2.236386, 1.461755
725.706787, -1.749944, -0.049106
730.421387, -0.947653, 2.024779
735.135986, -2.883623, -0.636328
739.840576, 2.735877, 1.164446
744.555176, -1.217506, -1.591898
749.269775, -2.107404, 1.568372
753.984375, -1.885190, -0.107290
758.698975, -0.956122, 2.037108
763.403564, -2.873725, -0.638553
768.118164, 2.768171, 1.163462
772.832764, -0.948492, -1.705470
777.547363, -2.173065, 1.504499
782.251953, -1.805829, -0.077989
786.966553, -0.955264, 2.032329
791.681152, -2.883659, -0.640634
796.395752, 2.726613, 1.156956
801.110352, -1.372105, -1.514612
805.814941, -2.103579, 1.586849
810.529541, -1.900364, -0.118789
815.244141, -0.968791, 2.038283
819.958740, -2.874154, -0.632582
824.663330, 2.786173, 1.168727
829.377930, -0.700858, -1.803244
834.092529, -2.282043, 1.423674
838.807129, -1.698972, -0.022541
843.521729, -0.947207, 2.016336
848.226318, -2.872228, -0.635042
852.940918, 2.785155, 1.165287
857.655518, -0.761159, -1.778726
862.370117, -2.251233, 1.443707
867.074707, -1.725238, -0.041598
871.789307, -0.957214, 2.021859
876.503906, -2.878454, -0.636278
881.218506, 2.761821, 1.159799
885.933105, -1.052284, -1.658751
890.637695, -2.151486, 1.530880
895.352295, -1.840736, -0.090656
900.066895, -0.953421, 2.034991
904.781494, -2.883821, -0.638271
909.486084, 2.727843, 1.164417
914.200684, -1.282764, -1.562783
918.915283, -2.101095, 1.578350
923.629883, -1.894842, -0.112529
928.344482, -0.960299, 2.037587
933.049072, -2.871333, -0.637613
937.763672, 2.780079, 1.165024
942.478271, -0.814532, -1.759042
947.192871, -2.227179, 1.462421
951.907471, -1.750603, -0.043233
956.612061, -0.955684, 2.025581
961.326660, -2.881140, -0.638650
966.041260, 2.742587, 1.158564
970.755859, -1.229313, -1.580436
975.460449, -2.113327, 1.568455
980.175049, -1.885175, -0.111477
984.889648, -0.964341, 2.037889
989.604248, -2.877468, -0.635015
994.318848, 2.775571, 1.157804
