time,theta,omega
202.627914, 1.993762, 0.146760
207.345322, 1.635039, -1.705764
212.052734, 1.993760, 0.146719
216.770142, 1.634966, -1.705773
221.477554, 1.993777, 0.146680
226.194962, 1.634906, -1.705775
230.902374, 1.993767, 0.146635
235.619781, 1.634823, -1.705784
240.327194, 1.993782, 0.146595
245.044601, 1.634758, -1.705787
249.752014, 1.993781, 0.146552
254.469421, 1.634683, -1.705795
259.181671, 1.991134, 0.142761
263.896271, 1.646661, -1.698958
268.610870, 1.977502, 0.133635
273.315460, 1.651799, -1.698301
278.030060, 1.979330, 0.139860
282.744659, 1.644922, -1.699006
287.459259, 1.979575, 0.135419
292.163849, 1.654336, -1.698143
296.878448, 1.978869, 0.140930
301.593048, 1.646828, -1.698827
306.307648, 1.979468, 0.136583
311.022247, 1.639329, -1.699486
315.726837, 1.978704, 0.142079
320.441437, 1.648813, -1.698648
325.156036, 1.979310, 0.137730
329.870636, 1.641310, -1.699314
334.575226, 1.978550, 0.143227
339.289825, 1.650794, -1.698468
344.004425, 1.979149, 0.138879
348.719025, 1.643280, -1.699144
353.433624, 1.979743, 0.134525
358.138214, 1.652776, -1.698291
362.852814, 1.978998, 0.140028
367.567413, 1.645274, -1.698963
372.282013, 1.979577, 0.135672
376.986603, 1.654755, -1.698109
381.701202, 1.978834, 0.141177
386.415802, 1.647261, -1.698778
391.130402, 1.979415, 0.136810
395.845001, 1.639725, -1.699454
400.549591, 1.978685, 0.142319
405.264191, 1.649230, -1.698608
409.978790, 1.979269, 0.137963
414.693390, 1.641719, -1.699276
419.397980, 1.978515, 0.143463
424.112579, 1.651201, -1.698432
428.827179, 1.979121, 0.139116
433.541779, 1.643707, -1.699099
438.256378, 1.979692, 0.134756
442.960968, 1.653190, -1.698249
447.675568, 1.978960, 0.140263
452.390167, 1.645682, -1.698926
457.104767, 1.979547, 0.135910
461.809357, 1.655168, -1.698071
466.523956, 1.978802, 0.141412
471.238556, 1.647661, -1.698751
475.953156, 1.979397, 0.137060
480.667755, 1.640159, -1.699413
485.372345, 1.978637, 0.142558
490.086945, 1.649640, -1.698573
494.801544, 1.979246, 0.138210
499.516144, 1.642136, -1.699239
504.220734, 1.978484, 0.143707
508.935333, 1.651618, -1.698396
513.649902, 1.979113, 0.139389
518.364502, 1.644174, -1.699065
523.079102, 1.979668, 0.135033
527.783691, 1.653653, -1.698211
532.498291, 1.978933, 0.140539
537.212891, 1.646156, -1.698885
541.927490, 1.979511, 0.136184
546.642090, 1.638634, -1.699549
551.346680, 1.978767, 0.141687
556.061279, 1.648124, -1.698713
560.775879, 1.979369, 0.137336
565.490479, 1.640623, -1.699377
570.195068, 1.978608, 0.142834
574.909668, 1.650114, -1.698531
579.624268, 1.979201, 0.138484
584.338867, 1.642605, -1.699201
589.053467, 1.979792, 0.134129
593.758057, 1.652102, -1.698351
598.472656, 1.979042, 0.139631
603.187256, 1.644583, -1.699027
607.901855, 1.979642, 0.135280
612.606445, 1.654073, -1.698172
617.321045, 1.978890, 0.140783
622.035645, 1.646578, -1.698846
626.750244, 1.979476, 0.136426
631.464844, 1.639065, -1.699509
636.169434, 1.978731, 0.141929
640.884033, 1.648552, -1.698672
645.598633, 1.979329, 0.137579
650.313232, 1.641047, -1.699337
655.017822, 1.978567, 0.143077
659.732422, 1.650535, -1.698493
664.447021, 1.979174, 0.138728
669.161621, 1.643031, -1.699163
673.876221, 1.979747, 0.134371
678.580811, 1.652514, -1.698313
683.295410, 1.979018, 0.139877
688.010010, 1.645015, -1.698984
692.724609, 1.979599, 0.135521
697.429199, 1.654501, -1.698129
702.143799, 1.978857, 0.141024
706.858398, 1.646984, -1.698814
711.572998, 1.979454, 0.136675
716.287598, 1.639484, -1.699475
720.992188, 1.978698, 0.142173
725.706787, 1.648975, -1.698633
730.421387, 1.979296, 0.137821
735.135986, 1.641463, -1.699301
739.840576, 1.978539, 0.143320
744.555176, 1.650953, -1.698457
749.269775, 1.979140, 0.138972
753.984375, 1.643443, -1.699128
758.698975, 1.979728, 0.134617
763.403564, 1.652937, -1.698275
768.118164, 1.978980, 0.140119
772.832764, 1.645413, -1.698950
777.547363, 1.979571, 0.135750
782.251953, 1.654888, -1.698098
786.966553, 1.978830, 0.141255
791.681152, 1.647383, -1.698778
796.395752, 1.979423, 0.136902
801.110352, 1.639882, -1.699438
805.814941, 1.978664, 0.142402
810.529541, 1.649375, -1.698594
815.244141, 1.979255, 0.138047
819.958740, 1.641855, -1.699268
824.663330, 1.978505, 0.143549
829.377930, 1.651355, -1.698416
834.092529, 1.979103, 0.139198
838.807129, 1.643848, -1.699089
843.521729, 1.979693, 0.134844
848.226318, 1.653337, -1.698237
852.940918, 1.978947, 0.140349
857.655518, 1.645825, -1.698916
862.370117, 1.979545, 0.135997
867.074707, 1.655321, -1.698056
871.789307, 1.978787, 0.141496
876.503906, 1.647809, -1.698738
881.218506, 1.979387, 0.137146
885.933105, 1.640295, -1.699403
890.637695, 1.978637, 0.142647
895.352295, 1.649783, -1.698563
900.066895, 1.979232, 0.138296
904.781494, 1.642294, -1.699224
909.486084, 1.978461, 0.143789
914.200684, 1.651772, -1.698378
918.915283, 1.979073, 0.139445
923.629883, 1.644268, -1.699053
928.344482, 1.979657, 0.135088
933.049072, 1.653751, -1.698200
937.763672, 1.978917, 0.140594
942.478271, 1.646247, -1.698877
947.192871, 1.979500, 0.136238
951.907471, 1.638737, -1.699538
956.612061, 1.978760, 0.141741
961.326660, 1.648237, -1.698696
966.041260, 1.979346, 0.137386
970.755859, 1.640723, -1.699364
975.460449, 1.978593, 0.142888
980.175049, 1.650213, -1.698522
984.889648, 1.979201, 0.138540
989.604248, 1.642703, -1.699192
994.318848, 1.979776, 0.134183
