time,theta,omega
202.627914, -0.986422, 1.998535
207.345322, -2.861415, -0.620111
212.052734, 2.885232, 1.180322
216.770142, 0.740569, -1.909046
221.477554, 2.995399, 0.697092
226.194962, -1.971689, -1.272598
230.902374, -2.425258, 1.482853
235.619781, -1.639776, -0.008015
240.327194, -0.969808, 2.009055
245.044601, -2.877175, -0.630933
249.752014, 2.788136, 1.168122
254.469421, -0.700946, -1.799884
259.181671, -2.279540, 1.424124
263.896271, -1.700288, -0.022497
268.610870, -0.945782, 2.016458
273.315460, -2.872868, -0.634910
278.030060, 2.784037, 1.164582
282.744659, -0.782291, -1.770397
287.459259, -2.241084, 1.450858
292.163849, -1.734746, -0.045390
296.878448, -0.955118, 2.023196
301.593048, -2.880037, -0.636885
306.307648, 2.754427, 1.158595
311.022247, -1.130682, -1.623868
315.726837, -2.130470, 1.549147
320.441437, -1.863291, -0.100367
325.156036, -0.956751, 2.036526
329.870636, -2.881670, -0.636624
334.575226, 2.743149, 1.164821
339.289825, -1.152457, -1.620959
344.004425, -2.118408, 1.556255
348.719025, -1.871704, -0.100847
353.433624, -0.952132, 2.036387
358.138214, -2.876167, -0.639852
362.852814, 2.754101, 1.162218
367.567413, -1.089844, -1.645327
372.282013, -2.128987, 1.541704
376.986603, -1.853311, -0.099447
381.701202, -0.961758, 2.036530
386.415802, -2.880663, -0.639292
391.130402, 2.743585, 1.158000
395.845001, -1.227450, -1.580688
400.549591, -2.112810, 1.568023
405.264191, -1.884733, -0.110653
409.978790, -0.963009, 2.037755
414.693390, -2.877931, -0.634731
419.397980, 2.764106, 1.166677
424.112579, -0.943878, -1.710643
428.827179, -2.177769, 1.504608
433.541779, -1.806751, -0.071568
438.256378, -0.941928, 2.031099
442.960968, -2.881468, -0.642594
447.675568, 2.722711, 1.160327
452.390167, -1.366631, -1.520695
457.104767, -2.093110, 1.587297
461.809357, -1.899967, -0.122201
466.523956, -0.975751, 2.038902
471.238556, -2.871992, -0.634565
475.953156, 2.793882, 1.162615
480.667755, -0.711969, -1.793331
485.372345, -2.287243, 1.423256
490.086945, -1.698563, -0.025797
494.801544, -0.954147, 2.016912
499.516144, -2.876311, -0.631171
504.220734, 2.781623, 1.168513
508.935333, -0.750246, -1.785843
513.649902, -2.258393, 1.441835
518.364502, -1.723215, -0.033987
523.079102, -0.944218, 2.020286
527.783691, -2.875964, -0.638033
532.498291, 2.759845, 1.163251
537.212891, -1.026756, -1.673084
541.927490, -2.147372, 1.526287
546.642090, -1.834803, -0.081125
551.346680, -0.959381, 2.035106
556.061279, -2.882155, -0.640502
560.775879, 2.732439, 1.157789
565.490479, -1.318459, -1.539697
570.195068, -2.105026, 1.581332
574.909668, -1.897089, -0.117343
579.624268, -0.968283, 2.038316
584.338867, -2.874837, -0.633415
589.053467, 2.791524, 1.159273
593.758057, -0.765551, -1.780524
598.472656, -2.251498, 1.447383
603.187256, -1.730630, -0.037646
607.901855, -0.943929, 2.021466
612.606445, -2.876789, -0.638927
617.321045, 2.753075, 1.162974
622.035645, -1.089730, -1.646134
626.750244, -2.129878, 1.541910
631.464844, -1.854465, -0.090310
636.169434, -0.963391, 2.036693
640.884033, -2.880141, -0.639721
645.598633, 2.742875, 1.158764
650.313232, -1.224609, -1.582762
655.017822, -2.114243, 1.567691
659.732422, -1.884367, -0.111292
664.447021, -0.964483, 2.037891
669.161621, -2.877506, -0.635218
673.876221, 2.774399, 1.157899
678.580811, -0.946571, -1.710280
683.295410, -2.177502, 1.505716
688.010010, -1.808216, -0.073032
692.724609, -0.943619, 2.031411
697.429199, -2.880943, -0.643042
702.143799, 2.721940, 1.161098
706.858398, -1.364458, -1.522499
711.572998, -2.094318, 1.587158
716.287598, -1.900977, -0.112928
720.992188, -0.977308, 2.039040
725.706787, -2.871517, -0.635023
730.421387, 2.792900, 1.163323
735.135986, -0.711615, -1.794162
739.840576, -2.287845, 1.423599
744.555176, -1.699048, -0.026807
749.269775, -0.955613, 2.017140
753.984375, -2.875926, -0.631693
758.698975, 2.791682, 1.159850
763.403564, -0.756087, -1.784436
768.118164, -2.256174, 1.444322
772.832764, -1.726546, -0.036261
777.547363, -0.945323, 2.020940
782.251953, -2.875949, -0.638794
786.966553, 2.756054, 1.163710
791.681152, -1.054630, -1.661840
796.395752, -2.139904, 1.533623
801.110352, -1.844129, -0.086108
805.814941, -0.962395, 2.036011
810.529541, -2.880914, -0.640552
815.244141, 2.736031, 1.158794
819.958740, -1.279277, -1.558380
824.663330, -2.108673, 1.576308
829.377930, -1.892861, -0.115939
834.092529, -0.968243, 2.038326
838.807129, -2.875394, -0.634440
843.521729, 2.784615, 1.159355
848.226318, -0.831490, -1.756462
852.940918, -2.222835, 1.470278
857.655518, -1.761265, -0.052345
862.370117, -0.943411, 2.025955
867.074707, -2.879369, -0.641791
871.789307, 2.731670, 1.162216
876.503906, -1.276493, -1.563246
881.218506, -2.098182, 1.577178
885.933105, -1.893914, -0.109590
890.637695, -0.975499, 2.038970
895.352295, -2.873095, -0.636424
900.066895, 2.781090, 1.162683
904.781494, -0.837149, -1.748186
909.486084, -2.230394, 1.468179
914.200684, -1.758579, -0.054722
918.915283, -0.950575, 2.026292
923.629883, -2.883327, -0.637894
928.344482, 2.740442, 1.155949
933.049072, -1.259969, -1.574348
937.763672, -2.104693, 1.575337
942.478271, -1.892086, -0.112379
947.192871, -0.961747, 2.037720
951.907471, -2.877542, -0.632843
956.612061, 2.775004, 1.165783
961.326660, -0.853102, -1.745289
966.041260, -2.211529, 1.475829
970.755859, -1.768562, -0.052556
975.460449, -0.957433, 2.028212
980.175049, -2.881746, -0.640472
984.889648, 2.731894, 1.159058
989.604248, -1.309139, -1.545235
994.318848, -2.091503, 1.581083
