time,theta,omega
202.627914, 0.415311, 1.888275
207.345322, 2.442295, -1.299783
212.052734, 1.540322, -0.054230
216.770142, 1.013993, -1.976476
221.477554, 2.808681, 0.588829
226.194962, 3.119735, -1.231510
230.902374, 1.887403, -0.240519
235.619781, 0.678065, -2.083703
240.327194, 3.084548, 0.776289
245.044601, -0.788340, -1.768721
249.752014, -2.255705, 1.445170
254.469421, -1.725960, -0.035212
259.181671, -0.973150, 2.011862
263.896271, -2.846438, -0.611230
268.610870, 2.955064, 1.177874
273.315460, 1.828102, -1.440315
278.030060, 2.001569, 0.132677
282.744659, 1.011274, -2.034129
287.459259, 2.827960, 0.602196
292.163849, -3.040827, -1.204657
296.878448, 2.898990, 0.326325
301.593048, 2.723041, -1.380269
306.307648, 1.411432, -0.124772
311.022247, 1.099141, -1.931788
315.726837, 2.717329, 0.530502
320.441437, 2.675683, -1.394916
325.156036, 1.437918, -0.099662
329.870636, 1.089666, -1.939236
334.575226, 2.727925, 0.538652
339.289825, 2.730313, -1.372987
344.004425, 1.408522, -0.127421
348.719025, 1.104051, -1.931326
353.433624, 2.720804, 0.524944
358.138214, 2.676312, -1.396611
362.852814, 1.439786, -0.096102
367.567413, 1.093432, -1.939876
372.282013, 2.732741, 0.534020
376.986603, 2.736995, -1.372224
381.701202, 1.407148, -0.127255
386.415802, 1.109114, -1.931045
391.130402, 2.719010, 0.526123
395.845001, 2.662890, -1.395882
400.549591, 1.441713, -0.092504
405.264191, 1.097146, -1.940528
409.978790, 2.732261, 0.536066
414.693390, 2.730082, -1.368517
419.397980, 1.405765, -0.127179
424.112579, 1.114109, -1.930777
428.827179, 2.717270, 0.527347
433.541779, 2.663697, -1.397501
438.256378, 1.442487, -0.098465
442.960968, 1.100947, -1.941128
447.675568, 2.731702, 0.538068
452.390167, 2.736542, -1.367840
457.104767, 1.403215, -0.136090
461.809357, 1.119035, -1.930543
466.523956, 2.715603, 0.528620
471.238556, 2.664864, -1.398959
475.953156, 1.444057, -0.095188
480.667755, 1.085438, -1.940948
485.372345, 2.731052, 0.540014
490.086945, 2.742602, -1.367344
494.801544, 1.402244, -0.135604
499.516144, 1.104591, -1.929789
504.220734, 2.713995, 0.529936
508.935333, 2.666327, -1.400291
513.649902, 1.445462, -0.092035
518.364502, 1.089469, -1.941466
523.079102, 2.735660, 0.535279
527.783691, 2.748349, -1.367014
532.498291, 1.401454, -0.134902
537.212891, 1.109427, -1.929683
541.927490, 2.717691, 0.524578
546.642090, 2.654215, -1.399076
551.346680, 1.446584, -0.089102
556.061279, 1.093566, -1.941898
560.775879, 2.734826, 0.537099
565.490479, 2.739845, -1.363928
570.195068, 1.400930, -0.133910
574.909668, 1.114123, -1.929628
579.624268, 2.716265, 0.526007
584.338867, 2.656482, -1.400056
589.053467, 1.446474, -0.095837
593.758057, 1.097799, -1.942247
598.472656, 2.733856, 0.538833
603.187256, 2.744353, -1.364076
607.901855, 1.399262, -0.141691
612.606445, 1.118769, -1.929621
617.321045, 2.714885, 0.527472
622.035645, 2.658991, -1.400938
626.750244, 1.447197, -0.093245
631.464844, 1.082679, -1.941803
636.169434, 2.732827, 0.540528
640.884033, 2.748607, -1.364333
645.598633, 1.399143, -0.140184
650.313232, 1.104069, -1.929071
655.017822, 2.713565, 0.528978
659.732422, 2.661794, -1.401692
664.447021, 1.447724, -0.090805
669.161621, 1.087061, -1.942078
673.876221, 2.737061, 0.535522
678.580811, 2.752420, -1.364775
683.295410, 1.399207, -0.138424
688.010010, 1.108639, -1.929157
692.724609, 2.717496, 0.523746
697.429199, 2.664690, -1.402411
702.143799, 1.448186, -0.088413
706.858398, 1.091462, -1.942331
711.572998, 2.735938, 0.537152
716.287598, 2.742550, -1.362238
720.992188, 1.399297, -0.136632
725.706787, 1.113178, -1.929246
730.421387, 2.716229, 0.525286
735.135986, 2.653718, -1.400684
739.840576, 1.448550, -0.086093
744.555176, 1.095939, -1.942536
749.269775, 2.734741, 0.538734
753.984375, 2.745960, -1.362841
758.698975, 1.398091, -0.143771
763.403564, 1.117692, -1.929356
768.118164, 2.714997, 0.526849
772.832764, 2.656888, -1.401264
777.547363, 1.447871, -0.093316
782.251953, 1.100406, -1.942712
786.966553, 2.733532, 0.540295
791.681152, 2.749281, -1.363467
796.395752, 1.398357, -0.141752
801.110352, 1.102900, -1.928874
805.814941, 2.713742, 0.528391
810.529541, 2.659987, -1.401891
815.244141, 1.448204, -0.091021
819.958740, 1.085469, -1.942179
824.663330, 2.732322, 0.541869
829.377930, 2.752673, -1.364084
834.092529, 1.398609, -0.139745
838.807129, 1.107418, -1.929007
843.521729, 2.717727, 0.523199
848.226318, 2.663149, -1.402493
852.940918, 1.448494, -0.088767
857.655518, 1.089957, -1.942383
862.370117, 2.736470, 0.536803
867.074707, 2.756025, -1.364719
871.789307, 1.398869, -0.137723
876.503906, 1.111931, -1.929132
881.218506, 2.716501, 0.524764
885.933105, 2.652350, -1.400698
890.637695, 1.448748, -0.086533
895.352295, 1.094477, -1.942565
900.066895, 2.735238, 0.538362
904.781494, 2.745642, -1.362379
909.486084, 1.399170, -0.135635
914.200684, 1.116419, -1.929261
918.915283, 2.715286, 0.526341
923.629883, 2.655637, -1.401240
928.344482, 1.448006, -0.093789
933.049072, 1.099003, -1.942726
937.763672, 2.733987, 0.539910
942.478271, 2.748806, -1.363086
947.192871, 1.398076, -0.142620
951.907471, 1.101634, -1.928792
956.612061, 2.714070, 0.527919
961.326660, 2.658918, -1.401786
966.041260, 1.448225, -0.091592
970.755859, 1.084109, -1.942153
975.460449, 2.732734, 0.541459
980.175049, 2.751988, -1.363788
984.889648, 1.398416, -0.140492
989.604248, 1.106134, -1.928946
994.318848, 2.718064, 0.522735
