time,theta,omega
202.627914, 2.581708, 0.443473
207.345322, 2.236413, -1.559331
212.052734, 1.725317, 0.060419
216.770142, 1.156932, -1.931799
221.477554, 2.597484, 0.453443
226.194962, 2.293361, -1.532514
230.902374, 1.674795, 0.040991
235.619781, 1.169565, -1.921139
240.327194, 2.584522, 0.445066
245.044601, 2.245916, -1.554746
249.752014, 1.716674, 0.056959
254.469421, 1.158395, -1.930110
259.181671, 2.592609, 0.447526
263.896271, 2.283276, -1.535693
268.610870, 1.676284, 0.034752
273.315460, 1.193508, -1.915956
278.030060, 2.564657, 0.432415
282.744659, 2.191324, -1.579656
287.459259, 1.759173, 0.067390
292.163849, 1.178326, -1.932439
296.878448, 2.582681, 0.445224
301.593048, 2.258223, -1.549118
306.307648, 1.701505, 0.046781
311.022247, 1.171894, -1.921314
315.726837, 2.570579, 0.438544
320.441437, 2.218878, -1.568423
325.156036, 1.737893, 0.061782
329.870636, 1.166555, -1.928491
334.575226, 2.578081, 0.444595
339.289825, 2.248960, -1.555163
344.004425, 1.712806, 0.053486
348.719025, 1.173706, -1.923734
353.433624, 2.576658, 0.434514
358.138214, 2.232141, -1.563890
362.852814, 1.729254, 0.060929
367.567413, 1.172570, -1.926997
372.282013, 2.579760, 0.437730
376.986603, 2.246653, -1.557934
381.701202, 1.717945, 0.057847
386.415802, 1.177057, -1.924851
391.130402, 2.576837, 0.437033
395.845001, 2.224300, -1.562014
400.549591, 1.725446, 0.061893
405.264191, 1.177740, -1.926372
409.978790, 2.577988, 0.438987
414.693390, 2.231988, -1.559250
419.397980, 1.720208, 0.061110
424.112579, 1.181021, -1.925400
428.827179, 2.576374, 0.439147
433.541779, 2.229888, -1.561082
438.256378, 1.724132, 0.053459
442.960968, 1.182579, -1.926103
447.675568, 2.576608, 0.440506
452.390167, 2.234320, -1.559844
457.104767, 1.721762, 0.053769
461.809357, 1.185272, -1.925685
466.523956, 2.575617, 0.441071
471.238556, 2.234430, -1.560638
475.953156, 1.723215, 0.055525
480.667755, 1.167962, -1.925707
485.372345, 2.575424, 0.442155
490.086945, 2.237395, -1.560093
494.801544, 1.722149, 0.056327
499.516144, 1.170415, -1.925553
504.220734, 2.574693, 0.442893
508.935333, 2.238431, -1.560452
513.649902, 1.722799, 0.057800
518.364502, 1.172567, -1.925735
523.079102, 2.578694, 0.436363
527.783691, 2.240879, -1.560170
532.498291, 1.722201, 0.058792
537.212891, 1.174927, -1.925668
541.927490, 2.578065, 0.437163
546.642090, 2.226652, -1.560444
551.346680, 1.722527, 0.060122
556.061279, 1.177092, -1.925782
560.775879, 2.577642, 0.438095
565.490479, 2.228761, -1.560299
570.195068, 1.722208, 0.061207
574.909668, 1.179391, -1.925766
579.624268, 2.577082, 0.438941
584.338867, 2.230396, -1.560376
589.053467, 1.722825, 0.052302
593.758057, 1.181611, -1.925827
598.472656, 2.576592, 0.439836
603.187256, 2.232301, -1.560330
607.901855, 1.722697, 0.053459
612.606445, 1.183861, -1.925845
617.321045, 2.576090, 0.440714
622.035645, 2.234126, -1.560318
626.750244, 1.722631, 0.054640
631.464844, 1.166855, -1.925561
636.169434, 2.575574, 0.441589
640.884033, 2.235924, -1.560318
645.598633, 1.722597, 0.055834
650.313232, 1.169096, -1.925609
655.017822, 2.575064, 0.442468
659.732422, 2.237745, -1.560309
664.447021, 1.722533, 0.057018
669.161621, 1.171342, -1.925651
673.876221, 2.578916, 0.435811
678.580811, 2.239588, -1.560288
683.295410, 1.722447, 0.058191
688.010010, 1.173590, -1.925688
692.724609, 2.578398, 0.436685
697.429199, 2.241360, -1.560303
702.143799, 1.722429, 0.059390
706.858398, 1.175822, -1.925736
711.572998, 2.577912, 0.437576
716.287598, 2.227642, -1.560337
720.992188, 1.722307, 0.060551
725.706787, 1.178085, -1.925757
730.421387, 2.577387, 0.438443
735.135986, 2.229380, -1.560367
739.840576, 1.722315, 0.061759
744.555176, 1.180316, -1.925806
749.269775, 2.576895, 0.439334
753.984375, 2.231267, -1.560329
758.698975, 1.722716, 0.052772
763.403564, 1.182576, -1.925825
768.118164, 2.576380, 0.440203
772.832764, 2.233044, -1.560325
777.547363, 1.722675, 0.053947
782.251953, 1.184788, -1.925854
786.966553, 2.575876, 0.441072
791.681152, 2.234850, -1.560325
796.395752, 1.722628, 0.055137
801.110352, 1.167776, -1.925584
805.814941, 2.575363, 0.441950
810.529541, 2.236673, -1.560315
815.244141, 1.722571, 0.056321
819.958740, 1.170015, -1.925630
824.663330, 2.574864, 0.442834
829.377930, 2.238529, -1.560288
834.092529, 1.722477, 0.057492
838.807129, 1.172263, -1.925665
843.521729, 2.578700, 0.436170
848.226318, 2.240297, -1.560302
852.940918, 1.722457, 0.058691
857.655518, 1.174505, -1.925712
862.370117, 2.578207, 0.437055
867.074707, 2.242158, -1.560275
871.789307, 1.722360, 0.059860
876.503906, 1.176764, -1.925739
881.218506, 2.577687, 0.437927
885.933105, 2.228339, -1.560362
890.637695, 1.722330, 0.061055
895.352295, 1.178996, -1.925782
900.066895, 2.577193, 0.438814
904.781494, 2.230198, -1.560333
909.486084, 1.722223, 0.062223
914.200684, 1.181254, -1.925807
918.915283, 2.576680, 0.439687
923.629883, 2.231979, -1.560342
928.344482, 1.722728, 0.053272
933.049072, 1.183484, -1.925846
937.763672, 2.576175, 0.440571
942.478271, 2.233836, -1.560316
947.192871, 1.722637, 0.054443
951.907471, 1.166476, -1.925554
956.612061, 2.575662, 0.441448
961.326660, 2.235637, -1.560314
966.041260, 1.722590, 0.055634
970.755859, 1.168730, -1.925600
975.460449, 2.575156, 0.442328
980.175049, 2.237465, -1.560302
984.889648, 1.722527, 0.056816
989.604248, 1.170977, -1.925643
994.318848, 2.578992, 0.435664
