time,theta,omega
202.627914, 1.799667, 0.088958
207.345322, 1.201862, -1.918551
212.052734, 2.535909, 0.416666
216.770142, 2.126645, -1.600503
221.477554, 1.798613, 0.088478
226.194962, 1.201752, -1.918399
230.902374, 2.535857, 0.416534
235.619781, 2.126208, -1.600649
240.327194, 1.798888, 0.088493
245.044601, 1.201573, -1.918437
249.752014, 2.535911, 0.416487
254.469421, 2.126139, -1.600622
259.181671, 1.796109, 0.084625
263.896271, 1.215397, -1.912311
268.610870, 2.517891, 0.399525
273.315460, 2.085587, -1.621716
278.030060, 1.834232, 0.100433
282.744659, 1.217910, -1.917048
287.459259, 2.519306, 0.402068
292.163849, 2.094051, -1.618590
296.878448, 1.828389, 0.099473
301.593048, 1.219918, -1.916420
306.307648, 2.518709, 0.402824
311.022247, 2.079194, -1.619390
315.726837, 1.828758, 0.100833
320.441437, 1.222162, -1.916488
325.156036, 2.518268, 0.403760
329.870636, 2.081170, -1.619279
334.575226, 1.828575, 0.101985
339.289825, 1.224392, -1.916490
344.004425, 2.517804, 0.404675
348.719025, 2.083061, -1.619206
353.433624, 1.829390, 0.093033
358.138214, 1.226629, -1.916498
362.852814, 2.517320, 0.405585
367.567413, 2.084906, -1.619157
372.282013, 1.829317, 0.094228
376.986603, 1.228864, -1.916506
381.701202, 2.516860, 0.406504
386.415802, 2.086829, -1.619062
391.130402, 1.829178, 0.095390
395.845001, 1.211915, -1.916408
400.549591, 2.516400, 0.407416
405.264191, 2.088719, -1.618989
409.978790, 1.829066, 0.096572
414.693390, 1.214158, -1.916424
419.397980, 2.515927, 0.408327
424.112579, 2.090599, -1.618922
428.827179, 1.828967, 0.097755
433.541779, 1.216389, -1.916445
438.256378, 2.519457, 0.401388
442.960968, 2.092452, -1.618865
447.675568, 1.828887, 0.098947
452.390167, 1.218623, -1.916463
457.104767, 2.519006, 0.402309
461.809357, 2.094369, -1.618782
466.523956, 1.828751, 0.100119
471.238556, 1.220859, -1.916474
475.953156, 2.518539, 0.403224
480.667755, 2.080066, -1.619323
485.372345, 1.828646, 0.101301
490.086945, 1.223086, -1.916487
494.801544, 2.518074, 0.404142
499.516144, 2.081953, -1.619253
504.220734, 1.828528, 0.102479
508.935333, 1.225325, -1.916495
513.649902, 2.517627, 0.405091
518.364502, 2.083977, -1.619139
523.079102, 1.829276, 0.093531
527.783691, 1.227612, -1.916495
532.498291, 2.517128, 0.405998
537.212891, 2.085783, -1.619107
541.927490, 1.829249, 0.094744
546.642090, 1.210692, -1.916398
551.346680, 2.516657, 0.406911
556.061279, 2.087672, -1.619034
560.775879, 1.829134, 0.095925
565.490479, 1.212932, -1.916415
570.195068, 2.516178, 0.407822
574.909668, 2.089538, -1.618974
579.624268, 1.829047, 0.097115
584.338867, 1.215162, -1.916439
589.053467, 2.519722, 0.400887
593.758057, 2.091436, -1.618896
598.472656, 1.828932, 0.098292
603.187256, 1.217398, -1.916454
607.901855, 2.519252, 0.401803
612.606445, 2.093308, -1.618832
617.321045, 1.828832, 0.099479
622.035645, 1.219634, -1.916469
626.750244, 2.518789, 0.402720
631.464844, 2.079010, -1.619368
636.169434, 1.828717, 0.100658
640.884033, 1.221868, -1.916480
645.598633, 2.518324, 0.403635
650.313232, 2.080898, -1.619300
655.017822, 1.828611, 0.101837
659.732422, 1.224108, -1.916490
664.447021, 2.517857, 0.404552
669.161621, 2.082789, -1.619227
673.876221, 1.829416, 0.092882
678.580811, 1.226331, -1.916500
683.295410, 2.517394, 0.405469
688.010010, 2.084685, -1.619154
692.724609, 1.829311, 0.094063
697.429199, 1.228568, -1.916506
702.143799, 2.516927, 0.406387
706.858398, 2.086594, -1.619072
711.572998, 1.829188, 0.095239
716.287598, 1.211637, -1.916405
720.992188, 2.516458, 0.407300
725.706787, 2.088475, -1.619003
730.421387, 1.829091, 0.096427
735.135986, 1.213877, -1.916426
739.840576, 2.515984, 0.408213
744.555176, 2.090343, -1.618942
749.269775, 1.829002, 0.097616
753.984375, 1.216110, -1.916445
758.698975, 2.519525, 0.401277
763.403564, 2.092242, -1.618864
768.118164, 1.828881, 0.098791
772.832764, 1.218328, -1.916456
777.547363, 2.519057, 0.402177
782.251953, 2.094074, -1.618808
786.966553, 1.828801, 0.099968
791.681152, 1.220554, -1.916476
796.395752, 2.518600, 0.403097
801.110352, 2.079793, -1.619339
805.814941, 1.828670, 0.101141
810.529541, 1.222786, -1.916485
815.244141, 2.518137, 0.404014
819.958740, 2.081690, -1.619263
824.663330, 1.828552, 0.102317
829.377930, 1.225026, -1.916492
834.092529, 2.517660, 0.404926
838.807129, 2.083553, -1.619204
843.521729, 1.829386, 0.093374
848.226318, 1.227255, -1.916504
852.940918, 2.517205, 0.405848
857.655518, 2.085478, -1.619115
862.370117, 1.829254, 0.094547
867.074707, 1.229495, -1.916502
871.789307, 2.516720, 0.406755
876.503906, 2.087329, -1.619062
881.218506, 1.829181, 0.095741
885.933105, 1.212565, -1.916416
890.637695, 2.516253, 0.407672
895.352295, 2.089221, -1.618987
900.066895, 1.829072, 0.096922
904.781494, 1.214797, -1.916435
909.486084, 2.515784, 0.408588
914.200684, 2.091116, -1.618914
918.915283, 1.828957, 0.098102
923.629883, 1.217030, -1.916453
928.344482, 2.519336, 0.401654
933.049072, 2.093018, -1.618833
937.763672, 1.828831, 0.099279
942.478271, 1.219261, -1.916467
947.192871, 2.518870, 0.402572
951.907471, 2.078719, -1.619371
956.612061, 1.828714, 0.100456
961.326660, 1.221503, -1.916476
966.041260, 2.518398, 0.403484
970.755859, 2.080592, -1.619309
975.460449, 1.828623, 0.101643
980.175049, 1.223736, -1.916489
984.889648, 2.517933, 0.404401
989.604248, 2.082478, -1.619240
994.318848, 1.829432, 0.092689
