time,theta,omega
202.627914, 2.709848, 1.161374
207.345322, -1.454508, -1.479481
212.052734, -2.099225, 1.597090
216.770142, -1.913549, -0.120829
221.477554, -0.970902, 2.042080
226.194962, -2.886326, -0.640704
230.902374, 2.715130, 1.161525
235.619781, -1.413645, -1.498065
240.327194, -2.094867, 1.595327
245.044601, -1.915486, -0.121129
249.752014, -0.970957, 2.042198
254.469421, -2.886243, -0.640550
259.181671, 2.713351, 1.157061
263.896271, -1.461140, -1.474835
268.610870, -2.100649, 1.590037
273.315460, -1.892648, -0.118301
278.030060, -0.976098, 2.035976
282.744659, -2.866458, -0.628940
287.459259, 2.833734, 1.164302
292.163849, -0.215828, -1.933760
296.878448, -2.569649, 1.211371
301.593048, -1.454539, 0.128423
306.307648, -1.035113, 1.960618
311.022247, -2.792671, -0.571607
315.726837, -3.014959, 1.271776
320.441437, -1.519072, 0.290675
325.156036, -0.868459, 2.009292
329.870636, -2.930762, -0.663041
334.575226, 2.435773, 1.169691
339.289825, -2.819532, -1.155501
344.004425, 0.452164, 1.877401
348.719025, 2.420856, -1.317274
353.433624, 1.561037, -0.050146
358.138214, 1.006848, -1.987125
362.852814, 2.827602, 0.601279
367.567413, -3.062886, -1.209023
372.282013, 2.705838, 0.190515
376.986603, 1.874483, -1.775704
381.701202, 2.146973, 0.236730
386.415802, 1.156301, -2.014119
391.130402, 2.732998, 0.546736
395.845001, 2.743239, -1.365955
400.549591, 1.407617, -0.134414
405.264191, 1.083365, -1.942762
409.978790, 2.754237, 0.550256
414.693390, 2.821731, -1.335682
419.397980, 1.387293, -0.180469
424.112579, 1.078677, -1.941540
428.827179, 2.757890, 0.553317
433.541779, 2.843286, -1.328359
438.256378, 1.384903, -0.201169
442.960968, 1.073703, -1.943527
447.675568, 2.763098, 0.557712
452.390167, 2.873664, -1.317849
457.104767, 1.388626, -0.218930
461.809357, 1.060392, -1.948437
466.523956, 2.775349, 0.566603
471.238556, 2.940088, -1.294657
475.953156, 1.422105, -0.259218
480.667755, 0.980970, -1.968477
485.372345, 2.826871, 0.600952
490.086945, -3.062337, -1.211445
494.801544, 2.676118, 0.172245
499.516144, 1.758411, -1.821112
504.220734, 2.236349, 0.281970
508.935333, 1.282026, -1.984389
513.649902, 2.637345, 0.492167
518.364502, 2.337939, -1.548404
523.079102, 1.716017, 0.044349
527.783691, 0.977633, -2.015886
532.498291, 2.859787, 0.624979
537.212891, -2.867234, -1.171850
541.927490, -0.333181, 1.963916
546.642090, 2.969204, -0.913053
551.346680, 2.685599, 0.183961
556.061279, 1.805797, -1.803080
560.775879, 2.202257, 0.258659
565.490479, 1.216915, -1.997926
570.195068, 2.676668, 0.519000
574.909668, 2.513230, -1.470667
579.624268, 1.568008, -0.020021
584.338867, 1.006726, -1.984517
589.053467, 2.822194, 0.592039
593.758057, -3.107036, -1.223993
598.472656, 2.232174, -0.092983
603.187256, 0.830326, -2.097084
607.901855, 2.988811, 0.711184
612.606445, -1.942101, -1.287482
617.321045, -2.409494, 1.485734
622.035645, -1.642410, -0.012321
626.750244, -0.978529, 2.001770
631.464844, -2.848947, -0.610524
636.169434, 2.953065, 1.189606
640.884033, 1.973119, -1.349356
645.598633, 1.867661, 0.071171
650.313232, 0.934441, -2.039304
655.017822, 2.887271, 0.647553
659.732422, -2.677318, -1.157820
664.447021, 1.701292, 1.370538
669.161621, 2.184385, -1.572041
673.876221, 1.830658, 0.086529
678.580811, 0.970269, -2.031491
683.295410, 2.870477, 0.632937
688.010010, -2.800617, -1.162923
692.724609, 0.625808, 1.822602
697.429199, 2.335532, -1.387415
702.143799, 1.649527, 0.003348
706.858398, 0.971531, -2.005833
711.572998, 2.857288, 0.618421
716.287598, -2.904312, -1.173489
720.992188, -0.907114, 1.868192
725.706787, -2.850448, -0.599318
730.421387, 2.983083, 1.191560
735.135986, 2.421238, -1.038159
739.840576, 1.486387, -0.137903
744.555176, 1.006550, -1.975321
749.269775, 2.822271, 0.595496
753.984375, -3.101105, -1.217561
758.698975, 2.333447, -0.041827
763.403564, 0.965580, -2.080625
768.118164, 2.892453, 0.653261
772.832764, -2.642155, -1.153700
777.547363, 1.947775, 1.270101
782.251953, 2.396358, -1.493610
786.966553, 1.657259, 0.021720
791.681152, 0.979824, -2.005200
796.395752, 2.851385, 0.614990
801.110352, -2.937337, -1.179368
805.814941, -1.523200, 1.614646
810.529541, -2.301033, -0.276851
815.244141, -1.336241, 1.968419
819.958740, -2.590835, -0.461636
824.663330, -2.165539, 1.633681
829.377930, -1.881012, -0.119848
834.092529, -0.977684, 2.033936
838.807129, -2.864143, -0.626700
843.521729, 2.851063, 1.165920
848.226318, 0.025181, -1.964414
852.940918, -2.735794, 1.088640
857.655518, -1.452052, 0.245111
862.370117, -0.961550, 1.978132
867.074707, -2.845176, -0.614294
871.789307, 2.951550, 1.188938
876.503906, 1.935689, -1.373054
881.218506, 1.903362, 0.086351
885.933105, 0.942379, -2.041358
890.637695, 2.882209, 0.644324
895.352295, -2.710171, -1.158750
900.066895, 1.467245, 1.474023
904.781494, 2.104907, -1.590099
909.486084, 1.891668, 0.119928
914.200684, 0.979785, -2.036246
918.915283, 2.865371, 0.630073
923.629883, -2.831054, -1.165903
928.344482, 0.238875, 1.922817
933.049072, 2.567053, -1.215075
937.763672, 1.457482, -0.123595
942.478271, 1.038149, -1.961400
947.192871, 2.792314, 0.573272
951.907471, 3.008512, -1.266371
956.612061, 1.527324, -0.290160
961.326660, 0.864426, -2.012368
966.041260, 2.936074, 0.668498
970.755859, -2.398207, -1.165154
975.460449, 2.969505, 1.179205
980.175049, 2.112063, -1.258315
984.889648, 1.735576, 0.013527
989.604248, 0.930947, -2.024562
994.318848, 2.891267, 0.639287
