time,theta,omega
202.627914, 3.140239, 0.816656
207.345322, 0.204130, -1.973511
212.052734, -2.841639, 1.013837
216.770142, -1.670653, 0.276027
221.477554, -0.719914, 2.064627
226.194962, -3.091644, -0.776348
230.902374, 0.785787, 1.780679
235.619781, 2.206697, -1.477690
240.327194, 1.788193, 0.065431
245.044601, 0.902191, -2.044557
249.752014, 2.943650, 0.683207
254.469421, -2.324671, -1.185291
259.181671, -3.098804, 1.232276
263.896271, -1.846217, 0.251173
268.610870, -0.642640, 2.089572
273.315460, -3.128923, -0.810344
278.030060, 0.016540, 1.964006
282.744659, 2.683603, -1.126044
287.459259, 1.441148, -0.209985
292.163849, 0.976759, -1.982966
296.878448, 2.865616, 0.626370
301.593048, -2.858983, -1.177635
306.307648, -0.233523, 1.969885
311.022247, 2.869937, -0.986600
315.726837, 1.827150, -0.245237
320.441437, 0.663938, -2.088524
325.156036, 3.124657, 0.802915
329.870636, -0.181405, -1.939132
334.575226, -2.581934, 1.206240
339.289825, -1.462456, 0.130049
344.004425, -0.996332, 1.978553
348.719025, -2.846796, -0.610353
353.433624, 2.989688, 1.195728
358.138214, 2.487929, -0.995790
362.852814, 1.479859, -0.175036
367.567413, 0.949843, -1.991444
372.282013, 2.884257, 0.633850
376.986603, -2.757725, -1.171532
381.701202, 0.996068, 1.692227
386.415802, 2.141008, -1.533651
391.130402, 1.855309, 0.092073
395.845001, 0.921619, -2.045803
400.549591, 2.916182, 0.667361
405.264191, -2.503416, -1.166512
409.978790, 2.588290, 1.149277
414.693390, -2.272069, -1.184020
419.397980, -2.944850, 1.284582
424.112579, -1.447945, 0.256866
428.827179, -0.928708, 1.992508
433.541779, -2.900645, -0.645273
438.256378, 2.660293, 1.157194
442.960968, -1.843489, -1.322109
447.675568, -2.279970, 1.545950
452.390167, -1.768371, -0.064727
457.104767, -0.923764, 2.035754
461.809357, -2.911803, -0.664506
466.523956, 2.530670, 1.166287
471.238556, -2.468911, -1.157920
475.953156, 2.756885, 1.152529
480.667755, -1.173196, -1.609124
485.372345, -2.104075, 1.572008
490.086945, -1.902766, -0.117830
494.801544, -0.942425, 2.049166
499.516144, -2.911904, -0.658906
504.220734, 2.554830, 1.167697
508.935333, -2.348148, -1.176223
513.649902, 3.128912, 1.218089
518.364502, -2.171365, 0.121918
523.079102, -0.742984, 2.110021
527.783691, -3.064205, -0.770816
532.498291, 1.069353, 1.664527
537.212891, 2.121744, -1.550803
541.927490, 1.876118, 0.101056
546.642090, 0.925399, -2.046981
551.346680, 2.913508, 0.665264
556.061279, -2.524419, -1.164491
560.775879, 2.506921, 1.152607
565.490479, -2.625728, -1.145938
570.195068, 2.089960, 1.237838
574.909668, 2.592015, -1.416599
579.624268, 1.509774, -0.060028
584.338867, 0.994156, -1.984672
589.053467, 2.848901, 0.609966
593.758057, -2.975271, -1.200211
598.472656, -2.388982, 1.066063
603.187256, -1.517970, 0.119281
607.901855, -0.947974, 1.995830
612.606445, -2.879062, -0.638426
617.321045, 2.761880, 1.169114
622.035645, -0.989145, -1.692594
626.750244, -2.140649, 1.530810
631.464844, -1.851583, -0.087660
636.169434, -0.935901, 2.047092
640.884033, -2.918369, -0.666171
645.598633, 2.503501, 1.163642
650.313232, -2.602735, -1.146176
655.017822, 2.207460, 1.206666
659.732422, 2.815353, -1.328409
664.447021, 1.401961, -0.181055
669.161621, 1.020804, -1.961914
673.876221, 2.820923, 0.590388
678.580811, -3.136595, -1.238541
683.295410, 2.022795, -0.186985
688.010010, 0.664405, -2.108311
692.724609, 3.128871, 0.806329
697.429199, -0.091895, -1.958429
702.143799, -2.629978, 1.168735
706.858398, -1.443077, 0.166188
711.572998, -0.988741, 1.976141
716.287598, -2.849567, -0.609590
720.992188, 2.973278, 1.200210
725.706787, 2.363053, -1.084933
730.421387, 1.534593, -0.104251
735.135986, 0.944423, -1.999263
739.840576, 2.883200, 0.641760
744.555176, -2.732937, -1.167368
749.269775, 1.257752, 1.575138
753.984375, 2.081694, -1.588059
758.698975, 1.920059, 0.119995
763.403564, 0.957411, -2.050416
768.118164, 2.904820, 0.658591
772.832764, -2.590042, -1.160311
777.547363, 2.220306, 1.195091
782.251953, 2.826750, -1.326337
786.966553, 1.401850, -0.183775
791.681152, 1.023324, -1.962773
796.395752, 2.821424, 0.593233
801.110352, -3.134774, -1.230880
805.814941, 2.094768, -0.154303
810.529541, 0.701329, -2.112399
815.244141, 3.105318, 0.793463
819.958740, -0.499513, -1.868024
824.663330, -2.382759, 1.353849
829.377930, -1.616520, 0.016429
834.092529, -0.946764, 2.012733
838.807129, -2.895682, -0.644976
843.521729, 2.682318, 1.157928
848.226318, -1.700053, -1.380581
852.940918, -2.175733, 1.585283
857.655518, -1.858508, -0.101818
862.370117, -0.930737, 2.045183
867.074707, -2.910464, -0.665031
871.789307, 2.534693, 1.166156
876.503906, -2.451285, -1.159790
881.218506, 2.818331, 1.158102
885.933105, -0.509255, -1.861441
890.637695, -2.376177, 1.357335
895.352295, -1.621324, 0.014812
900.066895, -0.943482, 2.013551
904.781494, -2.897665, -0.645444
909.486084, 2.662558, 1.167046
914.200684, -1.762872, -1.353368
918.915283, -2.213357, 1.571280
923.629883, -1.825132, -0.087271
928.344482, -0.924101, 2.042063
933.049072, -2.913334, -0.665524
937.763672, 2.521967, 1.165847
942.478271, -2.510450, -1.153546
947.192871, 2.605880, 1.147293
951.907471, -2.196759, -1.198982
956.612061, -2.771196, 1.345832
961.326660, -1.411393, 0.152651
966.041260, -1.029963, 1.961514
970.755859, -2.814880, -0.587546
975.460449, -3.117929, 1.247348
980.175049, -1.858299, 0.244689
984.889648, -0.649871, 2.092900
989.604248, -3.135225, -0.809334
994.318848, -0.008990, 1.961796
