time,theta,omega
202.627914, 2.185005, 0.240123
207.345322, 1.496886, -1.838338
212.052734, 2.265375, 0.276359
216.770142, 1.603771, -1.802173
221.477554, 2.183115, 0.239204
226.194962, 1.494521, -1.839035
230.902374, 2.267073, 0.277058
235.619781, 1.606136, -1.801274
240.327194, 2.181165, 0.238261
245.044601, 1.492099, -1.839745
249.752014, 2.268805, 0.277773
254.469421, 1.608591, -1.800338
259.181671, 2.176310, 0.233194
263.896271, 1.499959, -1.834795
268.610870, 2.255172, 0.264279
273.315460, 1.609915, -1.800762
278.030060, 2.177160, 0.235074
282.744659, 1.503687, -1.834179
287.459259, 2.253652, 0.264779
292.163849, 1.610255, -1.801265
296.878448, 2.178255, 0.236763
301.593048, 1.507366, -1.833598
306.307648, 2.252191, 0.265311
311.022247, 1.592670, -1.802769
315.726837, 2.179274, 0.238422
320.441437, 1.510971, -1.833039
325.156036, 2.250769, 0.265861
329.870636, 1.593170, -1.803221
334.575226, 2.180236, 0.240052
339.289825, 1.514522, -1.832491
344.004425, 2.249396, 0.266434
348.719025, 1.593739, -1.803650
353.433624, 2.183479, 0.232316
358.138214, 1.518013, -1.831958
362.852814, 2.248066, 0.267029
367.567413, 1.594390, -1.804045
372.282013, 2.184346, 0.233905
376.986603, 1.521444, -1.831443
381.701202, 2.246778, 0.267643
386.415802, 1.595110, -1.804409
391.130402, 2.185138, 0.235453
395.845001, 1.506460, -1.831838
400.549591, 2.245558, 0.268280
405.264191, 1.595895, -1.804758
409.978790, 2.185899, 0.236998
414.693390, 1.509786, -1.831365
419.397980, 2.244346, 0.268931
424.112579, 1.596725, -1.805087
428.827179, 2.186617, 0.238523
433.541779, 1.513077, -1.830902
438.256378, 2.245777, 0.260481
442.960968, 1.597606, -1.805399
447.675568, 2.187294, 0.240030
452.390167, 1.516311, -1.830451
457.104767, 2.244639, 0.261165
461.809357, 1.598541, -1.805689
466.523956, 2.187923, 0.241517
471.238556, 1.519506, -1.830011
475.953156, 2.243537, 0.261863
480.667755, 1.581457, -1.806982
485.372345, 2.188512, 0.242985
490.086945, 1.522657, -1.829581
494.801544, 2.242461, 0.262576
499.516144, 1.582485, -1.807246
504.220734, 2.189069, 0.244438
508.935333, 1.525768, -1.829161
513.649902, 2.241439, 0.263335
518.364502, 1.583637, -1.807482
523.079102, 2.191943, 0.236583
527.783691, 1.528893, -1.828750
532.498291, 2.240391, 0.264071
537.212891, 1.584723, -1.807720
541.927490, 2.192457, 0.238019
546.642090, 1.513662, -1.829239
551.346680, 2.239390, 0.264817
556.061279, 1.585847, -1.807947
560.775879, 2.192941, 0.239443
565.490479, 1.516700, -1.828851
570.195068, 2.238395, 0.265570
574.909668, 1.587019, -1.808158
579.624268, 2.193397, 0.240853
584.338867, 1.519698, -1.828473
589.053467, 2.240009, 0.257197
593.758057, 1.588222, -1.808353
598.472656, 2.193814, 0.242246
603.187256, 1.522662, -1.828105
607.901855, 2.239079, 0.257976
612.606445, 1.589453, -1.808540
617.321045, 2.194221, 0.243632
622.035645, 1.525605, -1.827738
626.750244, 2.238164, 0.258762
631.464844, 1.572615, -1.809720
636.169434, 2.194603, 0.245009
640.884033, 1.528524, -1.827378
645.598633, 2.237265, 0.259556
650.313232, 1.573895, -1.809895
655.017822, 2.194961, 0.246375
659.732422, 1.531427, -1.827020
664.447021, 2.236385, 0.260358
669.161621, 1.575206, -1.810059
673.876221, 2.197674, 0.238429
678.580811, 1.534292, -1.826674
683.295410, 2.235527, 0.261174
688.010010, 1.576554, -1.810209
692.724609, 2.197995, 0.239778
697.429199, 1.537136, -1.826333
702.143799, 2.234688, 0.261995
706.858398, 1.577918, -1.810353
711.572998, 2.198298, 0.241120
716.287598, 1.521684, -1.826915
720.992188, 2.233865, 0.262826
725.706787, 1.579325, -1.810478
730.421387, 2.198564, 0.242446
735.135986, 1.524472, -1.826600
739.840576, 2.233059, 0.263664
744.555176, 1.580749, -1.810600
749.269775, 2.198822, 0.243767
753.984375, 1.527254, -1.826285
758.698975, 2.234810, 0.255346
763.403564, 1.582186, -1.810713
768.118164, 2.199062, 0.245079
772.832764, 1.530001, -1.825972
777.547363, 2.234032, 0.256181
782.251953, 1.583606, -1.810827
786.966553, 2.199300, 0.246379
791.681152, 1.532747, -1.825665
796.395752, 2.233270, 0.257039
801.110352, 1.566964, -1.811923
805.814941, 2.199502, 0.247676
810.529541, 1.535459, -1.825368
815.244141, 2.232527, 0.257906
819.958740, 1.568480, -1.812018
824.663330, 2.199680, 0.248963
829.377930, 1.538157, -1.825073
834.092529, 2.231804, 0.258780
838.807129, 1.570014, -1.812105
843.521729, 2.202254, 0.240960
848.226318, 1.540835, -1.824784
852.940918, 2.231091, 0.259661
857.655518, 1.571559, -1.812188
862.370117, 2.202420, 0.242241
867.074707, 1.543502, -1.824494
871.789307, 2.230378, 0.260542
876.503906, 1.573111, -1.812266
881.218506, 2.202571, 0.243516
885.933105, 1.527902, -1.825140
890.637695, 2.229682, 0.261432
895.352295, 1.574692, -1.812333
900.066895, 2.202704, 0.244782
904.781494, 1.530538, -1.824871
909.486084, 2.228995, 0.262325
914.200684, 1.576284, -1.812397
918.915283, 2.202830, 0.246045
923.629883, 1.533160, -1.824605
928.344482, 2.230855, 0.254050
933.049072, 1.577894, -1.812449
937.763672, 2.202929, 0.247296
942.478271, 1.535767, -1.824342
947.192871, 2.230198, 0.254956
951.907471, 1.561387, -1.813482
956.612061, 2.203021, 0.248544
961.326660, 1.538361, -1.824081
966.041260, 2.229550, 0.255866
970.755859, 1.563027, -1.813534
975.460449, 2.203105, 0.249788
980.175049, 1.540930, -1.823828
984.889648, 2.228923, 0.256786
989.604248, 1.564690, -1.813579
994.318848, 2.205580, 0.241749
