time,theta,omega
202.627914, 2.284324, 0.285190
207.345322, 1.633245, -1.791413
212.052734, 2.160068, 0.229176
216.770142, 1.469138, -1.846762
221.477554, 2.286222, 0.285988
226.194962, 1.636090, -1.790312
230.902374, 2.157734, 0.228075
235.619781, 1.466498, -1.847504
240.327194, 2.288107, 0.286782
245.044601, 1.638942, -1.789200
249.752014, 2.155386, 0.226970
254.469421, 1.463864, -1.848235
259.181671, 2.287107, 0.283375
263.896271, 1.649976, -1.783019
268.610870, 2.139133, 0.212811
273.315460, 1.470821, -1.846049
278.030060, 2.283217, 0.282937
282.744659, 1.646612, -1.784920
287.459259, 2.143176, 0.215754
292.163849, 1.477143, -1.844757
296.878448, 2.279788, 0.282545
301.593048, 1.643819, -1.786609
306.307648, 2.146765, 0.218509
311.022247, 1.464658, -1.844350
315.726837, 2.276630, 0.282280
320.441437, 1.641486, -1.788122
325.156036, 2.149987, 0.221110
329.870636, 1.470303, -1.843249
334.575226, 2.273701, 0.282126
339.289825, 1.639540, -1.789485
344.004425, 2.152907, 0.223580
348.719025, 1.475700, -1.842209
353.433624, 2.273687, 0.273054
358.138214, 1.637907, -1.790729
362.852814, 2.155572, 0.225941
367.567413, 1.480871, -1.841225
372.282013, 2.271111, 0.273060
376.986603, 1.636555, -1.791868
381.701202, 2.158005, 0.228207
386.415802, 1.485823, -1.840288
391.130402, 2.268688, 0.273132
395.845001, 1.617504, -1.793975
400.549591, 2.160241, 0.230378
405.264191, 1.490589, -1.839413
409.978790, 2.266409, 0.273280
414.693390, 1.616637, -1.794933
419.397980, 2.162289, 0.232477
424.112579, 1.495182, -1.838574
428.827179, 2.264254, 0.273488
433.541779, 1.615977, -1.795811
438.256378, 2.166413, 0.225094
442.960968, 1.499630, -1.837775
447.675568, 2.262212, 0.273746
452.390167, 1.615490, -1.796625
457.104767, 2.168175, 0.227072
461.809357, 1.503950, -1.837005
466.523956, 2.260250, 0.274048
471.238556, 1.615137, -1.797388
475.953156, 2.169831, 0.229003
480.667755, 1.489805, -1.837116
485.372345, 2.258372, 0.274385
490.086945, 1.614934, -1.798095
494.801544, 2.171363, 0.230882
499.516144, 1.493904, -1.836422
504.220734, 2.256589, 0.274767
508.935333, 1.614877, -1.798745
513.649902, 2.172807, 0.232744
518.364502, 1.497994, -1.835745
523.079102, 2.257509, 0.266134
527.783691, 1.614967, -1.799362
532.498291, 2.174111, 0.234537
537.212891, 1.501878, -1.835110
541.927490, 2.255888, 0.266589
546.642090, 1.597138, -1.800963
551.346680, 2.175340, 0.236283
556.061279, 1.505702, -1.834486
560.775879, 2.254308, 0.267066
565.490479, 1.597392, -1.801505
570.195068, 2.176503, 0.238001
574.909668, 1.509440, -1.833887
579.624268, 2.252796, 0.267574
584.338867, 1.597749, -1.802008
589.053467, 2.179890, 0.230320
593.758057, 1.513114, -1.833305
598.472656, 2.251321, 0.268101
603.187256, 1.598178, -1.802487
607.901855, 2.180931, 0.231986
612.606445, 1.516718, -1.832739
617.321045, 2.249909, 0.268656
622.035645, 1.598691, -1.802931
626.750244, 2.181904, 0.233624
631.464844, 1.501932, -1.833065
636.169434, 2.248533, 0.269229
640.884033, 1.599262, -1.803356
645.598633, 2.182817, 0.235236
650.313232, 1.505427, -1.832544
655.017822, 2.247199, 0.269824
659.732422, 1.599903, -1.803753
664.447021, 2.183688, 0.236828
669.161621, 1.508861, -1.832039
673.876221, 2.248527, 0.261333
678.580811, 1.600631, -1.804119
683.295410, 2.184489, 0.238387
688.010010, 1.512237, -1.831547
692.724609, 2.247283, 0.261965
697.429199, 1.601391, -1.804471
702.143799, 2.185253, 0.239933
706.858398, 1.515576, -1.831065
711.572998, 2.246076, 0.262616
716.287598, 1.584158, -1.805824
720.992188, 2.185976, 0.241461
725.706787, 1.518882, -1.830589
730.421387, 2.244884, 0.263273
735.135986, 1.585022, -1.806146
739.840576, 2.186659, 0.242969
744.555176, 1.522118, -1.830132
749.269775, 2.243747, 0.263957
753.984375, 1.585954, -1.806443
758.698975, 2.189640, 0.235127
763.403564, 1.525312, -1.829688
768.118164, 2.242640, 0.264653
772.832764, 1.586920, -1.806718
777.547363, 2.190239, 0.236584
782.251953, 1.528435, -1.829255
786.966553, 2.241565, 0.265353
791.681152, 1.587928, -1.806986
796.395752, 2.190821, 0.238050
801.110352, 1.513266, -1.829729
805.814941, 2.240502, 0.266072
810.529541, 1.588979, -1.807239
815.244141, 2.191365, 0.239499
819.958740, 1.516365, -1.829322
824.663330, 2.239473, 0.266806
829.377930, 1.590075, -1.807472
834.092529, 2.191876, 0.240933
838.807129, 1.519425, -1.828922
843.521729, 2.241045, 0.258417
848.226318, 1.591211, -1.807693
852.940918, 2.192350, 0.242351
857.655518, 1.522452, -1.828533
862.370117, 2.240073, 0.259175
867.074707, 1.592383, -1.807900
871.789307, 2.192797, 0.243756
876.503906, 1.525435, -1.828156
881.218506, 2.239129, 0.259949
885.933105, 1.575516, -1.809099
890.637695, 2.193210, 0.245146
895.352295, 1.528402, -1.827781
900.066895, 2.238189, 0.260725
904.781494, 1.576737, -1.809295
909.486084, 2.193607, 0.246530
914.200684, 1.531345, -1.827410
918.915283, 2.237277, 0.261513
923.629883, 1.578009, -1.809472
928.344482, 2.196362, 0.238599
933.049072, 1.534260, -1.827047
937.763672, 2.236376, 0.262308
942.478271, 1.579287, -1.809647
947.192871, 2.196725, 0.239970
951.907471, 1.518867, -1.827601
956.612061, 2.235502, 0.263115
961.326660, 1.580619, -1.809800
966.041260, 2.197060, 0.241323
970.755859, 1.521724, -1.827267
975.460449, 2.234655, 0.263933
980.175049, 1.581980, -1.809945
984.889648, 2.197364, 0.242667
989.604248, 1.524565, -1.826936
994.318848, 2.236366, 0.255600
