time,theta,omega
202.627914, 1.766495, 0.076528
207.345322, 1.188438, -1.921223
212.052734, 2.553675, 0.427021
216.770142, 2.170946, -1.582883
221.477554, 1.766789, 0.076549
226.194962, 1.188248, -1.921267
230.902374, 2.553744, 0.426981
235.619781, 2.170919, -1.582835
240.327194, 1.766700, 0.076429
245.044601, 1.188101, -1.921248
249.752014, 2.553762, 0.426906
254.469421, 2.170742, -1.582861
259.181671, 1.764027, 0.072622
263.896271, 1.202054, -1.915144
268.610870, 2.535628, 0.409786
273.315460, 2.126694, -1.605772
278.030060, 1.805479, 0.089688
282.744659, 1.201679, -1.921308
287.459259, 2.539518, 0.413785
292.163849, 2.143166, -1.598915
296.878448, 1.792565, 0.086096
301.593048, 1.204375, -1.919561
306.307648, 2.537974, 0.413894
311.022247, 2.125378, -1.601026
315.726837, 1.795667, 0.088470
320.441437, 1.206461, -1.920038
325.156036, 2.537796, 0.415015
329.870636, 2.128263, -1.600498
334.575226, 1.794675, 0.089321
339.289825, 1.208738, -1.919929
344.004425, 2.537227, 0.415857
348.719025, 2.129834, -1.600579
353.433624, 1.795640, 0.080446
358.138214, 1.210978, -1.919978
362.852814, 2.536763, 0.416775
367.567413, 2.131754, -1.600504
372.282013, 1.795511, 0.081616
376.986603, 1.213207, -1.919990
381.701202, 2.536287, 0.417680
386.415802, 2.133642, -1.600432
391.130402, 1.795381, 0.082781
395.845001, 1.196235, -1.919825
400.549591, 2.535807, 0.418576
405.264191, 2.135481, -1.600393
409.978790, 1.795319, 0.083976
414.693390, 1.198473, -1.919856
419.397980, 2.535322, 0.419479
424.112579, 2.137349, -1.600337
428.827179, 1.795226, 0.085160
433.541779, 1.200714, -1.919882
438.256378, 2.538959, 0.412630
442.960968, 2.139206, -1.600286
447.675568, 1.795144, 0.086347
452.390167, 1.202956, -1.919906
457.104767, 2.538481, 0.413533
461.809357, 2.141064, -1.600237
466.523956, 1.795055, 0.087531
471.238556, 1.205193, -1.919929
475.953156, 2.538006, 0.414441
480.667755, 2.126939, -1.600639
485.372345, 1.794944, 0.088710
490.086945, 1.207432, -1.919947
494.801544, 2.537534, 0.415347
499.516144, 2.128827, -1.600575
504.220734, 1.794830, 0.089883
508.935333, 1.209673, -1.919962
513.649902, 2.537068, 0.416282
518.364502, 2.130812, -1.600487
523.079102, 1.795474, 0.080926
527.783691, 1.211972, -1.919969
532.498291, 2.536544, 0.417171
537.212891, 2.132564, -1.600485
541.927490, 1.795488, 0.082148
546.642090, 1.195010, -1.919814
551.346680, 2.536070, 0.418079
556.061279, 2.134455, -1.600421
560.775879, 1.795374, 0.083325
565.490479, 1.197245, -1.919842
570.195068, 2.535593, 0.418984
574.909668, 2.136341, -1.600358
579.624268, 1.795261, 0.084504
584.338867, 1.199497, -1.919864
589.053467, 2.539215, 0.412129
593.758057, 2.138161, -1.600325
598.472656, 1.795213, 0.085704
603.187256, 1.201728, -1.919896
607.901855, 2.538747, 0.413039
612.606445, 2.140059, -1.600256
617.321045, 1.795089, 0.086874
622.035645, 1.203966, -1.919916
626.750244, 2.538266, 0.413942
631.464844, 2.125901, -1.600675
636.169434, 1.795006, 0.088065
640.884033, 1.206207, -1.919935
645.598633, 2.537786, 0.414846
650.313232, 2.127766, -1.600620
655.017822, 1.794908, 0.089246
659.732422, 1.208432, -1.919957
664.447021, 2.537314, 0.415754
669.161621, 2.129657, -1.600555
673.876221, 1.795596, 0.080269
678.580811, 1.210674, -1.919972
683.295410, 2.536830, 0.416657
688.010010, 2.131512, -1.600509
692.724609, 1.795518, 0.081460
697.429199, 1.212922, -1.919984
702.143799, 2.536347, 0.417558
706.858398, 2.133385, -1.600450
711.572998, 1.795419, 0.082643
716.287598, 1.195961, -1.919824
720.992188, 2.535862, 0.418460
725.706787, 2.135232, -1.600407
730.421387, 1.795347, 0.083835
735.135986, 1.198202, -1.919853
739.840576, 2.535370, 0.419361
744.555176, 2.137089, -1.600355
749.269775, 1.795265, 0.085021
753.984375, 1.200428, -1.919883
758.698975, 2.539027, 0.412523
763.403564, 2.139003, -1.600279
768.118164, 1.795128, 0.086187
772.832764, 1.202656, -1.919899
777.547363, 2.538540, 0.413406
782.251953, 2.140795, -1.600251
786.966553, 1.795076, 0.087373
791.681152, 1.204881, -1.919928
796.395752, 2.538075, 0.414316
801.110352, 2.126687, -1.600642
805.814941, 1.794956, 0.088546
810.529541, 1.207114, -1.919947
815.244141, 2.537597, 0.415223
819.958740, 2.128567, -1.600583
824.663330, 1.794840, 0.089721
829.377930, 1.209359, -1.919960
834.092529, 2.537111, 0.416123
838.807129, 2.130417, -1.600539
843.521729, 1.795563, 0.080760
848.226318, 1.211601, -1.919977
852.940918, 2.536639, 0.417029
857.655518, 2.132300, -1.600475
862.370117, 1.795461, 0.081940
867.074707, 1.213842, -1.919987
871.789307, 2.536144, 0.417928
876.503906, 2.134132, -1.600438
881.218506, 1.795409, 0.083137
885.933105, 1.196872, -1.919841
890.637695, 2.535668, 0.418836
895.352295, 2.136021, -1.600373
900.066895, 1.795286, 0.084312
904.781494, 1.199117, -1.919864
909.486084, 2.535189, 0.419740
914.200684, 2.137910, -1.600308
918.915283, 1.795180, 0.085491
923.629883, 1.201354, -1.919887
928.344482, 2.538825, 0.412891
933.049072, 2.139753, -1.600266
937.763672, 1.795105, 0.086681
942.478271, 1.203597, -1.919911
947.192871, 2.538348, 0.413795
951.907471, 2.125609, -1.600677
956.612061, 1.795011, 0.087865
961.326660, 1.205838, -1.919932
966.041260, 2.537864, 0.414698
970.755859, 2.127465, -1.600628
975.460449, 1.794924, 0.089051
980.175049, 1.208074, -1.919953
984.889648, 2.537385, 0.415603
989.604248, 2.129325, -1.600577
994.318848, 1.795631, 0.080084
