time,theta,omega
202.627914, 2.110730, 0.199350
207.345322, 1.577182, -1.767930
212.052734, 2.110789, 0.199328
216.770142, 1.577141, -1.767926
221.477554, 2.110768, 0.199279
226.194962, 1.577046, -1.767938
230.902374, 2.110795, 0.199245
235.619781, 1.576985, -1.767938
240.327194, 2.110795, 0.199201
245.044601, 1.576913, -1.767943
249.752014, 2.110801, 0.199162
254.469421, 1.576837, -1.767949
259.181671, 2.108064, 0.195186
263.896271, 1.587864, -1.761715
268.610870, 2.095046, 0.185661
273.315460, 1.587471, -1.763849
278.030060, 2.101345, 0.193843
282.744659, 1.585057, -1.762924
287.459259, 2.098320, 0.188126
292.163849, 1.592064, -1.763012
296.878448, 2.099311, 0.194259
301.593048, 1.585768, -1.763154
306.307648, 2.099075, 0.189619
311.022247, 1.577192, -1.763901
315.726837, 2.098585, 0.195181
320.441437, 1.587446, -1.763114
325.156036, 2.099133, 0.190842
329.870636, 1.579444, -1.763709
334.575226, 2.098222, 0.196243
339.289825, 1.589401, -1.762997
344.004425, 2.098977, 0.191985
348.719025, 1.581548, -1.763556
353.433624, 2.099842, 0.187768
358.138214, 1.591431, -1.762856
362.852814, 2.098785, 0.193111
367.567413, 1.583631, -1.763407
372.282013, 2.099611, 0.188879
376.986603, 1.593470, -1.762713
381.701202, 2.098570, 0.194231
386.415802, 1.585696, -1.763256
391.130402, 2.099373, 0.189982
395.845001, 1.577865, -1.763804
400.549591, 2.098359, 0.195342
405.264191, 1.587738, -1.763120
409.978790, 2.099174, 0.191106
414.693390, 1.579938, -1.763662
419.397980, 2.098120, 0.196453
424.112579, 1.589786, -1.762977
428.827179, 2.098964, 0.192227
433.541779, 1.582005, -1.763518
438.256378, 2.099772, 0.187988
442.960968, 1.591838, -1.762832
447.675568, 2.098745, 0.193344
452.390167, 1.584055, -1.763377
457.104767, 2.099566, 0.189110
461.809357, 1.593901, -1.762681
466.523956, 2.098526, 0.194460
471.238556, 1.586105, -1.763238
475.953156, 2.099355, 0.190230
480.667755, 1.578318, -1.763771
485.372345, 2.098300, 0.195575
490.086945, 1.588169, -1.763090
494.801544, 2.099129, 0.191343
499.516144, 1.580368, -1.763633
504.220734, 2.098079, 0.196691
508.935333, 1.590226, -1.762943
513.649902, 2.098938, 0.192491
518.364502, 1.582488, -1.763489
523.079102, 2.099732, 0.188259
527.783691, 1.592331, -1.762795
532.498291, 2.098697, 0.193609
537.212891, 1.584550, -1.763341
541.927490, 2.099513, 0.189374
546.642090, 1.576755, -1.763875
551.346680, 2.098467, 0.194724
556.061279, 1.586599, -1.763201
560.775879, 2.099303, 0.190495
565.490479, 1.578811, -1.763737
570.195068, 2.098246, 0.195839
574.909668, 1.588660, -1.763055
579.624268, 2.099082, 0.191611
584.338867, 1.580869, -1.763596
589.053467, 2.099897, 0.187376
593.758057, 1.590707, -1.762912
598.472656, 2.098869, 0.192732
603.187256, 1.582930, -1.763454
607.901855, 2.099683, 0.188495
612.606445, 1.592770, -1.762764
617.321045, 2.098644, 0.193847
622.035645, 1.584983, -1.763313
626.750244, 2.099463, 0.189612
631.464844, 1.577186, -1.763847
636.169434, 2.098428, 0.194963
640.884033, 1.587032, -1.763173
645.598633, 2.099256, 0.190733
650.313232, 1.579247, -1.763708
655.017822, 2.098202, 0.196077
659.732422, 1.589091, -1.763027
664.447021, 2.099032, 0.191848
669.161621, 1.581300, -1.763572
673.876221, 2.099856, 0.187616
678.580811, 1.591153, -1.762879
683.295410, 2.098816, 0.192965
688.010010, 1.583361, -1.763425
692.724609, 2.099636, 0.188732
697.429199, 1.593208, -1.762732
702.143799, 2.098594, 0.194080
706.858398, 1.585418, -1.763283
711.572998, 2.099423, 0.189852
716.287598, 1.577626, -1.763817
720.992188, 2.098379, 0.195199
725.706787, 1.587476, -1.763141
730.421387, 2.099207, 0.190968
735.135986, 1.579677, -1.763680
739.840576, 2.098160, 0.196316
744.555176, 1.589539, -1.762991
749.269775, 2.098984, 0.192084
753.984375, 1.581735, -1.763539
758.698975, 2.099808, 0.187853
763.403564, 1.591589, -1.762848
768.118164, 2.098773, 0.193202
772.832764, 1.583784, -1.763392
777.547363, 2.099585, 0.188951
782.251953, 1.593610, -1.762702
786.966553, 2.098559, 0.194306
791.681152, 1.585832, -1.763255
796.395752, 2.099376, 0.190073
801.110352, 1.578035, -1.763789
805.814941, 2.098338, 0.195421
810.529541, 1.587888, -1.763109
815.244141, 2.099160, 0.191190
819.958740, 1.580091, -1.763650
824.663330, 2.098113, 0.196537
829.377930, 1.589946, -1.762964
834.092529, 2.098943, 0.192308
838.807129, 1.582140, -1.763513
843.521729, 2.099772, 0.188078
848.226318, 1.591998, -1.762819
852.940918, 2.098724, 0.193426
857.655518, 1.584208, -1.763368
862.370117, 2.099548, 0.189192
867.074707, 1.594048, -1.762672
871.789307, 2.098508, 0.194541
876.503906, 1.586260, -1.763226
881.218506, 2.099336, 0.190312
885.933105, 1.578474, -1.763759
890.637695, 2.098286, 0.195657
895.352295, 1.588314, -1.763082
900.066895, 2.099121, 0.191430
904.781494, 1.580532, -1.763621
909.486084, 2.098061, 0.196774
914.200684, 1.590381, -1.762933
918.915283, 2.098896, 0.192546
923.629883, 1.582587, -1.763481
928.344482, 2.099722, 0.188314
933.049072, 1.592440, -1.762784
937.763672, 2.098672, 0.193660
942.478271, 1.584636, -1.763339
947.192871, 2.099508, 0.189431
951.907471, 1.576850, -1.763871
956.612061, 2.098460, 0.194780
961.326660, 1.586701, -1.763192
966.041260, 2.099287, 0.190548
970.755859, 1.578905, -1.763732
975.460449, 2.098234, 0.195895
980.175049, 1.588759, -1.763047
984.889648, 2.099070, 0.191665
989.604248, 1.580967, -1.763589
994.318848, 2.099886, 0.187431
