time,theta,omega
202.627914, 2.240828, 0.263771
207.345322, 1.588104, -1.802432
212.052734, 2.182815, 0.237927
216.770142, 1.514891, -1.826846
221.477554, 2.238680, 0.262714
226.194962, 1.584954, -1.803489
230.902374, 2.185149, 0.238861
235.619781, 1.517393, -1.826015
240.327194, 2.236694, 0.261734
245.044601, 1.582055, -1.804454
249.752014, 2.187283, 0.239709
254.469421, 1.519666, -1.825252
259.181671, 2.232030, 0.256695
263.896271, 1.588740, -1.799873
268.610870, 2.174525, 0.226950
273.315460, 1.528026, -1.822790
278.030060, 2.227217, 0.255956
282.744659, 1.585095, -1.801731
287.459259, 2.178691, 0.229967
292.163849, 1.535028, -1.821140
296.878448, 2.223241, 0.255383
301.593048, 1.582362, -1.803276
306.307648, 2.182143, 0.232681
311.022247, 1.523096, -1.820654
315.726837, 2.219820, 0.255059
320.441437, 1.580402, -1.804549
325.156036, 2.184999, 0.235135
329.870636, 1.528777, -1.819416
334.575226, 2.216846, 0.254940
339.289825, 1.579066, -1.805605
344.004425, 2.187370, 0.237379
348.719025, 1.533928, -1.818338
353.433624, 2.216724, 0.245776
358.138214, 1.578259, -1.806474
362.852814, 2.189334, 0.239444
367.567413, 1.538638, -1.817396
372.282013, 2.214486, 0.245980
376.986603, 1.577897, -1.807190
381.701202, 2.190942, 0.241357
386.415802, 1.542955, -1.816566
391.130402, 2.212518, 0.246302
395.845001, 1.559802, -1.808792
400.549591, 2.192278, 0.243139
405.264191, 1.546954, -1.815845
409.978790, 2.210815, 0.246751
414.693390, 1.560125, -1.809278
419.397980, 2.193358, 0.244819
424.112579, 1.550671, -1.815209
428.827179, 2.209316, 0.247289
433.541779, 1.560723, -1.809672
438.256378, 2.196604, 0.237112
442.960968, 1.554149, -1.814644
447.675568, 2.207999, 0.247909
452.390167, 1.561548, -1.809986
457.104767, 2.197314, 0.238630
461.809357, 1.557426, -1.814145
466.523956, 2.206833, 0.248598
471.238556, 1.562563, -1.810237
475.953156, 2.197881, 0.240084
480.667755, 1.542401, -1.814683
485.372345, 2.205779, 0.249336
490.086945, 1.563720, -1.810438
494.801544, 2.198333, 0.241489
499.516144, 1.545383, -1.814288
504.220734, 2.204840, 0.250127
508.935333, 1.565034, -1.810585
513.649902, 2.198686, 0.242872
518.364502, 1.548312, -1.813926
523.079102, 2.206390, 0.241720
527.783691, 1.566499, -1.810697
532.498291, 2.198907, 0.244184
537.212891, 1.551039, -1.813612
541.927490, 2.205651, 0.242597
546.642090, 1.549931, -1.811758
551.346680, 2.199059, 0.245457
556.061279, 1.553675, -1.813325
560.775879, 2.204969, 0.243503
565.490479, 1.551556, -1.811809
570.195068, 2.199156, 0.246701
574.909668, 1.556248, -1.813058
579.624268, 2.204349, 0.244429
584.338867, 1.553241, -1.811841
589.053467, 2.201577, 0.238644
593.758057, 1.558735, -1.812817
598.472656, 2.203774, 0.245382
603.187256, 1.555006, -1.811841
607.901855, 2.201566, 0.239844
612.606445, 1.561173, -1.812591
617.321045, 2.203253, 0.246355
622.035645, 1.556817, -1.811828
626.750244, 2.201524, 0.241030
631.464844, 1.545440, -1.813364
636.169434, 2.202752, 0.247338
640.884033, 1.558666, -1.811799
645.598633, 2.201447, 0.242201
650.313232, 1.547786, -1.813178
655.017822, 2.202289, 0.248340
659.732422, 1.560565, -1.811751
664.447021, 2.201337, 0.243357
669.161621, 1.550098, -1.813002
673.876221, 2.204264, 0.240085
678.580811, 1.562498, -1.811696
683.295410, 2.201195, 0.244498
688.010010, 1.552392, -1.812830
692.724609, 2.203846, 0.241106
697.429199, 1.564439, -1.811631
702.143799, 2.201044, 0.245636
706.858398, 1.554650, -1.812668
711.572998, 2.203465, 0.242141
716.287598, 1.548293, -1.812551
720.992188, 2.200868, 0.246764
725.706787, 1.556896, -1.812510
730.421387, 2.203087, 0.243180
735.135986, 1.550308, -1.812470
739.840576, 2.200660, 0.247878
744.555176, 1.559100, -1.812362
749.269775, 2.202738, 0.244230
753.984375, 1.552319, -1.812395
758.698975, 2.202851, 0.239718
763.403564, 1.561311, -1.812210
768.118164, 2.202379, 0.245275
772.832764, 1.554324, -1.812307
777.547363, 2.202643, 0.240813
782.251953, 1.563470, -1.812069
786.966553, 2.202055, 0.246321
791.681152, 1.556368, -1.812218
796.395752, 2.202419, 0.241921
801.110352, 1.547517, -1.812922
805.814941, 2.201720, 0.247379
810.529541, 1.558417, -1.812122
815.244141, 2.202192, 0.243025
819.958740, 1.549694, -1.812790
824.663330, 2.201390, 0.248438
829.377930, 1.560478, -1.812022
834.092529, 2.201955, 0.244125
838.807129, 1.551861, -1.812660
843.521729, 2.203467, 0.240230
848.226318, 1.562536, -1.811921
852.940918, 2.201703, 0.245222
857.655518, 1.554016, -1.812534
862.370117, 2.203158, 0.241298
867.074707, 1.564621, -1.811809
871.789307, 2.201450, 0.246312
876.503906, 1.556155, -1.812410
881.218506, 2.202864, 0.242371
885.933105, 1.548568, -1.812701
890.637695, 2.201199, 0.247406
895.352295, 1.558316, -1.812278
900.066895, 2.202549, 0.243438
904.781494, 1.550648, -1.812601
909.486084, 2.200947, 0.248498
914.200684, 1.560459, -1.812153
918.915283, 2.202251, 0.244511
923.629883, 1.552742, -1.812494
928.344482, 2.203076, 0.240312
933.049072, 1.562592, -1.812026
937.763672, 2.201952, 0.245584
942.478271, 1.554834, -1.812388
947.192871, 2.202818, 0.241404
951.907471, 1.546606, -1.812882
956.612061, 2.201646, 0.246654
961.326660, 1.556916, -1.812284
966.041260, 2.202567, 0.242497
970.755859, 1.548740, -1.812769
975.460449, 2.201351, 0.247729
980.175049, 1.559018, -1.812171
984.889648, 2.202300, 0.243583
989.604248, 1.550865, -1.812651
994.318848, 2.203456, 0.239531
