time,theta,omega
202.627914, 2.562149, 0.431467
207.345322, 2.133209, -1.616231
212.052734, 1.836980, 0.102665
216.770142, 1.104438, -1.968951
221.477554, 2.671195, 0.501075
226.194962, 2.552420, -1.421416
230.902374, 1.473149, -0.051496
235.619781, 1.216309, -1.885019
240.327194, 2.560574, 0.430349
245.044601, 2.127349, -1.618841
249.752014, 1.841956, 0.104427
254.469421, 1.104553, -1.969416
259.181671, 2.668085, 0.496333
263.896271, 2.544775, -1.423341
268.610870, 1.472282, -0.057675
273.315460, 1.240083, -1.879155
278.030060, 2.540339, 0.417534
282.744659, 2.074939, -1.642415
287.459259, 1.882410, 0.114442
292.163849, 1.138340, -1.967453
296.878448, 2.646899, 0.487038
301.593048, 2.469988, -1.459136
306.307648, 1.536159, -0.023521
311.022247, 1.189525, -1.900359
315.726837, 2.572562, 0.439343
320.441437, 2.189811, -1.590646
325.156036, 1.783621, 0.078520
329.870636, 1.115804, -1.957015
334.575226, 2.646573, 0.487723
339.289825, 2.473316, -1.459455
344.004425, 1.536299, -0.021179
348.719025, 1.193915, -1.900421
353.433624, 2.575921, 0.433576
358.138214, 2.193666, -1.590530
362.852814, 1.783314, 0.080838
367.567413, 1.120379, -1.957162
372.282013, 2.650249, 0.482233
376.986603, 2.476657, -1.459741
381.701202, 1.536411, -0.018856
386.415802, 1.198322, -1.900461
391.130402, 2.574924, 0.435338
395.845001, 2.181479, -1.590675
400.549591, 1.783116, 0.083187
405.264191, 1.124925, -1.957321
409.978790, 2.649129, 0.483895
414.693390, 2.465442, -1.458915
419.397980, 1.536478, -0.016559
424.112579, 1.202729, -1.900493
428.827179, 2.573944, 0.437116
433.541779, 2.185292, -1.590580
438.256378, 1.783592, 0.075367
442.960968, 1.129503, -1.957455
447.675568, 2.648002, 0.485554
452.390167, 2.468804, -1.459183
457.104767, 1.536316, -0.024105
461.809357, 1.207148, -1.900512
466.523956, 2.572941, 0.438882
471.238556, 2.189027, -1.590521
475.953156, 1.783401, 0.077730
480.667755, 1.114488, -1.956927
485.372345, 2.646877, 0.487219
490.086945, 2.472210, -1.459434
494.801544, 1.536377, -0.021805
499.516144, 1.192574, -1.900442
504.220734, 2.571928, 0.440642
508.935333, 2.192736, -1.590473
513.649902, 1.783254, 0.080126
518.364502, 1.119099, -1.957105
523.079102, 2.650557, 0.481768
527.783691, 2.475698, -1.459675
532.498291, 1.536402, -0.019489
537.212891, 1.197086, -1.900462
541.927490, 2.575228, 0.434871
546.642090, 2.180559, -1.590642
551.346680, 1.783079, 0.082504
556.061279, 1.123674, -1.957266
560.775879, 2.649438, 0.483434
565.490479, 2.464507, -1.458845
570.195068, 1.536467, -0.017190
574.909668, 1.201504, -1.900490
579.624268, 2.574227, 0.436636
584.338867, 2.184285, -1.590588
589.053467, 1.783623, 0.074710
593.758057, 1.128240, -1.957415
598.472656, 2.648317, 0.485100
603.187256, 2.467898, -1.459101
607.901855, 1.536276, -0.024750
612.606445, 1.205945, -1.900503
617.321045, 2.573217, 0.438395
622.035645, 2.187997, -1.590538
626.750244, 1.783458, 0.077081
631.464844, 1.113235, -1.956878
636.169434, 2.647177, 0.486760
640.884033, 2.471248, -1.459376
645.598633, 1.536381, -0.022425
650.313232, 1.191352, -1.900438
655.017822, 2.572216, 0.440163
659.732422, 2.191759, -1.590466
664.447021, 1.783239, 0.079433
669.161621, 1.117793, -1.957049
673.876221, 2.650875, 0.481284
678.580811, 2.474709, -1.459605
683.295410, 1.536400, -0.020147
688.010010, 1.195804, -1.900459
692.724609, 2.575517, 0.434363
697.429199, 2.195392, -1.590455
702.143799, 1.783134, 0.081825
706.858398, 1.122353, -1.957224
711.572998, 2.649768, 0.482959
716.287598, 2.463552, -1.458761
720.992188, 1.536428, -0.017861
725.706787, 1.200246, -1.900476
730.421387, 2.574495, 0.436116
735.135986, 2.183135, -1.590637
739.840576, 1.783009, 0.084210
744.555176, 1.126915, -1.957385
749.269775, 2.648648, 0.484625
753.984375, 2.466955, -1.459012
758.698975, 1.536225, -0.025425
763.403564, 1.204681, -1.900492
768.118164, 2.573483, 0.437874
772.832764, 2.186826, -1.590590
777.547363, 1.783581, 0.076410
782.251953, 1.131456, -1.957528
786.966553, 2.647529, 0.486281
791.681152, 2.470320, -1.459269
796.395752, 1.536303, -0.023134
801.110352, 1.190070, -1.900410
805.814941, 2.572488, 0.439632
810.529541, 2.190578, -1.590523
815.244141, 1.783369, 0.078766
819.958740, 1.116452, -1.957008
824.663330, 2.646395, 0.487942
829.377930, 2.473709, -1.459529
834.092529, 1.536378, -0.020826
838.807129, 1.194494, -1.900451
843.521729, 2.575815, 0.433848
848.226318, 2.194314, -1.590462
852.940918, 1.783178, 0.081125
857.655518, 1.121019, -1.957173
862.370117, 2.650083, 0.482462
867.074707, 2.477078, -1.459799
871.789307, 1.536466, -0.018514
876.503906, 1.198905, -1.900489
881.218506, 2.574833, 0.435621
885.933105, 2.182194, -1.590583
890.637695, 1.782924, 0.083462
895.352295, 1.125588, -1.957318
900.066895, 2.648960, 0.484123
904.781494, 2.465868, -1.458978
909.486084, 1.536536, -0.016206
914.200684, 1.203335, -1.900512
918.915283, 2.573825, 0.437386
923.629883, 2.185903, -1.590536
928.344482, 1.783501, 0.075680
933.049072, 1.130154, -1.957467
937.763672, 2.647831, 0.485787
942.478271, 2.469260, -1.459233
947.192871, 1.536350, -0.023765
951.907471, 1.188758, -1.900419
956.612061, 2.572819, 0.439148
961.326660, 2.189643, -1.590476
966.041260, 1.783302, 0.078039
970.755859, 1.115149, -1.956940
975.460449, 2.646703, 0.487451
980.175049, 2.472649, -1.459494
984.889648, 1.536430, -0.021455
989.604248, 1.193184, -1.900462
994.318848, 2.576133, 0.433358
