time,theta,omega
202.627914, 1.992955, 0.161263
207.345322, 1.316315, -1.890551
212.052734, 2.413881, 0.349351
216.770142, 1.859195, -1.706165
221.477554, 1.991711, 0.160686
226.194962, 1.315554, -1.890621
230.902374, 2.414319, 0.349477
235.619781, 1.859962, -1.705781
240.327194, 1.990971, 0.160306
245.044601, 1.315050, -1.890660
249.752014, 2.414576, 0.349517
254.469421, 1.860336, -1.705568
259.181671, 1.987778, 0.156136
263.896271, 1.327354, -1.884614
268.610870, 2.397728, 0.333811
273.315460, 1.840874, -1.715644
278.030060, 2.006289, 0.165029
282.744659, 1.339026, -1.883326
287.459259, 2.390870, 0.331710
292.163849, 1.829242, -1.721286
296.878448, 2.017339, 0.170641
301.593048, 1.347257, -1.882380
306.307648, 2.386330, 0.330710
311.022247, 1.805319, -1.725920
315.726837, 2.024279, 0.174637
320.441437, 1.353485, -1.881673
325.156036, 2.383145, 0.330360
329.870636, 1.801528, -1.728221
334.575226, 2.028827, 0.177682
339.289825, 1.358470, -1.881141
344.004425, 2.380809, 0.330415
348.719025, 1.799500, -1.729785
353.433624, 2.033632, 0.170348
358.138214, 1.362639, -1.880737
362.852814, 2.379046, 0.330747
367.567413, 1.798682, -1.730838
372.282013, 2.035765, 0.172430
376.986603, 1.366255, -1.880420
381.701202, 2.377666, 0.331263
386.415802, 1.798659, -1.731552
391.130402, 2.037236, 0.174236
395.845001, 1.350646, -1.880625
400.549591, 2.376567, 0.331907
405.264191, 1.799179, -1.732047
409.978790, 2.038264, 0.175876
414.693390, 1.353602, -1.880438
419.397980, 2.375649, 0.332644
424.112579, 1.800111, -1.732371
428.827179, 2.038956, 0.177379
433.541779, 1.356354, -1.880287
438.256378, 2.378126, 0.324903
442.960968, 1.801335, -1.732570
447.675568, 2.039407, 0.178783
452.390167, 1.358944, -1.880165
457.104767, 2.377471, 0.325766
461.809357, 1.802773, -1.732678
466.523956, 2.039680, 0.180117
471.238556, 1.361436, -1.880056
475.953156, 2.376884, 0.326665
480.667755, 1.787028, -1.733845
485.372345, 2.039822, 0.181396
490.086945, 1.363846, -1.879962
494.801544, 2.376355, 0.327588
499.516144, 1.788744, -1.733843
504.220734, 2.039872, 0.182639
508.935333, 1.366206, -1.879874
513.649902, 2.375877, 0.328559
518.364502, 1.790614, -1.733798
523.079102, 2.041554, 0.174092
527.783691, 1.368555, -1.879796
532.498291, 2.375396, 0.329516
537.212891, 1.792450, -1.733745
541.927490, 2.041517, 0.175296
546.642090, 1.352045, -1.880169
551.346680, 2.374948, 0.330481
556.061279, 1.794337, -1.733672
560.775879, 2.041430, 0.176484
565.490479, 1.354313, -1.880109
570.195068, 2.374514, 0.331453
574.909668, 1.796250, -1.733588
579.624268, 2.041320, 0.177663
584.338867, 1.356557, -1.880051
589.053467, 2.377332, 0.323873
593.758057, 1.798186, -1.733490
598.472656, 2.041190, 0.178832
603.187256, 1.358795, -1.879992
607.901855, 2.376923, 0.324856
612.606445, 1.800143, -1.733384
617.321045, 2.041037, 0.179993
622.035645, 1.361028, -1.879935
626.750244, 2.376527, 0.325843
631.464844, 1.784780, -1.734386
636.169434, 2.040862, 0.181146
640.884033, 1.363226, -1.879882
645.598633, 2.376148, 0.326841
650.313232, 1.786785, -1.734267
655.017822, 2.040674, 0.182292
659.732422, 1.365432, -1.879824
664.447021, 2.375758, 0.327833
669.161621, 1.788786, -1.734148
673.876221, 2.042223, 0.173656
678.580811, 1.367642, -1.879763
683.295410, 2.375377, 0.328826
688.010010, 1.790810, -1.734019
692.724609, 2.042023, 0.174796
697.429199, 1.369830, -1.879705
702.143799, 2.374991, 0.329824
706.858398, 1.792820, -1.733896
711.572998, 2.041840, 0.175946
716.287598, 1.353240, -1.880099
720.992188, 2.374600, 0.330814
725.706787, 1.794801, -1.733779
730.421387, 2.041666, 0.177098
735.135986, 1.355448, -1.880050
739.840576, 2.374212, 0.331806
744.555176, 1.796818, -1.733650
749.269775, 2.041464, 0.178240
753.984375, 1.357638, -1.880001
758.698975, 2.377075, 0.324248
763.403564, 1.798843, -1.733518
768.118164, 2.041264, 0.179380
772.832764, 1.359811, -1.879950
777.547363, 2.376695, 0.325230
782.251953, 1.800820, -1.733394
786.966553, 2.041078, 0.180513
791.681152, 1.362002, -1.879900
796.395752, 2.376318, 0.326229
801.110352, 1.785497, -1.734382
805.814941, 2.040875, 0.181653
810.529541, 1.364201, -1.879844
815.244141, 2.375942, 0.327227
819.958740, 1.787515, -1.734256
824.663330, 2.040664, 0.182793
829.377930, 1.366389, -1.879790
834.092529, 2.375572, 0.328226
838.807129, 1.789551, -1.734123
843.521729, 2.042196, 0.174147
848.226318, 1.368576, -1.879734
852.940918, 2.375194, 0.329224
857.655518, 1.791575, -1.733993
862.370117, 2.041990, 0.175289
867.074707, 1.370774, -1.879672
871.789307, 2.374810, 0.330220
876.503906, 1.793596, -1.733863
881.218506, 2.041798, 0.176433
885.933105, 1.354163, -1.880076
890.637695, 2.374431, 0.331218
895.352295, 1.795622, -1.733732
900.066895, 2.041599, 0.177574
904.781494, 1.356355, -1.880030
909.486084, 2.374051, 0.332215
914.200684, 1.797641, -1.733600
918.915283, 2.041398, 0.178715
923.629883, 1.358548, -1.879980
928.344482, 2.376918, 0.324658
933.049072, 1.799680, -1.733462
937.763672, 2.041179, 0.179850
942.478271, 1.360733, -1.879929
947.192871, 2.376536, 0.325654
951.907471, 1.784335, -1.734454
956.612061, 2.040993, 0.180998
961.326660, 1.362937, -1.879875
966.041260, 2.376157, 0.326652
970.755859, 1.786356, -1.734329
975.460449, 2.040791, 0.182140
980.175049, 1.365125, -1.879824
984.889648, 2.375785, 0.327652
989.604248, 1.788385, -1.734198
994.318848, 2.042315, 0.173491
