time,theta,omega
202.627914, 2.843088, 0.614999
207.345322, -2.949995, -1.178042
212.052734, -1.810169, 1.450956
216.770142, -2.020978, -0.137624
221.477554, -1.028370, 2.033619
226.194962, -2.823903, -0.599881
230.902374, 3.063621, 1.207126
235.619781, -2.629393, -0.138436
240.327194, -1.627712, 1.874421
245.044601, -2.351242, -0.330280
249.752014, -1.499184, 1.910142
254.469421, -2.452890, -0.382623
259.181671, -1.742389, 1.812811
263.896271, -2.233413, -0.270540
268.610870, -1.288133, 1.971120
273.315460, -2.599076, -0.470506
278.030060, -2.221885, 1.598170
282.744659, -1.809026, -0.086595
287.459259, -0.993065, 2.013267
292.163849, -2.817419, -0.599884
296.878448, 3.077222, 1.208550
301.593048, -2.514151, -0.065126
306.307648, -1.320107, 1.980839
311.022247, -2.588653, -0.458779
315.726837, -2.179399, 1.619674
320.441437, -1.850623, -0.106020
325.156036, -1.002175, 2.017608
329.870636, -2.820481, -0.594826
334.575226, 3.080819, 1.211685
339.289825, -2.450068, -0.027353
344.004425, -1.185577, 2.021894
348.719025, -2.698186, -0.526084
353.433624, -2.609802, 1.416007
358.138214, -1.471756, 0.067808
362.852814, -1.097601, 1.942628
367.567413, -2.725603, -0.531650
372.282013, -2.707451, 1.375295
376.986603, -1.411522, 0.116112
381.701202, -1.128730, 1.925054
386.415802, -2.697542, -0.514545
391.130402, -2.582841, 1.430092
395.845001, -1.493608, 0.060906
400.549591, -1.090883, 1.949324
405.264191, -2.734880, -0.540075
409.978790, -2.760555, 1.355316
414.693390, -1.387755, 0.151855
419.397980, -1.139707, 1.919642
424.112579, -2.689509, -0.511572
428.827179, -2.555310, 1.444242
433.541779, -1.517644, 0.044744
438.256378, -1.064180, 1.955423
442.960968, -2.744542, -0.548784
447.675568, -2.816617, 1.334923
452.390167, -1.374022, 0.182486
457.104767, -1.120450, 1.918400
461.809357, -2.691061, -0.514580
466.523956, -2.569975, 1.439625
471.238556, -1.508904, 0.047505
475.953156, -1.073044, 1.953171
480.667755, -2.744684, -0.541097
485.372345, -2.800234, 1.343408
490.086945, -1.378192, 0.168063
494.801544, -1.128291, 1.918126
499.516144, -2.692462, -0.507856
504.220734, -2.562678, 1.444763
508.935333, -1.517369, 0.040476
513.649902, -1.073526, 1.955749
518.364502, -2.747262, -0.545189
523.079102, -2.808738, 1.333398
527.783691, -1.375001, 0.177804
532.498291, -1.129649, 1.918590
537.212891, -2.693614, -0.510844
541.927490, -2.561695, 1.438976
546.642090, -1.509115, 0.052376
551.346680, -1.081986, 1.953709
556.061279, -2.742368, -0.544336
560.775879, -2.794168, 1.341215
565.490479, -1.377013, 0.173464
570.195068, -1.137170, 1.918325
574.909668, -2.690172, -0.511141
579.624268, -2.555394, 1.443686
584.338867, -1.516820, 0.045812
589.053467, -1.063321, 1.955139
593.758057, -2.744527, -0.548125
598.472656, -2.813980, 1.335401
603.187256, -1.374165, 0.181914
607.901855, -1.119629, 1.918289
612.606445, -2.691077, -0.513956
617.321045, -2.567701, 1.440112
622.035645, -1.509924, 0.047520
626.750244, -1.071283, 1.953407
631.464844, -2.745506, -0.540988
636.169434, -2.801691, 1.342274
640.884033, -1.377540, 0.170088
645.598633, -1.126776, 1.918094
650.313232, -2.692987, -0.507527
655.017822, -2.562607, 1.444274
659.732422, -1.516669, 0.041478
664.447021, -1.072619, 1.955475
669.161621, -2.747260, -0.544508
673.876221, -2.806065, 1.333873
678.580811, -1.375148, 0.177264
683.295410, -1.128750, 1.918489
688.010010, -2.693653, -0.510204
692.724609, -2.559427, 1.439440
697.429199, -1.510622, 0.042723
702.143799, -1.080168, 1.953945
706.858398, -2.743205, -0.544206
711.572998, -2.795577, 1.340070
716.287598, -1.376359, 0.175506
720.992188, -1.135587, 1.918302
725.706787, -2.690719, -0.510795
730.421387, -2.555294, 1.443185
735.135986, -1.516101, 0.046849
739.840576, -1.081905, 1.955782
744.555176, -2.744573, -0.547474
749.269775, -2.811521, 1.335783
753.984375, -1.374286, 0.181516
758.698975, -1.118675, 1.918194
763.403564, -2.691155, -0.513341
768.118164, -2.565597, 1.440498
772.832764, -1.510761, 0.047687
777.547363, -1.069515, 1.953588
782.251953, -2.740864, -0.547388
786.966553, -2.802674, 1.341290
791.681152, -1.376994, 0.171896
796.395752, -1.125197, 1.918069
801.110352, -2.693516, -0.507157
805.814941, -2.562392, 1.443810
810.529541, -1.516023, 0.042492
815.244141, -1.071577, 1.955240
819.958740, -2.747347, -0.543870
824.663330, -2.817104, 1.337640
829.377930, -1.375244, 0.176987
834.092529, -1.127727, 1.918406
838.807129, -2.693778, -0.509601
843.521729, -2.557479, 1.439749
848.226318, -1.511335, 0.042960
852.940918, -1.078459, 1.954100
857.655518, -2.743917, -0.543978
862.370117, -2.796312, 1.339183
867.074707, -1.377642, 0.168230
871.789307, -1.134045, 1.918285
876.503906, -2.691231, -0.510414
881.218506, -2.554994, 1.442761
885.933105, -1.515519, 0.047824
890.637695, -1.080816, 1.955578
895.352295, -2.744709, -0.546866
900.066895, -2.809452, 1.336000
904.781494, -1.374349, 0.181394
909.486084, -1.136791, 1.918584
914.200684, -2.691319, -0.512758
918.915283, -2.563804, 1.440737
923.629883, -1.511369, 0.047972
928.344482, -1.067889, 1.953704
933.049072, -2.741524, -0.547141
937.763672, -2.803221, 1.340491
942.478271, -1.376562, 0.173406
947.192871, -1.123708, 1.918046
951.907471, -2.693999, -0.506776
956.612061, -2.562029, 1.443426
961.326660, -1.515515, 0.043414
966.041260, -1.070510, 1.955041
970.755859, -2.747482, -0.543278
975.460449, -2.815109, 1.337836
980.175049, -1.375304, 0.176884
984.889648, -1.126663, 1.918338
989.604248, -2.693942, -0.509036
994.318848, -2.555769, 1.439964
