time,theta,omega
202.627914, 2.712703, 0.525994
207.345322, 2.663461, -1.391119
212.052734, 1.432365, -0.093708
216.770142, 1.128884, -1.922255
221.477554, 2.685014, 0.508072
226.194962, 2.538374, -1.446111
230.902374, 1.523825, -0.035017
235.619781, 1.080803, -1.949722
240.327194, 2.729626, 0.536827
245.044601, 2.742188, -1.357824
249.752014, 1.389129, -0.137113
254.469421, 1.147694, -1.909766
259.181671, 2.663454, 0.491319
263.896271, 2.450811, -1.484433
268.610870, 1.589601, -0.008550
273.315460, 1.075505, -1.962735
278.030060, 2.736586, 0.540917
282.744659, 2.785973, -1.339555
287.459259, 1.368742, -0.171016
292.163849, 1.176862, -1.900474
296.878448, 2.641614, 0.480646
301.593048, 2.370987, -1.523150
306.307648, 1.662293, 0.025868
311.022247, 1.035578, -1.978563
315.726837, 2.759155, 0.558420
320.441437, 2.906489, -1.295269
325.156036, 1.376856, -0.245963
329.870636, 1.106362, -1.918140
334.575226, 2.686377, 0.509958
339.289825, 2.564108, -1.436880
344.004425, 1.502042, -0.048444
348.719025, 1.105699, -1.938249
353.433624, 2.701393, 0.512526
358.138214, 2.616734, -1.414586
362.852814, 1.463718, -0.070773
367.567413, 1.128139, -1.926703
372.282013, 2.681994, 0.501236
376.986603, 2.536119, -1.451229
381.701202, 1.527090, -0.032504
386.415802, 1.097705, -1.945648
391.130402, 2.711855, 0.521661
395.845001, 2.658557, -1.390094
400.549591, 1.428236, -0.094622
405.264191, 1.151404, -1.915708
409.978790, 2.663182, 0.491588
414.693390, 2.449883, -1.484298
419.397980, 1.589611, 0.000690
424.112579, 1.074189, -1.962658
428.827179, 2.736924, 0.540453
433.541779, 2.784920, -1.339392
438.256378, 1.368660, -0.171534
442.960968, 1.175591, -1.900465
447.675568, 2.641918, 0.480149
452.390167, 2.369871, -1.523144
457.104767, 1.662379, 0.025215
461.809357, 1.054003, -1.979651
466.523956, 2.759550, 0.557994
471.238556, 2.905710, -1.294950
475.953156, 1.376739, -0.246613
480.667755, 1.104957, -1.918138
485.372345, 2.686819, 0.509549
490.086945, 2.563538, -1.436582
494.801544, 1.501686, -0.049285
499.516144, 1.104548, -1.938109
504.220734, 2.696464, 0.518814
508.935333, 2.615092, -1.414745
513.649902, 1.464179, -0.071073
518.364502, 1.126610, -1.926830
523.079102, 2.682580, 0.500952
527.783691, 2.536306, -1.450625
532.498291, 1.526158, -0.033622
537.212891, 1.096879, -1.945349
541.927490, 2.711791, 0.520967
546.642090, 2.655841, -1.390729
551.346680, 1.429329, -0.094285
556.061279, 1.149587, -1.916045
560.775879, 2.664057, 0.491494
565.490479, 2.451298, -1.483141
570.195068, 1.587594, -0.000887
574.909668, 1.073757, -1.962089
579.624268, 2.736480, 0.539510
584.338867, 2.780306, -1.340697
589.053467, 1.369598, -0.169784
593.758057, 1.174618, -1.900545
598.472656, 2.642091, 0.479631
603.187256, 2.368426, -1.523320
607.901855, 1.662811, 0.024745
612.606445, 1.052612, -1.979672
617.321045, 2.760029, 0.557661
622.035645, 2.905515, -1.294450
626.750244, 1.376891, -0.247579
631.464844, 1.103119, -1.918320
636.169434, 2.687640, 0.509418
640.884033, 2.564790, -1.435506
645.598633, 1.499956, -0.050871
650.313232, 1.104176, -1.937565
655.017822, 2.695993, 0.517857
659.732422, 2.610598, -1.416183
664.447021, 1.466708, -0.070010
669.161621, 1.123964, -1.927580
673.876221, 2.684172, 0.501294
678.580811, 2.540750, -1.448091
683.295410, 1.521764, -0.036608
688.010010, 1.097723, -1.944051
692.724609, 2.710133, 0.519210
697.429199, 2.659724, -1.396826
702.143799, 1.435137, -0.090263
706.858398, 1.145272, -1.917843
711.572998, 2.667256, 0.492849
716.287598, 2.462354, -1.477529
720.992188, 1.577364, -0.006372
725.706787, 1.076675, -1.959415
730.421387, 2.732857, 0.536432
735.135986, 2.760381, -1.348204
739.840576, 1.377276, -0.149792
744.555176, 1.173521, -1.901465
749.269775, 2.642700, 0.479436
753.984375, 2.368808, -1.522619
758.698975, 1.661577, 0.023537
763.403564, 1.051636, -1.979339
768.118164, 2.760051, 0.556986
772.832764, 2.902850, -1.294821
777.547363, 1.375837, -0.246992
782.251953, 1.122718, -1.918176
786.966553, 2.686538, 0.508048
791.681152, 2.557517, -1.438192
796.395752, 1.504840, -0.048752
801.110352, 1.100319, -1.938963
805.814941, 2.698678, 0.518893
810.529541, 2.620076, -1.411477
815.244141, 1.459131, -0.075643
819.958740, 1.126645, -1.925229
824.663330, 2.675784, 0.505388
829.377930, 2.523664, -1.455217
834.092529, 1.534781, -0.030403
838.807129, 1.090036, -1.947694
843.521729, 2.716409, 0.522594
848.226318, 2.685738, -1.385173
852.940918, 1.418110, -0.104891
857.655518, 1.152561, -1.912588
862.370117, 2.659427, 0.487159
867.074707, 2.442127, -1.494163
871.789307, 1.606498, 0.006467
876.503906, 1.063683, -1.966638
881.218506, 2.744251, 0.543277
885.933105, 2.812483, -1.326680
890.637695, 1.364098, -0.183584
895.352295, 1.167009, -1.900939
900.066895, 2.646358, 0.480680
904.781494, 2.380409, -1.516701
909.486084, 1.650241, 0.028145
914.200684, 1.053478, -1.976899
918.915283, 2.757261, 0.554391
923.629883, 2.886039, -1.300452
928.344482, 1.369028, -0.236964
933.049072, 1.135552, -1.912918
937.763672, 2.674946, 0.500256
942.478271, 2.505618, -1.461002
947.192871, 1.545932, -0.027611
951.907471, 1.078844, -1.950552
956.612061, 2.717719, 0.530555
961.326660, 2.704508, -1.374734
966.041260, 1.404567, -0.120016
970.755859, 1.153003, -1.908547
975.460449, 2.650116, 0.488348
980.175049, 2.413185, -1.505136
984.889648, 1.627772, 0.012961
989.604248, 1.050153, -1.971310
994.318848, 2.753175, 0.546180
