time,theta,omega
202.627914, 1.473158, -0.051372
207.345322, 1.216543, -1.885020
212.052734, 2.560518, 0.430445
216.770142, 2.127550, -1.618837
221.477554, 1.841943, 0.104556
226.194962, 1.104797, -1.969427
230.902374, 2.671114, 0.501058
235.619781, 2.552119, -1.421516
240.327194, 1.473333, -0.051432
245.044601, 1.216126, -1.885080
249.752014, 2.560691, 0.430376
254.469421, 2.127621, -1.618682
259.181671, 1.838873, 0.100411
263.896271, 1.118387, -1.963719
268.610870, 2.653219, 0.483412
273.315460, 2.485408, -1.454627
278.030060, 1.527303, -0.024516
282.744659, 1.200477, -1.897576
287.459259, 2.571071, 0.431557
292.163849, 2.179847, -1.597646
296.878448, 1.796843, 0.087023
301.593048, 1.121744, -1.959070
306.307648, 2.650872, 0.483730
311.022247, 2.468060, -1.456610
315.726837, 1.532538, -0.019774
320.441437, 1.202126, -1.899247
325.156036, 2.572633, 0.434885
329.870636, 2.176423, -1.593712
334.575226, 1.788831, 0.086361
339.289825, 1.126503, -1.958184
344.004425, 2.649185, 0.484939
348.719025, 2.468951, -1.458020
353.433624, 1.534425, -0.026352
358.138214, 1.205441, -1.899926
362.852814, 2.572663, 0.437279
367.567413, 2.183722, -1.591986
372.282013, 1.786240, 0.077354
376.986603, 1.131183, -1.957894
381.701202, 2.647802, 0.486404
386.415802, 2.471231, -1.458782
391.130402, 1.535430, -0.023624
395.845001, 1.190361, -1.900137
400.549591, 2.572109, 0.439312
405.264191, 2.188991, -1.591203
409.978790, 1.784672, 0.079178
414.693390, 1.116219, -1.957183
419.397980, 2.646553, 0.487968
424.112579, 2.474083, -1.459291
428.827179, 1.535954, -0.021107
433.541779, 1.194560, -1.900315
438.256378, 2.575645, 0.433655
442.960968, 2.193437, -1.590810
447.675568, 1.783839, 0.081289
452.390167, 1.120816, -1.957259
457.104767, 2.650182, 0.482444
461.809357, 2.477201, -1.459677
466.523956, 1.536254, -0.018696
471.238556, 1.198866, -1.900417
475.953156, 2.574758, 0.435488
480.667755, 2.181667, -1.590765
485.372345, 1.783279, 0.083507
490.086945, 1.125402, -1.957363
494.801544, 2.649022, 0.484081
499.516144, 2.465862, -1.458913
504.220734, 1.536431, -0.016340
508.935333, 1.203225, -1.900479
513.649902, 2.573839, 0.437323
518.364502, 2.185755, -1.590567
523.079102, 1.783553, 0.075642
527.783691, 1.130042, -1.957471
532.498291, 2.647872, 0.485755
537.212891, 2.469236, -1.459201
541.927490, 1.536297, -0.023842
546.642090, 1.188686, -1.900400
551.346680, 2.572805, 0.439082
556.061279, 2.189414, -1.590541
560.775879, 1.783430, 0.078030
565.490479, 1.115032, -1.956953
570.195068, 2.646748, 0.487422
574.909668, 2.472650, -1.459449
579.624268, 1.536356, -0.021544
584.338867, 1.193115, -1.900439
589.053467, 2.576133, 0.433298
593.758057, 2.193169, -1.590472
598.472656, 1.783216, 0.080381
603.187256, 1.119589, -1.957120
607.901855, 2.650433, 0.481943
612.606445, 2.476047, -1.459706
617.321045, 1.536420, -0.019242
622.035645, 1.197555, -1.900467
626.750244, 2.575117, 0.435055
631.464844, 2.180932, -1.590647
636.169434, 1.783081, 0.082763
640.884033, 1.124161, -1.957284
645.598633, 2.649319, 0.483611
650.313232, 2.464856, -1.458876
655.017822, 1.536479, -0.016941
659.732422, 1.201977, -1.900493
664.447021, 2.574118, 0.436822
669.161621, 2.184673, -1.590585
673.876221, 1.783614, 0.074965
678.580811, 1.128731, -1.957430
683.295410, 2.648185, 0.485271
688.010010, 2.468217, -1.459148
692.724609, 1.536319, -0.024488
697.429199, 1.206395, -1.900515
702.143799, 2.573126, 0.438591
706.858398, 2.188443, -1.590509
711.572998, 1.783396, 0.077316
716.287598, 1.113723, -1.956891
720.992188, 2.647062, 0.486936
725.706787, 2.471636, -1.459393
730.421387, 1.536368, -0.022192
735.135986, 1.191826, -1.900440
739.840576, 2.572098, 0.440346
744.555176, 2.192112, -1.590481
749.269775, 1.783263, 0.079698
753.984375, 1.118288, -1.957068
758.698975, 2.650744, 0.481455
763.403564, 2.475012, -1.459659
768.118164, 1.536449, -0.019885
772.832764, 1.196228, -1.900473
777.547363, 2.575434, 0.434551
782.251953, 2.195814, -1.590427
786.966553, 1.783071, 0.082042
791.681152, 1.122819, -1.957230
796.395752, 2.649637, 0.483113
801.110352, 2.463809, -1.458825
805.814941, 1.536503, -0.017599
810.529541, 1.200654, -1.900500
815.244141, 2.574428, 0.436312
819.958740, 2.183624, -1.590579
824.663330, 1.782881, 0.084404
829.377930, 1.127385, -1.957383
834.092529, 2.648521, 0.484782
838.807129, 2.467231, -1.459065
843.521729, 1.536285, -0.025174
848.226318, 1.205095, -1.900509
852.940918, 2.573416, 0.438071
857.655518, 2.187331, -1.590533
862.370117, 1.783465, 0.076626
867.074707, 1.131947, -1.957528
871.789307, 2.647393, 0.486447
876.503906, 2.470628, -1.459321
881.218506, 1.536356, -0.022867
885.933105, 1.190528, -1.900425
890.637695, 2.572391, 0.439827
895.352295, 2.191010, -1.590500
900.066895, 1.783320, 0.079005
904.781494, 1.116939, -1.957020
909.486084, 2.646269, 0.488114
914.200684, 2.474030, -1.459575
918.915283, 1.536417, -0.020566
923.629883, 1.194951, -1.900464
928.344482, 2.575722, 0.434043
933.049072, 2.194758, -1.590434
937.763672, 1.783111, 0.081359
942.478271, 1.121505, -1.957183
947.192871, 2.649959, 0.482635
951.907471, 2.462844, -1.458745
956.612061, 1.536473, -0.018266
961.326660, 1.199376, -1.900491
966.041260, 2.574720, 0.435805
970.755859, 2.182566, -1.590588
975.460449, 1.782929, 0.083720
980.175049, 1.126074, -1.957339
984.889648, 2.648831, 0.484297
989.604248, 2.466201, -1.459017
994.318848, 1.536304, -0.025816
