time,theta,omega
202.627914, 2.181256, 0.236465
207.345322, 1.526936, -1.819151
212.052734, 2.220996, 0.253897
216.770142, 1.574809, -1.803349
221.477554, 2.184594, 0.237830
226.194962, 1.530534, -1.817966
230.902374, 2.218195, 0.252568
235.619781, 1.571040, -1.804591
240.327194, 2.187382, 0.238959
245.044601, 1.533550, -1.816961
249.752014, 2.215820, 0.251426
254.469421, 1.567835, -1.805634
259.181671, 2.186906, 0.235817
263.896271, 1.546203, -1.810404
268.610870, 2.198579, 0.236603
273.315460, 1.568961, -1.805676
278.030060, 2.187673, 0.237603
282.744659, 1.549788, -1.809792
287.459259, 2.197190, 0.237194
292.163849, 1.569748, -1.805990
296.878448, 2.188408, 0.239126
301.593048, 1.553052, -1.809303
306.307648, 2.196042, 0.237895
311.022247, 1.552751, -1.807229
315.726837, 2.188909, 0.240551
320.441437, 1.556059, -1.808895
325.156036, 2.195094, 0.238686
329.870636, 1.554070, -1.807373
334.575226, 2.189231, 0.241895
339.289825, 1.558860, -1.808549
344.004425, 2.194300, 0.239542
348.719025, 1.555560, -1.807460
353.433624, 2.191763, 0.233874
358.138214, 1.561512, -1.808250
362.852814, 2.193599, 0.240441
367.567413, 1.557175, -1.807507
372.282013, 2.191866, 0.235123
376.986603, 1.564058, -1.807985
381.701202, 2.193001, 0.241385
386.415802, 1.558916, -1.807501
391.130402, 2.191862, 0.236318
395.845001, 1.548367, -1.808779
400.549591, 2.192498, 0.242361
405.264191, 1.560728, -1.807484
409.978790, 2.191828, 0.237506
414.693390, 1.550754, -1.808576
419.397980, 2.192010, 0.243353
424.112579, 1.562593, -1.807444
428.827179, 2.191733, 0.238671
433.541779, 1.553067, -1.808393
438.256378, 2.193932, 0.235068
442.960968, 1.564526, -1.807379
447.675568, 2.191595, 0.239813
452.390167, 1.555339, -1.808224
457.104767, 2.193535, 0.236099
461.809357, 1.566489, -1.807305
466.523956, 2.191429, 0.240946
471.238556, 1.557572, -1.808068
475.953156, 2.193170, 0.237145
480.667755, 1.550410, -1.808235
485.372345, 2.191235, 0.242067
490.086945, 1.559774, -1.807919
494.801544, 2.192833, 0.238202
499.516144, 1.552428, -1.808152
504.220734, 2.191025, 0.243179
508.935333, 1.561957, -1.807774
513.649902, 2.192528, 0.239293
518.364502, 1.554559, -1.808045
523.079102, 2.193112, 0.235000
527.783691, 1.564149, -1.807639
532.498291, 2.192197, 0.240365
537.212891, 1.556614, -1.807945
541.927490, 2.192891, 0.236104
546.642090, 1.548234, -1.808506
551.346680, 2.191875, 0.241427
556.061279, 1.558667, -1.807845
560.775879, 2.192653, 0.237206
565.490479, 1.550383, -1.808381
570.195068, 2.191566, 0.242498
574.909668, 1.560745, -1.807736
579.624268, 2.192410, 0.238304
584.338867, 1.552528, -1.808255
589.053467, 2.193606, 0.234265
593.758057, 1.562812, -1.807631
598.472656, 2.192170, 0.239402
603.187256, 1.554662, -1.808134
607.901855, 2.193317, 0.235344
612.606445, 1.564903, -1.807513
617.321045, 2.191912, 0.240494
622.035645, 1.556793, -1.808006
626.750244, 2.193031, 0.236422
631.464844, 1.548905, -1.808411
636.169434, 2.191647, 0.241585
640.884033, 1.558924, -1.807884
645.598633, 2.192743, 0.237502
650.313232, 1.550995, -1.808304
655.017822, 2.191387, 0.242675
659.732422, 1.561049, -1.807757
664.447021, 2.192457, 0.238581
669.161621, 1.553093, -1.808193
673.876221, 2.193461, 0.234458
678.580811, 1.563169, -1.807633
683.295410, 2.192176, 0.239662
688.010010, 1.555192, -1.808081
692.724609, 2.193203, 0.235547
697.429199, 1.565286, -1.807507
702.143799, 2.191899, 0.240746
706.858398, 1.557291, -1.807967
711.572998, 2.192927, 0.236634
716.287598, 1.549311, -1.808398
720.992188, 2.191621, 0.241829
725.706787, 1.559408, -1.807844
730.421387, 2.192664, 0.237720
735.135986, 1.551415, -1.808288
739.840576, 2.191344, 0.242913
744.555176, 1.561518, -1.807726
749.269775, 2.192388, 0.238805
753.984375, 1.553526, -1.808173
758.698975, 2.193415, 0.234693
763.403564, 1.563624, -1.807605
768.118164, 2.192117, 0.239889
772.832764, 1.555612, -1.808057
777.547363, 2.193147, 0.235763
782.251953, 1.565701, -1.807487
786.966553, 2.191844, 0.240962
791.681152, 1.557719, -1.807940
796.395752, 2.192877, 0.236850
801.110352, 1.549728, -1.808378
805.814941, 2.191569, 0.242045
810.529541, 1.559822, -1.807824
815.244141, 2.192612, 0.237939
819.958740, 1.551844, -1.808264
824.663330, 2.191289, 0.243128
829.377930, 1.561930, -1.807703
834.092529, 2.192338, 0.239024
838.807129, 1.553953, -1.808147
843.521729, 2.193350, 0.234904
848.226318, 1.564032, -1.807586
852.940918, 2.192066, 0.240109
857.655518, 1.556062, -1.808032
862.370117, 2.193090, 0.235995
867.074707, 1.566152, -1.807457
871.789307, 2.191783, 0.241192
876.503906, 1.558166, -1.807915
881.218506, 2.192821, 0.237082
885.933105, 1.550177, -1.808353
890.637695, 2.191507, 0.242273
895.352295, 1.560265, -1.807801
900.066895, 2.192556, 0.238170
904.781494, 1.552288, -1.808239
909.486084, 2.191231, 0.243357
914.200684, 1.562384, -1.807676
918.915283, 2.192274, 0.239251
923.629883, 1.554391, -1.808129
928.344482, 2.193313, 0.235141
933.049072, 1.564495, -1.807554
937.763672, 2.191994, 0.240334
942.478271, 1.556494, -1.808012
947.192871, 2.193044, 0.236228
951.907471, 1.548517, -1.808443
956.612061, 2.191729, 0.241422
961.326660, 1.558615, -1.807889
966.041260, 2.192755, 0.237309
970.755859, 1.550618, -1.808333
975.460449, 2.191457, 0.242507
980.175049, 1.560733, -1.807766
984.889648, 2.192481, 0.238394
989.604248, 1.552727, -1.808219
994.318848, 2.193518, 0.234285
