time,theta,omega
202.627914, 2.738958, 0.543092
207.345322, 2.769265, -1.352055
212.052734, 1.389163, -0.149843
216.770142, 1.111698, -1.925062
221.477554, 2.712120, 0.525253
226.194962, 2.640909, -1.405884
230.902374, 1.458024, -0.079530
235.619781, 1.084098, -1.943533
240.327194, 2.739005, 0.542952
245.044601, 2.768812, -1.352094
249.752014, 1.389213, -0.149857
254.469421, 1.111378, -1.925063
259.181671, 2.709051, 0.520399
263.896271, 2.630626, -1.408843
268.610870, 1.458523, -0.084122
273.315460, 1.107833, -1.939023
278.030060, 2.718578, 0.529058
282.744659, 2.682169, -1.387633
287.459259, 1.426333, -0.108425
292.163849, 1.125757, -1.929592
296.878448, 2.703135, 0.520194
301.593048, 2.615542, -1.417328
306.307648, 1.471668, -0.073009
311.022247, 1.086408, -1.942278
315.726837, 2.723473, 0.534616
320.441437, 2.714086, -1.376162
325.156036, 1.410434, -0.121795
329.870636, 1.117944, -1.924639
334.575226, 2.695193, 0.517392
339.289825, 2.588388, -1.431174
344.004425, 1.494341, -0.056469
348.719025, 1.079592, -1.948989
353.433624, 2.738139, 0.536423
358.138214, 2.767448, -1.356217
362.852814, 1.388027, -0.148597
367.567413, 1.128848, -1.919315
372.282013, 2.692340, 0.507595
376.986603, 2.561311, -1.445070
381.701202, 1.518022, -0.040459
386.415802, 1.072560, -1.955859
391.130402, 2.747695, 0.545066
395.845001, 2.809302, -1.332827
400.549591, 1.374779, -0.178867
405.264191, 1.128669, -1.918613
409.978790, 2.694016, 0.510682
414.693390, 2.562021, -1.438504
419.397980, 1.508930, -0.043454
424.112579, 1.081577, -1.953473
428.827179, 2.742271, 0.543862
433.541779, 2.792158, -1.341671
438.256378, 1.377300, -0.172911
442.960968, 1.136608, -1.918306
447.675568, 2.690260, 0.510797
452.390167, 2.554344, -1.443830
457.104767, 1.517176, -0.045994
461.809357, 1.081948, -1.956100
466.523956, 2.744901, 0.547963
471.238556, 2.814255, -1.334944
475.953156, 1.373973, -0.182796
480.667755, 1.118717, -1.918292
485.372345, 2.691415, 0.513756
490.086945, 2.567740, -1.439770
494.801544, 1.509425, -0.048189
499.516144, 1.070779, -1.953225
504.220734, 2.740091, 0.547166
508.935333, 2.800105, -1.342556
513.649902, 1.377739, -0.169769
518.364502, 1.126216, -1.918075
523.079102, 2.693097, 0.507225
527.783691, 2.561788, -1.444337
532.498291, 1.516873, -0.041716
537.212891, 1.071831, -1.955495
541.927490, 2.747555, 0.544321
546.642090, 2.806073, -1.333546
551.346680, 1.375013, -0.177920
556.061279, 1.127961, -1.918484
560.775879, 2.693935, 0.509999
565.490479, 2.559341, -1.439175
570.195068, 1.510262, -0.043286
574.909668, 1.079656, -1.953810
579.624268, 2.743241, 0.543849
584.338867, 2.794330, -1.340247
589.053467, 1.376476, -0.175374
593.758057, 1.135014, -1.918278
598.472656, 2.690838, 0.510497
603.187256, 2.554508, -1.443236
607.901855, 1.516287, -0.047100
612.606445, 1.081104, -1.955807
617.321045, 2.744877, 0.547293
622.035645, 2.811566, -1.335443
626.750244, 1.374141, -0.182197
631.464844, 1.117886, -1.918186
636.169434, 2.691443, 0.513139
640.884033, 2.565542, -1.440222
645.598633, 1.510389, -0.048243
650.313232, 1.069032, -1.953447
655.017822, 2.740895, 0.547043
659.732422, 2.801466, -1.341461
664.447021, 1.377102, -0.171760
669.161621, 1.124655, -1.918039
673.876221, 2.693619, 0.506866
678.580811, 2.561591, -1.443879
683.295410, 1.516239, -0.042712
688.010010, 1.070799, -1.955268
692.724609, 2.747654, 0.543706
697.429199, 2.817228, -1.337284
702.143799, 1.375088, -0.177692
706.858398, 1.126954, -1.918404
711.572998, 2.694053, 0.509408
716.287598, 2.557435, -1.439480
720.992188, 1.510964, -0.043517
725.706787, 1.077988, -1.953959
730.421387, 2.743934, 0.543626
735.135986, 2.795039, -1.339382
739.840576, 1.377759, -0.168049
744.555176, 1.133514, -1.918256
749.269775, 2.691317, 0.510114
753.984375, 2.554132, -1.442859
758.698975, 1.515786, -0.048018
763.403564, 1.080009, -1.955624
768.118164, 2.745044, 0.546719
772.832764, 2.809680, -1.335588
777.547363, 1.374170, -0.182191
782.251953, 1.135956, -1.918590
786.966553, 2.691636, 0.512574
791.681152, 2.563881, -1.440402
796.395752, 1.510873, -0.048608
801.110352, 1.067447, -1.953524
805.814941, 2.741503, 0.546745
810.529541, 2.801674, -1.340783
815.244141, 1.376734, -0.173082
819.958740, 1.123183, -1.918011
824.663330, 2.689023, 0.513352
829.377930, 2.561124, -1.443529
834.092529, 1.515791, -0.043611
838.807129, 1.069673, -1.955084
843.521729, 2.747822, 0.543121
848.226318, 2.815326, -1.337432
852.940918, 1.375129, -0.177671
857.655518, 1.125833, -1.918340
862.370117, 2.694257, 0.508849
867.074707, 2.570208, -1.441395
871.789307, 1.511417, -0.043900
876.503906, 1.076400, -1.954040
881.218506, 2.744535, 0.543323
885.933105, 2.795242, -1.338703
890.637695, 1.377397, -0.169368
895.352295, 1.132030, -1.918238
900.066895, 2.691793, 0.509712
904.781494, 2.553683, -1.442499
909.486084, 1.515809, -0.039188
914.200684, 1.078876, -1.955445
918.915283, 2.745221, 0.546140
923.629883, 2.807838, -1.335733
928.344482, 1.374204, -0.182185
933.049072, 1.134856, -1.918533
937.763672, 2.691834, 0.512027
942.478271, 2.562283, -1.440564
947.192871, 1.511337, -0.048979
951.907471, 1.065880, -1.953602
956.612061, 2.742095, 0.546454
961.326660, 2.801892, -1.340113
966.041260, 1.376371, -0.174385
970.755859, 1.121731, -1.917986
975.460449, 2.689475, 0.512953
980.175049, 2.560618, -1.443206
984.889648, 1.515397, -0.044471
989.604248, 1.068520, -1.954926
994.318848, 2.748034, 0.542580
