time,theta,omega
202.627914, 1.358301, -0.196302
207.345322, 1.167371, -1.895705
212.052734, 2.637503, 0.477277
216.770142, 2.351201, -1.528657
221.477554, 1.676225, 0.036964
226.194962, 1.041518, -1.978533
230.902374, 2.758539, 0.556239
235.619781, 2.897263, -1.293366
240.327194, 1.369906, -0.238894
245.044601, 1.128096, -1.909273
249.752014, 2.670067, 0.496751
254.469421, 2.482960, -1.467630
259.181671, 1.558827, -0.017766
263.896271, 1.097684, -1.945485
268.610870, 2.699897, 0.511319
273.315460, 2.622443, -1.408303
278.030060, 1.451735, -0.075914
282.744659, 1.155699, -1.913305
287.459259, 2.647453, 0.479033
292.163849, 2.405188, -1.507188
296.878448, 1.630008, 0.017468
301.593048, 1.073878, -1.963604
306.307648, 2.725589, 0.530544
311.022247, 2.734584, -1.354134
315.726837, 1.379302, -0.138713
320.441437, 1.195945, -1.890809
325.156036, 2.612156, 0.459175
329.870636, 2.259635, -1.569205
334.575226, 1.748684, 0.069090
339.289825, 1.051517, -1.986946
344.004425, 2.752252, 0.551222
348.719025, 2.873454, -1.300989
353.433624, 1.358338, -0.232040
358.138214, 1.170063, -1.897179
362.852814, 2.634422, 0.474265
367.567413, 2.351001, -1.528261
372.282013, 1.670783, 0.029368
376.986603, 1.070662, -1.972979
381.701202, 2.735261, 0.541799
386.415802, 2.798755, -1.332010
391.130402, 1.359010, -0.178779
395.845001, 1.186479, -1.887433
400.549591, 2.608139, 0.461125
405.264191, 2.259182, -1.572918
409.978790, 1.755983, 0.066477
414.693390, 1.040252, -1.987370
419.397980, 2.750562, 0.554913
424.112579, 2.883975, -1.301140
428.827179, 1.360662, -0.231045
433.541779, 1.156677, -1.898261
438.256378, 2.639660, 0.472059
442.960968, 2.368757, -1.523575
447.675568, 1.661228, 0.030115
452.390167, 1.062718, -1.970472
457.104767, 2.735551, 0.536509
461.809357, 2.792579, -1.338482
466.523956, 1.362873, -0.166820
471.238556, 1.196519, -1.887574
475.953156, 2.609779, 0.456794
480.667755, 2.247991, -1.574160
485.372345, 1.758190, 0.072213
490.086945, 1.049307, -1.988307
494.801544, 2.753798, 0.551652
499.516144, 2.878604, -1.298449
504.220734, 1.362216, -0.228090
508.935333, 1.164352, -1.898802
513.649902, 2.638493, 0.476052
518.364502, 2.364728, -1.521369
523.079102, 1.657767, 0.023262
527.783691, 1.073009, -1.970165
532.498291, 2.731997, 0.538934
537.212891, 2.780511, -1.338770
541.927490, 1.363370, -0.168452
546.642090, 1.186765, -1.887672
551.346680, 2.607530, 0.460209
556.061279, 2.255022, -1.574385
560.775879, 1.758851, 0.066964
565.490479, 1.038734, -1.987713
570.195068, 2.751260, 0.554752
574.909668, 2.884906, -1.300227
579.624268, 1.361037, -0.232787
584.338867, 1.154124, -1.898733
589.053467, 2.641093, 0.472278
593.758057, 2.372199, -1.521486
598.472656, 1.657336, 0.027823
603.187256, 1.062600, -1.969570
607.901855, 2.734752, 0.535318
612.606445, 2.786289, -1.340447
617.321045, 1.364302, -0.164001
622.035645, 1.195584, -1.887732
626.750244, 2.609953, 0.456283
631.464844, 2.246616, -1.574324
636.169434, 1.758560, 0.071696
640.884033, 1.047998, -1.988284
645.598633, 2.754194, 0.551265
650.313232, 2.878004, -1.298109
655.017822, 1.362140, -0.228795
659.732422, 1.162954, -1.898858
664.447021, 2.638921, 0.475645
669.161621, 2.364168, -1.521114
673.876221, 1.657368, 0.022412
678.580811, 1.071805, -1.970013
683.295410, 2.732242, 0.538409
688.010010, 2.779054, -1.338781
692.724609, 1.363418, -0.168707
697.429199, 1.204402, -1.887740
702.143799, 2.607824, 0.459713
706.858398, 2.253929, -1.574393
711.572998, 1.758925, 0.066296
716.287598, 1.037397, -1.987634
720.992188, 2.751629, 0.554314
725.706787, 2.884038, -1.299962
730.421387, 1.360880, -0.233366
735.135986, 1.152847, -1.898713
739.840576, 2.636691, 0.478985
744.555176, 2.371181, -1.521442
749.269775, 1.657345, 0.027145
753.984375, 1.061281, -1.969496
758.698975, 2.735109, 0.534870
763.403564, 2.785394, -1.340232
768.118164, 1.364192, -0.164603
772.832764, 1.194294, -1.887727
777.547363, 2.610264, 0.455779
782.251953, 2.261280, -1.574432
786.966553, 1.758602, 0.071000
791.681152, 1.046643, -1.988199
796.395752, 2.754560, 0.550810
801.110352, 2.877073, -1.297855
805.814941, 1.361968, -0.229358
810.529541, 1.161696, -1.898826
815.244141, 2.639206, 0.475129
819.958740, 2.362968, -1.521143
824.663330, 1.657299, 0.031850
829.377930, 1.070415, -1.969978
834.092529, 2.732649, 0.537979
838.807129, 2.778319, -1.338489
843.521729, 1.363244, -0.169436
848.226318, 1.203091, -1.887739
852.940918, 2.608145, 0.459213
857.655518, 2.252870, -1.574373
862.370117, 1.758952, 0.065593
867.074707, 1.055912, -1.988737
871.789307, 2.752008, 0.553864
876.503906, 2.883145, -1.299688
881.218506, 1.360714, -0.233956
885.933105, 1.151554, -1.898689
890.637695, 2.637005, 0.478484
895.352295, 2.370081, -1.521425
900.066895, 1.657408, 0.026475
904.781494, 1.059910, -1.969438
909.486084, 2.730146, 0.541081
914.200684, 2.784569, -1.339975
918.915283, 1.364045, -0.165271
923.629883, 1.193021, -1.887718
928.344482, 2.610566, 0.455285
933.049072, 2.260212, -1.574430
937.763672, 1.758657, 0.070325
942.478271, 1.045315, -1.988121
947.192871, 2.754927, 0.550371
951.907471, 2.876199, -1.297592
956.612061, 1.361809, -0.229928
961.326660, 1.160420, -1.898812
966.041260, 2.639523, 0.474648
970.755859, 2.361952, -1.521098
975.460449, 1.657315, 0.031176
980.175049, 1.069088, -1.969914
984.889648, 2.733015, 0.537537
989.604248, 2.777452, -1.338265
994.318848, 1.363122, -0.170056
