time,theta,omega
202.627914, 2.195800, 0.243671
207.345322, 1.530122, -1.822003
212.052734, 2.227201, 0.257593
216.770142, 1.569556, -1.808837
221.477554, 2.197047, 0.244134
226.194962, 1.531430, -1.821538
230.902374, 2.226113, 0.257018
235.619781, 1.567939, -1.809347
240.327194, 2.198189, 0.244552
245.044601, 1.532632, -1.821103
249.752014, 2.225106, 0.256479
254.469421, 1.566415, -1.809824
259.181671, 2.196423, 0.240838
263.896271, 1.543718, -1.815069
268.610870, 2.209022, 0.242099
273.315460, 1.568121, -1.809770
278.030060, 2.196802, 0.242466
282.744659, 1.546902, -1.814588
287.459259, 2.207920, 0.242811
292.163849, 1.569221, -1.809988
296.878448, 2.197293, 0.243889
301.593048, 1.549940, -1.814173
306.307648, 2.206938, 0.243581
311.022247, 1.552351, -1.811159
315.726837, 2.197667, 0.245259
320.441437, 1.552839, -1.813800
325.156036, 2.206070, 0.244401
329.870636, 1.553742, -1.811287
334.575226, 2.197948, 0.246586
339.289825, 1.555637, -1.813460
344.004425, 2.205267, 0.245250
348.719025, 1.555214, -1.811386
353.433624, 2.200532, 0.238597
358.138214, 1.558330, -1.813151
362.852814, 2.204549, 0.246136
367.567413, 1.556790, -1.811450
372.282013, 2.200670, 0.239862
376.986603, 1.560934, -1.812869
381.701202, 2.203892, 0.247051
386.415802, 1.558453, -1.811479
391.130402, 2.200731, 0.241085
395.845001, 1.545294, -1.813609
400.549591, 2.203309, 0.247991
405.264191, 1.560170, -1.811496
409.978790, 2.200757, 0.242301
414.693390, 1.547782, -1.813376
419.397980, 2.202745, 0.248946
424.112579, 1.561946, -1.811491
428.827179, 2.200732, 0.243497
433.541779, 1.550196, -1.813167
438.256378, 2.204638, 0.240658
442.960968, 1.563781, -1.811464
447.675568, 2.200663, 0.244670
452.390167, 1.552573, -1.812967
457.104767, 2.204156, 0.241650
461.809357, 1.565642, -1.811427
466.523956, 2.200585, 0.245838
471.238556, 1.554922, -1.812775
475.953156, 2.203707, 0.242654
480.667755, 1.549426, -1.812374
485.372345, 2.200455, 0.246988
490.086945, 1.557228, -1.812596
494.801544, 2.203280, 0.243672
499.516144, 1.551357, -1.812323
504.220734, 2.200309, 0.248129
508.935333, 1.559515, -1.812421
513.649902, 2.202888, 0.244725
518.364502, 1.553393, -1.812253
523.079102, 2.202521, 0.240009
527.783691, 1.561799, -1.812261
532.498291, 2.202498, 0.245766
537.212891, 1.555390, -1.812175
541.927490, 2.202328, 0.241130
546.642090, 1.545884, -1.813094
551.346680, 2.202138, 0.246811
556.061279, 1.557396, -1.812096
560.775879, 2.202139, 0.242249
565.490479, 1.548102, -1.812952
570.195068, 2.201775, 0.247858
574.909668, 1.559420, -1.812007
579.624268, 2.201921, 0.243359
584.338867, 1.550286, -1.812816
589.053467, 2.203833, 0.239640
593.758057, 1.561455, -1.811915
598.472656, 2.201708, 0.244469
603.187256, 1.552483, -1.812675
607.901855, 2.203493, 0.240693
612.606445, 1.563493, -1.811823
617.321045, 2.201488, 0.245576
622.035645, 1.554680, -1.812535
626.750244, 2.203156, 0.241750
631.464844, 1.547405, -1.812717
636.169434, 2.201260, 0.246680
640.884033, 1.556853, -1.812400
645.598633, 2.202831, 0.242812
650.313232, 1.549462, -1.812626
655.017822, 2.201024, 0.247781
659.732422, 1.559024, -1.812265
664.447021, 2.202517, 0.243876
669.161621, 1.551533, -1.812528
673.876221, 2.203171, 0.239600
678.580811, 1.561172, -1.812133
683.295410, 2.202209, 0.244945
688.010010, 1.553613, -1.812427
692.724609, 2.202915, 0.240696
697.429199, 1.563315, -1.812005
702.143799, 2.201899, 0.246015
706.858398, 1.555693, -1.812324
711.572998, 2.202662, 0.241789
716.287598, 1.547329, -1.812866
720.992188, 2.201597, 0.247085
725.706787, 1.557780, -1.812216
730.421387, 2.202413, 0.242883
735.135986, 1.549474, -1.812746
739.840576, 2.201290, 0.248156
744.555176, 1.559865, -1.812109
749.269775, 2.202155, 0.243974
753.984375, 1.551611, -1.812627
758.698975, 2.203388, 0.239956
763.403564, 1.561963, -1.811994
768.118164, 2.201893, 0.245058
772.832764, 1.553727, -1.812505
777.547363, 2.203094, 0.241015
782.251953, 1.564018, -1.811888
786.966553, 2.201634, 0.246138
791.681152, 1.555864, -1.812383
796.395752, 2.202807, 0.242091
801.110352, 1.547979, -1.812771
805.814941, 2.201370, 0.247225
810.529541, 1.557997, -1.812261
815.244141, 2.202511, 0.243165
819.958740, 1.550081, -1.812663
824.663330, 2.201101, 0.248310
829.377930, 1.560125, -1.812138
834.092529, 2.202220, 0.244241
838.807129, 1.552182, -1.812556
843.521729, 2.203225, 0.240122
848.226318, 1.562245, -1.812018
852.940918, 2.201936, 0.245321
857.655518, 1.554290, -1.812444
862.370117, 2.202950, 0.241207
867.074707, 1.564367, -1.811894
871.789307, 2.201653, 0.246400
876.503906, 1.556400, -1.812330
881.218506, 2.202673, 0.242289
885.933105, 1.548348, -1.812774
890.637695, 2.201374, 0.247482
895.352295, 1.558526, -1.812210
900.066895, 2.202391, 0.243369
904.781494, 1.550460, -1.812663
909.486084, 2.201087, 0.248561
914.200684, 1.560634, -1.812094
918.915283, 2.202111, 0.244452
923.629883, 1.552572, -1.812551
928.344482, 2.203210, 0.240372
933.049072, 1.562749, -1.811974
937.763672, 2.201833, 0.245532
942.478271, 1.554693, -1.812434
947.192871, 2.202928, 0.241452
951.907471, 1.546730, -1.812844
956.612061, 2.201562, 0.246615
961.326660, 1.556812, -1.812319
966.041260, 2.202647, 0.242532
970.755859, 1.548834, -1.812736
975.460449, 2.201288, 0.247700
980.175049, 1.558933, -1.812200
984.889648, 2.202371, 0.243615
989.604248, 1.550950, -1.812626
994.318848, 2.203394, 0.239503
