time,theta,omega
202.627914, 1.938975, 0.124588
207.345322, 1.670078, -1.674141
212.052734, 1.938988, 0.124548
216.770142, 1.670008, -1.674147
221.477554, 1.938987, 0.124506
226.194962, 1.669938, -1.674153
230.902374, 1.938994, 0.124464
235.619781, 1.669870, -1.674160
240.327194, 1.938996, 0.124422
245.044601, 1.669800, -1.674166
249.752014, 1.939000, 0.124380
254.469421, 1.669736, -1.674170
259.181671, 1.936389, 0.120665
263.896271, 1.681976, -1.667099
268.610870, 1.922556, 0.111769
273.315460, 1.689427, -1.665192
278.030060, 1.922532, 0.117308
282.744659, 1.681987, -1.666031
287.459259, 1.923114, 0.112951
292.163849, 1.691314, -1.665106
296.878448, 1.922484, 0.118504
301.593048, 1.683955, -1.665838
306.307648, 1.922970, 0.114108
311.022247, 1.676582, -1.666561
315.726837, 1.922357, 0.119666
320.441437, 1.685891, -1.665650
325.156036, 1.922853, 0.115272
329.870636, 1.678530, -1.666373
334.575226, 1.922223, 0.120825
339.289825, 1.687829, -1.665458
344.004425, 1.922735, 0.116435
348.719025, 1.680471, -1.666186
353.433624, 1.923206, 0.112035
358.138214, 1.689776, -1.665264
362.852814, 1.922590, 0.117594
367.567413, 1.682416, -1.665993
372.282013, 1.923079, 0.113196
376.986603, 1.691721, -1.665066
381.701202, 1.922458, 0.118752
386.415802, 1.684367, -1.665793
391.130402, 1.922940, 0.114344
395.845001, 1.676982, -1.666522
400.549591, 1.922329, 0.119905
405.264191, 1.686302, -1.665606
409.978790, 1.922815, 0.115508
414.693390, 1.678932, -1.666332
419.397980, 1.922190, 0.121062
424.112579, 1.688226, -1.665420
428.827179, 1.922704, 0.116673
433.541779, 1.680876, -1.666145
438.256378, 1.923177, 0.112273
442.960968, 1.690174, -1.665223
447.675568, 1.922564, 0.117831
452.390167, 1.682812, -1.665955
457.104767, 1.923056, 0.113436
461.809357, 1.692124, -1.665025
466.523956, 1.922434, 0.118990
471.238556, 1.684762, -1.665763
475.953156, 1.922926, 0.114597
480.667755, 1.677405, -1.666479
485.372345, 1.922292, 0.120147
490.086945, 1.686705, -1.665568
494.801544, 1.922798, 0.115758
499.516144, 1.679345, -1.666293
504.220734, 1.922162, 0.121307
508.935333, 1.688648, -1.665375
513.649902, 1.922692, 0.116946
518.364502, 1.681327, -1.666105
523.079102, 1.923158, 0.112553
527.783691, 1.690651, -1.665171
532.498291, 1.922530, 0.118106
537.212891, 1.683273, -1.665912
541.927490, 1.923028, 0.113712
546.642090, 1.675921, -1.666624
551.346680, 1.922394, 0.119266
556.061279, 1.685220, -1.665718
560.775879, 1.922900, 0.114873
565.490479, 1.677863, -1.666438
570.195068, 1.922271, 0.120427
574.909668, 1.687166, -1.665524
579.624268, 1.922764, 0.116034
584.338867, 1.679807, -1.666247
589.053467, 1.923248, 0.111633
593.758057, 1.689120, -1.665325
598.472656, 1.922632, 0.117193
603.187256, 1.681747, -1.666059
607.901855, 1.923122, 0.112797
612.606445, 1.691046, -1.665136
617.321045, 1.922506, 0.118356
622.035645, 1.683699, -1.665865
626.750244, 1.922993, 0.113957
631.464844, 1.676333, -1.666583
636.169434, 1.922371, 0.119511
640.884033, 1.685638, -1.665674
645.598633, 1.922868, 0.115119
650.313232, 1.678273, -1.666396
655.017822, 1.922237, 0.120673
659.732422, 1.687579, -1.665482
664.447021, 1.922738, 0.116280
669.161621, 1.680223, -1.666206
673.876221, 1.923218, 0.111880
678.580811, 1.689523, -1.665287
683.295410, 1.922614, 0.117440
688.010010, 1.682166, -1.666017
692.724609, 1.923091, 0.113040
697.429199, 1.691465, -1.665090
702.143799, 1.922477, 0.118600
706.858398, 1.684105, -1.665826
711.572998, 1.922969, 0.114205
716.287598, 1.676751, -1.666543
720.992188, 1.922341, 0.119757
725.706787, 1.686048, -1.665634
730.421387, 1.922841, 0.115365
735.135986, 1.678688, -1.666358
739.840576, 1.922208, 0.120916
744.555176, 1.687997, -1.665439
749.269775, 1.922708, 0.116524
753.984375, 1.680624, -1.666169
758.698975, 1.923200, 0.112129
763.403564, 1.689934, -1.665247
768.118164, 1.922583, 0.117686
772.832764, 1.682555, -1.665978
777.547363, 1.923069, 0.113272
782.251953, 1.691855, -1.665053
786.966553, 1.922447, 0.118830
791.681152, 1.684490, -1.665790
796.395752, 1.922950, 0.114438
801.110352, 1.677129, -1.666509
805.814941, 1.922316, 0.119990
810.529541, 1.686435, -1.665595
815.244141, 1.922817, 0.115597
819.958740, 1.679075, -1.666319
824.663330, 1.922179, 0.121148
829.377930, 1.688381, -1.665399
834.092529, 1.922686, 0.116758
838.807129, 1.681020, -1.666129
843.521729, 1.923165, 0.112358
848.226318, 1.690322, -1.665207
852.940918, 1.922557, 0.117918
857.655518, 1.682960, -1.665940
862.370117, 1.923046, 0.113522
867.074707, 1.692264, -1.665012
871.789307, 1.922419, 0.119077
876.503906, 1.684907, -1.665746
881.218506, 1.922917, 0.114682
885.933105, 1.677548, -1.666465
890.637695, 1.922283, 0.120234
895.352295, 1.686850, -1.665555
900.066895, 1.922788, 0.115842
904.781494, 1.679494, -1.666278
909.486084, 1.922152, 0.121393
914.200684, 1.688788, -1.665363
918.915283, 1.922662, 0.117004
923.629883, 1.681432, -1.666091
928.344482, 1.923143, 0.112606
933.049072, 1.690730, -1.665166
937.763672, 1.922529, 0.118164
942.478271, 1.683375, -1.665899
947.192871, 1.923014, 0.113767
951.907471, 1.676008, -1.666617
956.612061, 1.922399, 0.119325
961.326660, 1.685317, -1.665707
966.041260, 1.922889, 0.114930
970.755859, 1.677965, -1.666422
975.460449, 1.922244, 0.120478
980.175049, 1.687261, -1.665511
984.889648, 1.922758, 0.116089
989.604248, 1.679901, -1.666239
994.318848, 1.923239, 0.111690
