time,theta,omega
202.627914, 2.161544, 0.224477
207.345322, 1.560697, -1.792459
212.052734, 2.161427, 0.224386
216.770142, 1.560493, -1.792502
221.477554, 2.161530, 0.224386
226.194962, 1.560509, -1.792480
230.902374, 2.161474, 0.224320
235.619781, 1.560374, -1.792501
240.327194, 2.161530, 0.224299
245.044601, 1.560346, -1.792490
249.752014, 2.161505, 0.224245
254.469421, 1.560230, -1.792508
259.181671, 2.158753, 0.220196
263.896271, 1.570698, -1.786574
268.610870, 2.146090, 0.210550
273.315460, 1.567678, -1.789968
278.030060, 2.154543, 0.219818
282.744659, 1.569047, -1.787599
287.459259, 2.148618, 0.212801
292.163849, 1.572391, -1.789028
296.878448, 2.152353, 0.220110
301.593048, 1.569234, -1.788061
306.307648, 2.149778, 0.214485
311.022247, 1.557931, -1.789588
315.726837, 2.151103, 0.220796
320.441437, 1.570350, -1.788229
325.156036, 2.150252, 0.215886
329.870636, 1.560706, -1.789251
334.575226, 2.150348, 0.221685
339.289825, 1.571941, -1.788253
344.004425, 2.150374, 0.217139
348.719025, 1.563165, -1.789011
353.433624, 2.151958, 0.213239
358.138214, 1.573772, -1.788201
362.852814, 2.150305, 0.218315
367.567413, 1.565405, -1.788837
372.282013, 2.151593, 0.214291
376.986603, 1.575734, -1.788103
381.701202, 2.150155, 0.219454
386.415802, 1.567603, -1.788666
391.130402, 2.151259, 0.215347
395.845001, 1.559837, -1.789108
400.549591, 2.149959, 0.220569
405.264191, 1.569715, -1.788535
409.978790, 2.150998, 0.216441
414.693390, 1.561905, -1.788987
419.397980, 2.149724, 0.221674
424.112579, 1.571823, -1.788395
428.827179, 2.150730, 0.217532
433.541779, 1.563970, -1.788872
438.256378, 2.151623, 0.213348
442.960968, 1.573920, -1.788260
447.675568, 2.150473, 0.218631
452.390167, 1.566055, -1.788743
457.104767, 2.151379, 0.214450
461.809357, 1.576008, -1.788125
466.523956, 2.150217, 0.219727
471.238556, 1.568130, -1.788618
475.953156, 2.151147, 0.215555
480.667755, 1.560210, -1.789103
485.372345, 2.149955, 0.220822
490.086945, 1.570206, -1.788491
494.801544, 2.150907, 0.216659
499.516144, 1.562303, -1.788977
504.220734, 2.149706, 0.221921
508.935333, 1.572299, -1.788357
513.649902, 2.150673, 0.217788
518.364502, 1.564461, -1.788842
523.079102, 2.151567, 0.213613
527.783691, 1.574426, -1.788225
532.498291, 2.150409, 0.218890
537.212891, 1.566530, -1.788720
541.927490, 2.151338, 0.214720
546.642090, 1.558639, -1.789190
551.346680, 2.150141, 0.219982
556.061279, 1.568617, -1.788590
560.775879, 2.151094, 0.215821
565.490479, 1.560727, -1.789067
570.195068, 2.149891, 0.221082
574.909668, 1.570702, -1.788459
579.624268, 2.150844, 0.216920
584.338867, 1.562805, -1.788945
589.053467, 2.151771, 0.212750
593.758057, 1.572786, -1.788330
598.472656, 2.150602, 0.218023
603.187256, 1.564902, -1.788815
607.901855, 2.151520, 0.213847
612.606445, 1.574876, -1.788193
617.321045, 2.150347, 0.219120
622.035645, 1.566980, -1.788691
626.750244, 2.151280, 0.214951
631.464844, 1.559071, -1.789168
636.169434, 2.150094, 0.220219
640.884033, 1.569066, -1.788558
645.598633, 2.151038, 0.216052
650.313232, 1.561158, -1.789044
655.017822, 2.149838, 0.221316
659.732422, 1.571154, -1.788429
664.447021, 2.150787, 0.217152
669.161621, 1.563247, -1.788918
673.876221, 2.151714, 0.212982
678.580811, 1.573227, -1.788301
683.295410, 2.150553, 0.218255
688.010010, 1.565337, -1.788790
692.724609, 2.151475, 0.214084
697.429199, 1.575317, -1.788169
702.143799, 2.150300, 0.219357
706.858398, 1.567429, -1.788660
711.572998, 2.151224, 0.215183
716.287598, 1.559506, -1.789144
720.992188, 2.150042, 0.220452
725.706787, 1.569506, -1.788535
730.421387, 2.150984, 0.216287
735.135986, 1.561600, -1.789019
739.840576, 2.149791, 0.221552
744.555176, 1.571591, -1.788402
749.269775, 2.150744, 0.217389
753.984375, 1.563685, -1.788893
758.698975, 2.151673, 0.213218
763.403564, 1.573680, -1.788270
768.118164, 2.150491, 0.218485
772.832764, 1.565757, -1.788762
777.547363, 2.151424, 0.214301
782.251953, 1.575736, -1.788138
786.966553, 2.150241, 0.219571
791.681152, 1.567826, -1.788641
796.395752, 2.151191, 0.215409
801.110352, 1.559938, -1.789115
805.814941, 2.149983, 0.220668
810.529541, 1.569913, -1.788510
815.244141, 2.150938, 0.216508
819.958740, 1.562013, -1.788993
824.663330, 2.149741, 0.221770
829.377930, 1.572011, -1.788374
834.092529, 2.150686, 0.217605
838.807129, 1.564103, -1.788866
843.521729, 2.151622, 0.213437
848.226318, 1.574090, -1.788246
852.940918, 2.150441, 0.218707
857.655518, 1.566197, -1.788737
862.370117, 2.151376, 0.214537
867.074707, 1.576176, -1.788111
871.789307, 2.150194, 0.219806
876.503906, 1.568279, -1.788611
881.218506, 2.151131, 0.215640
885.933105, 1.560377, -1.789090
890.637695, 2.149936, 0.220903
895.352295, 1.570354, -1.788484
900.066895, 2.150888, 0.216742
904.781494, 1.562465, -1.788965
909.486084, 2.149682, 0.222002
914.200684, 1.572448, -1.788350
918.915283, 2.150638, 0.217841
923.629883, 1.564553, -1.788839
928.344482, 2.151565, 0.213669
933.049072, 1.574537, -1.788216
937.763672, 2.150385, 0.218939
942.478271, 1.566632, -1.788712
947.192871, 2.151324, 0.214772
951.907471, 1.558728, -1.789189
956.612061, 2.150133, 0.220038
961.326660, 1.568718, -1.788584
966.041260, 2.151077, 0.215873
970.755859, 1.560818, -1.789064
975.460449, 2.149878, 0.221135
980.175049, 1.570800, -1.788453
984.889648, 2.150831, 0.216974
989.604248, 1.562904, -1.788939
994.318848, 2.151759, 0.212802
