time,theta,omega
202.627914, 2.576010, 1.167254
207.345322, -2.264516, -1.188896
212.052734, -2.919387, 1.294274
216.770142, -1.430240, 0.243542
221.477554, -0.943980, 1.990402
226.194962, -2.906407, -0.648381
230.902374, 2.626791, 1.166579
235.619781, -1.998880, -1.261586
240.327194, -2.433724, 1.486447
245.044601, -1.646822, -0.009314
249.752014, -0.934115, 2.023632
254.469421, -2.926294, -0.664959
259.181671, 2.476769, 1.168071
263.896271, -2.698148, -1.149441
268.610870, 1.650584, 1.393661
273.315460, 2.144644, -1.597504
278.030060, 1.889287, 0.115999
282.744659, 0.935920, -2.049610
287.459259, 2.919286, 0.663267
292.163849, -2.510956, -1.170377
296.878448, 2.540241, 1.155513
301.593048, -2.468994, -1.158678
306.307648, 2.758365, 1.153200
311.022247, -1.163109, -1.613849
315.726837, -2.101742, 1.572699
320.441437, -1.906196, -0.118640
325.156036, -0.937264, 2.051272
329.870636, -2.919009, -0.663439
334.575226, 2.511391, 1.170481
339.289825, -2.537673, -1.155787
344.004425, 2.479199, 1.157871
348.719025, -2.720662, -1.150980
353.433624, 1.480913, 1.469528
358.138214, 2.093371, -1.607725
362.852814, 1.929411, 0.131860
367.567413, 0.948700, -2.051441
372.282013, 2.911138, 0.658699
376.986603, -2.562962, -1.168066
381.701202, 2.312435, 1.183082
386.415802, 3.055040, -1.246532
391.130402, 1.673156, -0.285879
395.845001, 0.703698, -2.062238
400.549591, 3.080251, 0.774928
405.264191, -0.895721, -1.736715
409.978790, -2.173843, 1.506579
414.693390, -1.820856, -0.075149
419.397980, -0.928841, 2.046914
424.112579, -2.927387, -0.673511
428.827179, 2.434959, 1.172488
433.541779, -2.844430, -1.161649
438.256378, 0.162651, 1.939337
442.960968, 2.590772, -1.198822
447.675568, 1.459741, -0.136972
452.390167, 0.987744, -1.980679
457.104767, 2.856165, 0.615850
461.809357, -2.929618, -1.194667
466.523956, -1.605386, 1.572697
471.238556, -2.240495, -0.245705
475.953156, -1.200873, 2.013431
480.667755, -2.720303, -0.539721
485.372345, -2.671081, 1.410079
490.086945, -1.467354, 0.086222
494.801544, -1.012256, 1.976007
499.516144, -2.836939, -0.603758
504.220734, 3.039261, 1.216812
508.935333, -2.893332, -0.327149
513.649902, -2.666497, 1.415758
518.364502, -1.468923, 0.086840
523.079102, -1.005685, 1.975913
527.783691, -2.833138, -0.608068
532.498291, 3.041454, 1.214141
537.212891, -2.915910, -0.341176
541.927490, -2.773712, 1.368204
546.642090, -1.411192, 0.151890
551.346680, -1.035771, 1.963758
556.061279, -2.817927, -0.594118
560.775879, -3.138968, 1.237085
565.490479, -2.011923, 0.194264
570.195068, -0.667584, 2.111354
574.909668, -3.133687, -0.814938
579.624268, -0.076649, 1.970532
584.338867, 2.747461, -1.078233
589.053467, 1.484167, -0.254718
593.758057, 0.897046, -2.007517
598.472656, 2.934043, 0.670848
603.187256, -2.417240, -1.172696
607.901855, 2.911727, 1.169283
612.606445, 0.915466, -1.869076
617.321045, 2.866569, 0.612260
622.035645, -2.903034, -1.185333
626.750244, -0.995743, 1.839242
631.464844, -2.790120, -0.556234
636.169434, -2.939193, 1.305012
640.884033, -1.432617, 0.248247
645.598633, -0.941720, 1.987284
650.313232, -2.891224, -0.637633
655.017822, 2.720390, 1.169770
659.732422, -1.340326, -1.540352
664.447021, -2.076897, 1.601042
669.161621, -1.933714, -0.128746
673.876221, -0.941874, 2.051030
678.580811, -2.906687, -0.662252
683.295410, 2.568259, 1.164048
688.010010, -2.310879, -1.179438
692.724609, -3.035693, 1.249197
697.429199, -1.629903, 0.284086
702.143799, -0.746591, 2.054397
706.858398, -3.058305, -0.755809
711.572998, 1.247450, 1.582779
716.287598, 2.079992, -1.587163
720.992188, 1.919269, 0.127587
725.706787, 0.947468, -2.052042
730.421387, 2.913770, 0.662454
735.135986, -2.544998, -1.160215
739.840576, 2.431389, 1.167524
744.555176, -2.865226, -1.168877
749.269775, -0.237631, 1.972214
753.984375, 2.868070, -0.990504
758.698975, 1.807268, -0.255336
763.403564, 0.668518, -2.088393
768.118164, 3.125981, 0.806241
772.832764, -0.119407, -1.950965
777.547363, -2.608016, 1.180019
782.251953, -1.450383, 0.150818
786.966553, -0.992935, 1.979935
791.681152, -2.854513, -0.617787
796.395752, 2.936376, 1.188981
801.110352, 1.570697, -1.587114
805.814941, 2.262365, 0.260069
810.529541, 1.243113, -2.004237
815.244141, 2.690219, 0.524727
819.958740, 2.533252, -1.464678
824.663330, 1.561604, -0.022182
829.377930, 0.978884, -2.000036
834.092529, 2.872589, 0.631539
838.807129, -2.821100, -1.172063
843.521729, 0.353155, 1.902286
848.226318, 2.466162, -1.290758
852.940918, 1.542996, -0.061750
857.655518, 0.963274, -1.998819
862.370117, 2.880831, 0.633347
867.074707, -2.776121, -1.174488
871.789307, 0.793859, 1.773496
876.503906, 2.215189, -1.474993
881.218506, 1.779161, 0.057527
885.933105, 0.908266, -2.040592
890.637695, 2.926927, 0.673954
895.352295, -2.432271, -1.174321
900.066895, 2.846541, 1.163304
904.781494, -0.106570, -1.948625
909.486084, -2.628983, 1.172020
914.200684, -1.446786, 0.160417
918.915283, -0.987508, 1.979611
923.629883, -2.856891, -0.617450
928.344482, 2.931377, 1.186229
933.049072, 1.449983, -1.654669
937.763672, 2.388172, 0.324288
942.478271, 1.484099, -1.927069
947.192871, 2.491391, 0.407441
951.907471, 1.795837, -1.800129
956.612061, 2.215057, 0.269498
961.326660, 1.211865, -2.009970
966.041260, 2.713416, 0.537838
970.755859, 2.634514, -1.419456
975.460449, 1.484788, -0.070605
980.175049, 1.009976, -1.980763
984.889648, 2.842404, 0.610079
989.604248, -3.007422, -1.202377
994.318848, -2.809239, 0.751967
