time,theta,omega
202.627914, 1.396366, -0.146530
207.345322, 1.088870, -1.935469
212.052734, 2.740950, 0.544064
216.770142, 2.766990, -1.356038
221.477554, 1.396314, -0.146671
226.194962, 1.088724, -1.935452
230.902374, 2.740982, 0.543999
235.619781, 2.766802, -1.356041
240.327194, 1.396325, -0.146703
245.044601, 1.088547, -1.935454
249.752014, 2.741036, 0.543949
254.469421, 2.766744, -1.355992
259.181671, 1.393599, -0.150332
263.896271, 1.102560, -1.929723
268.610870, 2.722384, 0.525544
273.315460, 2.680375, -1.395194
278.030060, 1.438114, -0.098343
282.744659, 1.090518, -1.940745
287.459259, 2.736363, 0.536130
292.163849, 2.751384, -1.366635
296.878448, 1.401495, -0.135680
301.593048, 1.106687, -1.931169
306.307648, 2.721973, 0.527751
311.022247, 2.673753, -1.391541
315.726837, 1.435890, -0.098284
320.441437, 1.096172, -1.940218
325.156036, 2.734037, 0.536968
329.870636, 2.735751, -1.366478
334.575226, 1.404080, -0.130546
339.289825, 1.110632, -1.931830
344.004425, 2.721359, 0.529737
348.719025, 2.679925, -1.390883
353.433624, 1.433306, -0.107020
358.138214, 1.101476, -1.939883
362.852814, 2.732040, 0.538024
367.567413, 2.735324, -1.368653
372.282013, 1.404660, -0.135497
376.986603, 1.114691, -1.932346
381.701202, 2.720608, 0.531625
386.415802, 2.685436, -1.390507
391.130402, 1.432197, -0.106045
395.845001, 1.087201, -1.938949
400.549591, 2.730210, 0.539186
405.264191, 2.735682, -1.370494
409.978790, 1.406292, -0.131747
414.693390, 1.099502, -1.932178
419.397980, 2.719750, 0.533438
424.112579, 2.690440, -1.390363
428.827179, 1.431406, -0.104800
433.541779, 1.092192, -1.938834
438.256378, 2.733857, 0.533787
442.960968, 2.736768, -1.372043
447.675568, 1.407602, -0.128397
452.390167, 1.103697, -1.932580
457.104767, 2.724113, 0.528507
461.809357, 2.695172, -1.390339
466.523956, 1.430782, -0.103419
471.238556, 1.097095, -1.938758
475.953156, 2.732250, 0.535098
480.667755, 2.724511, -1.370556
485.372345, 1.408741, -0.125259
490.086945, 1.107950, -1.932930
494.801544, 2.723159, 0.530253
499.516144, 2.685803, -1.387813
504.220734, 1.430293, -0.101923
508.935333, 1.101933, -1.938713
513.649902, 2.730728, 0.536487
518.364502, 2.726475, -1.371760
523.079102, 1.408341, -0.131562
527.783691, 1.112321, -1.933221
532.498291, 2.722098, 0.531968
537.212891, 2.689984, -1.388042
541.927490, 1.428926, -0.109537
546.642090, 1.087370, -1.938011
551.346680, 2.729212, 0.537874
556.061279, 2.728395, -1.372958
560.775879, 1.409272, -0.128693
565.490479, 1.097304, -1.932883
570.195068, 2.721074, 0.533671
574.909668, 2.694203, -1.388233
579.624268, 1.428609, -0.107888
584.338867, 1.092136, -1.938034
589.053467, 2.733052, 0.532602
593.758057, 2.730442, -1.374103
598.472656, 1.410146, -0.125892
603.187256, 1.101628, -1.933184
607.901855, 2.725310, 0.528653
612.606445, 2.698346, -1.388464
617.321045, 1.428345, -0.106198
622.035645, 1.096884, -1.938055
626.750244, 2.731598, 0.534013
631.464844, 2.718896, -1.372348
636.169434, 1.410949, -0.123162
640.884033, 1.105962, -1.933464
645.598633, 2.724250, 0.530330
650.313232, 2.688500, -1.386126
655.017822, 1.428152, -0.104445
659.732422, 1.101586, -1.938092
664.447021, 2.730174, 0.535450
669.161621, 2.721218, -1.373373
673.876221, 1.410382, -0.129741
678.580811, 1.110333, -1.933712
683.295410, 2.723164, 0.531992
688.010010, 2.692429, -1.386439
692.724609, 1.426885, -0.111973
697.429199, 1.106289, -1.938127
702.143799, 2.728755, 0.536890
706.858398, 2.723570, -1.374386
711.572998, 1.411114, -0.127108
716.287598, 1.095370, -1.933316
720.992188, 2.722073, 0.533651
725.706787, 2.696346, -1.386764
730.421387, 1.426762, -0.110163
735.135986, 1.091591, -1.937497
739.840576, 2.727360, 0.538344
744.555176, 2.726074, -1.375338
749.269775, 1.411771, -0.124564
753.984375, 1.099745, -1.933573
758.698975, 2.726251, 0.528597
763.403564, 2.700194, -1.387119
768.118164, 1.426674, -0.108325
772.832764, 1.096236, -1.937568
777.547363, 2.731298, 0.533118
782.251953, 2.728513, -1.376305
786.966553, 1.412440, -0.122007
791.681152, 1.104100, -1.933821
796.395752, 2.725163, 0.530237
801.110352, 2.690161, -1.384840
805.814941, 1.426592, -0.106491
810.529541, 1.100902, -1.937636
815.244141, 2.729916, 0.534580
819.958740, 2.717302, -1.374419
824.663330, 1.413070, -0.119480
829.377930, 1.108489, -1.934053
834.092529, 2.724043, 0.531876
838.807129, 2.693922, -1.385226
843.521729, 1.425403, -0.113926
848.226318, 1.105537, -1.937705
852.940918, 2.728559, 0.536060
857.655518, 2.719949, -1.375307
862.370117, 1.412372, -0.126241
867.074707, 1.112901, -1.934261
871.789307, 2.722917, 0.533510
876.503906, 2.697654, -1.385631
881.218506, 1.425392, -0.112024
885.933105, 1.090805, -1.937094
890.637695, 2.727199, 0.537539
895.352295, 2.722613, -1.376186
900.066895, 1.412950, -0.123784
904.781494, 1.097973, -1.933848
909.486084, 2.721775, 0.535136
914.200684, 2.701353, -1.386053
918.915283, 1.425397, -0.110101
923.629883, 1.095434, -1.937194
928.344482, 2.731166, 0.532350
933.049072, 2.725297, -1.377062
937.763672, 1.413512, -0.121338
942.478271, 1.102394, -1.934075
947.192871, 2.725918, 0.530055
951.907471, 2.691132, -1.383858
956.612061, 1.425437, -0.108142
961.326660, 1.100050, -1.937294
966.041260, 2.729830, 0.533840
970.755859, 2.714289, -1.375105
975.460449, 1.414038, -0.118925
980.175049, 1.106826, -1.934281
984.889648, 2.724770, 0.531675
989.604248, 2.694760, -1.384303
994.318848, 1.424318, -0.115505
