time,theta,omega
202.627914, 2.596101, 0.452244
207.345322, 2.275488, -1.544019
212.052734, 1.697606, 0.049403
216.770142, 1.146746, -1.933880
221.477554, 2.613206, 0.463016
226.194962, 2.339046, -1.514135
230.902374, 1.641321, 0.027256
235.619781, 1.164089, -1.920931
240.327194, 2.596110, 0.452078
245.044601, 2.274983, -1.544132
249.752014, 1.697831, 0.049319
254.469421, 1.146368, -1.933918
259.181671, 2.610272, 0.458348
263.896271, 2.335235, -1.514376
268.610870, 1.637305, 0.018961
273.315460, 1.189838, -1.914461
278.030060, 2.574416, 0.438212
282.744659, 2.211971, -1.573025
287.459259, 1.747895, 0.062862
292.163849, 1.163639, -1.938177
296.878448, 2.602833, 0.457560
301.593048, 2.318269, -1.524020
306.307648, 1.655306, 0.028434
311.022247, 1.168788, -1.918721
315.726837, 2.579505, 0.443772
320.441437, 2.237035, -1.562964
325.156036, 1.728772, 0.057997
329.870636, 1.151854, -1.934440
334.575226, 2.598294, 0.456970
339.289825, 2.308760, -1.530203
344.004425, 1.666780, 0.035309
348.719025, 1.169523, -1.921525
353.433624, 2.586506, 0.440300
358.138214, 2.253527, -1.556936
362.852814, 1.717245, 0.056002
367.567413, 1.158589, -1.932372
372.282013, 2.599353, 0.449715
376.986603, 2.303485, -1.534397
381.701202, 1.674525, 0.040718
386.415802, 1.171630, -1.923391
391.130402, 2.587819, 0.443516
395.845001, 2.249892, -1.553033
400.549591, 1.709787, 0.055541
405.264191, 1.164655, -1.931011
409.978790, 2.596642, 0.450358
414.693390, 2.285554, -1.537137
419.397980, 1.679865, 0.045178
424.112579, 1.174513, -1.924695
428.827179, 2.588379, 0.446266
433.541779, 2.259200, -1.550371
438.256378, 1.705106, 0.045834
442.960968, 1.170306, -1.930068
447.675568, 2.594408, 0.451321
452.390167, 2.284764, -1.539228
457.104767, 1.684011, 0.038918
461.809357, 1.177919, -1.925616
466.523956, 2.588429, 0.448697
471.238556, 2.266728, -1.548546
475.953156, 1.701535, 0.046868
480.667755, 1.156338, -1.929059
485.372345, 2.592519, 0.452510
490.086945, 2.285279, -1.540704
494.801544, 1.686652, 0.042333
499.516144, 1.162399, -1.925965
504.220734, 2.588136, 0.450913
508.935333, 2.273045, -1.547295
513.649902, 1.699062, 0.048340
518.364502, 1.161469, -1.928669
523.079102, 2.595321, 0.446440
527.783691, 2.286734, -1.541761
532.498291, 1.688500, 0.045475
537.212891, 1.166435, -1.926474
541.927490, 2.592055, 0.445548
546.642090, 2.263137, -1.546341
551.346680, 1.697250, 0.050055
556.061279, 1.166409, -1.928393
560.775879, 2.593851, 0.447896
565.490479, 2.273312, -1.542416
570.195068, 1.689811, 0.048380
574.909668, 1.170542, -1.926862
579.624268, 2.591418, 0.447538
584.338867, 2.268154, -1.545695
589.053467, 1.696317, 0.041800
593.758057, 1.171207, -1.928212
598.472656, 2.592499, 0.449433
603.187256, 2.275771, -1.542976
607.901855, 1.691121, 0.041002
612.606445, 1.174777, -1.927148
617.321045, 2.590641, 0.449443
622.035645, 2.272698, -1.545277
626.750244, 1.695394, 0.043848
631.464844, 1.156636, -1.927745
636.169434, 2.591241, 0.451032
640.884033, 2.278576, -1.543375
645.598633, 1.691736, 0.043639
650.313232, 1.159812, -1.927030
655.017822, 2.589780, 0.451298
659.732422, 2.276957, -1.544990
664.447021, 1.694721, 0.045988
669.161621, 1.161269, -1.927724
673.876221, 2.594514, 0.445227
678.580811, 2.281681, -1.543633
683.295410, 1.692081, 0.046171
688.010010, 1.164188, -1.927216
692.724609, 2.593312, 0.445659
697.429199, 2.281010, -1.544803
702.143799, 1.694222, 0.048196
706.858398, 1.165875, -1.927726
711.572998, 2.593369, 0.446896
716.287598, 2.269441, -1.543739
720.992188, 1.692340, 0.048668
725.706787, 1.168594, -1.927377
730.421387, 2.592373, 0.447458
735.135986, 2.269501, -1.544570
739.840576, 1.693828, 0.050442
744.555176, 1.170442, -1.927746
749.269775, 2.592255, 0.448586
753.984375, 2.272760, -1.543895
758.698975, 1.692895, 0.040996
763.403564, 1.173024, -1.927503
768.118164, 2.591393, 0.449233
772.832764, 2.273297, -1.544490
777.547363, 1.693949, 0.042586
782.251953, 1.174959, -1.927774
786.966553, 2.591177, 0.450281
791.681152, 2.276173, -1.543999
796.395752, 1.692954, 0.043402
801.110352, 1.158190, -1.927253
805.814941, 2.590395, 0.450984
810.529541, 2.277024, -1.544456
815.244141, 1.693748, 0.044907
819.958740, 1.160210, -1.927482
824.663330, 2.590105, 0.452000
829.377930, 2.279681, -1.544066
834.092529, 1.692943, 0.045797
838.807129, 1.162652, -1.927368
843.521729, 2.593837, 0.445288
848.226318, 2.280749, -1.544422
852.940918, 1.693546, 0.047228
857.655518, 1.164734, -1.927550
862.370117, 2.593486, 0.446264
867.074707, 2.283147, -1.544155
871.789307, 1.692965, 0.048203
876.503906, 1.167117, -1.927479
881.218506, 2.592840, 0.447049
885.933105, 2.269034, -1.544284
890.637695, 1.693332, 0.049544
895.352295, 1.169257, -1.927609
900.066895, 2.592425, 0.447986
904.781494, 2.271210, -1.544120
909.486084, 1.692948, 0.050596
914.200684, 1.171593, -1.927576
918.915283, 2.591820, 0.448800
923.629883, 2.272687, -1.544284
928.344482, 1.693598, 0.041760
933.049072, 1.173766, -1.927672
937.763672, 2.591371, 0.449715
942.478271, 2.274750, -1.544171
947.192871, 1.693325, 0.042854
951.907471, 1.156805, -1.927297
956.612061, 2.590791, 0.450544
961.326660, 2.276340, -1.544283
966.041260, 1.693463, 0.044107
970.755859, 1.159007, -1.927385
975.460449, 2.590323, 0.451446
980.175049, 2.278329, -1.544208
984.889648, 1.693250, 0.045225
989.604248, 1.161296, -1.927400
994.318848, 2.594192, 0.444828
