time,theta,omega
202.627914, 1.552275, -0.010803
207.345322, 1.189595, -1.902711
212.052734, 2.578150, 0.441068
216.770142, 2.200699, -1.581622
221.477554, 1.769799, 0.076832
226.194962, 1.120608, -1.953222
230.902374, 2.645530, 0.483846
235.619781, 2.456067, -1.462217
240.327194, 1.545448, -0.014047
245.044601, 1.192833, -1.900590
249.752014, 2.574942, 0.438940
254.469421, 2.188959, -1.587005
259.181671, 1.777261, 0.076794
263.896271, 1.133694, -1.948914
268.610870, 2.628540, 0.467013
273.315460, 2.398553, -1.491563
278.030060, 1.594830, 0.006614
282.744659, 1.184498, -1.909695
287.459259, 2.578934, 0.436381
292.163849, 2.219316, -1.576163
296.878448, 1.754675, 0.071020
301.593048, 1.140664, -1.945466
306.307648, 2.624326, 0.466526
311.022247, 2.374655, -1.496874
315.726837, 1.605626, 0.013458
320.441437, 1.184279, -1.912738
325.156036, 2.582315, 0.440849
329.870636, 2.222629, -1.569039
334.575226, 1.740885, 0.068148
339.289825, 1.147041, -1.943267
344.004425, 2.621044, 0.466722
348.719025, 2.369486, -1.501055
353.433624, 1.613222, 0.008878
358.138214, 1.185611, -1.914831
362.852814, 2.584249, 0.444429
367.567413, 2.236734, -1.564122
372.282013, 1.732060, 0.056806
376.986603, 1.153054, -1.941717
381.701202, 2.618273, 0.467287
386.415802, 2.366400, -1.504250
391.130402, 1.618965, 0.013567
395.845001, 1.168582, -1.916157
400.549591, 2.585425, 0.447533
405.264191, 2.248202, -1.560446
409.978790, 1.724983, 0.056494
414.693390, 1.139389, -1.940053
419.397980, 2.615834, 0.468083
424.112579, 2.364625, -1.506836
428.827179, 1.623571, 0.017797
433.541779, 1.171233, -1.917439
438.256378, 2.590536, 0.442876
442.960968, 2.258000, -1.557560
447.675568, 1.719385, 0.056750
452.390167, 1.144974, -1.939142
457.104767, 2.618228, 0.461717
461.809357, 2.363724, -1.509008
466.523956, 1.627411, 0.021715
471.238556, 1.174194, -1.918514
475.953156, 2.590940, 0.445510
480.667755, 2.251179, -1.555138
485.372345, 1.714733, 0.057363
490.086945, 1.150417, -1.938379
494.801544, 2.616174, 0.462778
499.516144, 2.348391, -1.510402
504.220734, 1.630663, 0.025396
508.935333, 1.177426, -1.919422
513.649902, 2.591120, 0.448030
518.364502, 2.259227, -1.553095
523.079102, 1.711221, 0.048121
527.783691, 1.155814, -1.937723
532.498291, 2.614225, 0.463943
537.212891, 2.348655, -1.512054
541.927490, 1.633694, 0.018883
546.642090, 1.161674, -1.919917
551.346680, 2.591088, 0.450406
556.061279, 2.266507, -1.551394
560.775879, 1.707870, 0.049235
565.490479, 1.141677, -1.936711
570.195068, 2.612400, 0.465160
574.909668, 2.349316, -1.513497
579.624268, 1.636175, 0.022248
584.338867, 1.165225, -1.920635
589.053467, 2.595376, 0.445245
593.758057, 2.273307, -1.549921
598.472656, 1.704936, 0.050504
603.187256, 1.146831, -1.936267
607.901855, 2.615261, 0.459108
612.606445, 2.350346, -1.514765
617.321045, 1.638332, 0.025480
622.035645, 1.168897, -1.921267
626.750244, 2.595123, 0.447472
631.464844, 2.264233, -1.548534
636.169434, 1.702343, 0.051903
640.884033, 1.151929, -1.935871
645.598633, 2.613590, 0.460428
650.313232, 2.336432, -1.515519
655.017822, 1.640296, 0.028637
659.732422, 1.172646, -1.921842
664.447021, 2.594790, 0.449649
669.161621, 2.270398, -1.547358
673.876221, 1.700408, 0.043255
678.580811, 1.156973, -1.935508
683.295410, 2.611973, 0.461783
688.010010, 2.337870, -1.516594
692.724609, 1.642295, 0.021652
697.429199, 1.176471, -1.922364
702.143799, 2.594377, 0.451778
706.858398, 2.276304, -1.546307
711.572998, 1.698279, 0.044833
716.287598, 1.142632, -1.934729
720.992188, 2.610393, 0.463164
725.706787, 2.339479, -1.517590
730.421387, 1.643950, 0.024683
735.135986, 1.161134, -1.922538
739.840576, 2.593904, 0.453868
744.555176, 2.281987, -1.545362
749.269775, 1.696339, 0.046481
753.984375, 1.147609, -1.934464
758.698975, 2.613423, 0.457225
763.403564, 2.341243, -1.518510
768.118164, 1.645466, 0.027658
772.832764, 1.165059, -1.923001
777.547363, 2.597860, 0.448488
782.251953, 2.287455, -1.544510
786.966553, 1.694568, 0.048177
791.681152, 1.152495, -1.934226
796.395752, 2.611949, 0.458657
801.110352, 2.327993, -1.518959
805.814941, 1.646807, 0.030549
810.529541, 1.169043, -1.923425
815.244141, 2.597297, 0.450520
819.958740, 2.277349, -1.543590
824.663330, 1.692931, 0.049937
829.377930, 1.157397, -1.934000
834.092529, 2.610493, 0.460117
838.807129, 2.330038, -1.519746
843.521729, 1.648288, 0.023341
848.226318, 1.173068, -1.923817
852.940918, 2.596697, 0.452530
857.655518, 2.282571, -1.542863
862.370117, 1.691808, 0.041616
867.074707, 1.162271, -1.933785
871.789307, 2.609063, 0.461594
876.503906, 2.332205, -1.520476
881.218506, 1.649456, 0.026180
885.933105, 1.157907, -1.923843
890.637695, 2.596044, 0.454512
895.352295, 2.287612, -1.542221
900.066895, 1.690440, 0.043482
904.781494, 1.147771, -1.933189
909.486084, 2.607652, 0.463093
914.200684, 2.334477, -1.521157
918.915283, 1.650528, 0.028980
923.629883, 1.162004, -1.924210
928.344482, 2.599856, 0.449057
933.049072, 2.292574, -1.541618
937.763672, 1.689134, 0.045370
942.478271, 1.152601, -1.933038
947.192871, 2.610834, 0.457245
951.907471, 2.321616, -1.521446
956.612061, 1.651524, 0.031750
961.326660, 1.166147, -1.924542
966.041260, 2.599153, 0.451002
970.755859, 2.281999, -1.540909
975.460449, 1.687941, 0.047300
980.175049, 1.157392, -1.932905
984.889648, 2.609485, 0.458776
989.604248, 2.324072, -1.522039
994.318848, 1.652661, 0.024394
