time,theta,omega
202.627914, -1.423173, 1.941086
207.345322, -2.525480, -0.423882
212.052734, -1.940586, 1.733356
216.770142, -2.081526, -0.200112
221.477554, -1.094522, 2.025332
226.194962, -2.783877, -0.576144
230.902374, -3.000234, 1.273616
235.619781, -1.484482, 0.289494
240.327194, -0.918443, 1.994501
245.044601, -2.894200, -0.638011
249.752014, 2.679515, 1.156165
254.469421, -1.685696, -1.373047
259.181671, -2.184037, 1.569136
263.896271, -1.824822, -0.086493
268.610870, -0.971999, 2.022088
273.315460, -2.843375, -0.616431
278.030060, 2.943237, 1.181801
282.744659, 1.724967, -1.499102
287.459259, 2.095960, 0.171084
292.163849, 1.089300, -2.027525
296.878448, 2.777473, 0.577063
301.593048, 2.987454, -1.273966
306.307648, 1.471818, -0.288280
311.022247, 0.929775, -1.984329
315.726837, 2.858451, 0.620523
320.441437, -2.871905, -1.170407
325.156036, -0.429900, 1.956582
329.870636, 3.056586, -0.851251
334.575226, -1.976141, 1.350364
339.289825, -1.862311, -0.073103
344.004425, -0.959313, 2.032255
348.719025, -2.865629, -0.625980
353.433624, 2.836344, 1.159916
358.138214, -0.208837, -1.932450
362.852814, -2.587981, 1.196211
367.567413, -1.437265, 0.143110
372.282013, -1.061235, 1.947308
376.986603, -2.752498, -0.554096
381.701202, -2.846457, 1.327303
386.415802, -1.378473, 0.198153
391.130402, -1.090163, 1.931070
395.845001, -2.731844, -0.531468
400.549591, -2.724497, 1.377019
405.264191, -1.413540, 0.121653
409.978790, -1.101445, 1.934072
414.693390, -2.726190, -0.529773
419.397980, -2.704451, 1.386341
424.112579, -1.425313, 0.108629
428.827179, -1.099155, 1.937252
433.541779, -2.730055, -0.533525
438.256378, -2.713508, 1.375040
442.960968, -1.414055, 0.119257
447.675568, -1.105873, 1.934282
452.390167, -2.725044, -0.531392
457.104767, -2.694232, 1.384136
461.809357, -1.425359, 0.106674
466.523956, -1.103758, 1.937349
471.238556, -2.728731, -0.535026
475.953156, -2.716300, 1.375861
480.667755, -1.413289, 0.126114
485.372345, -1.110302, 1.934480
490.086945, -2.723888, -0.533006
494.801544, -2.697823, 1.384601
499.516144, -1.424272, 0.114008
504.220734, -1.108363, 1.937435
508.935333, -2.727397, -0.536522
513.649902, -2.719054, 1.376731
518.364502, -1.413851, 0.123651
523.079102, -1.095440, 1.934045
527.783691, -2.722728, -0.534650
532.498291, -2.701540, 1.385041
537.212891, -1.424297, 0.112049
541.927490, -1.093679, 1.936857
546.642090, -2.731355, -0.531358
551.346680, -2.721880, 1.377540
556.061279, -1.414344, 0.121282
560.775879, -1.099881, 1.934258
565.490479, -2.726849, -0.529558
570.195068, -2.705087, 1.385530
574.909668, -1.424389, 0.110053
579.624268, -1.098264, 1.936977
584.338867, -2.730049, -0.532870
589.053467, -2.710987, 1.375549
593.758057, -1.414815, 0.118934
598.472656, -1.104317, 1.934463
603.187256, -2.725697, -0.531172
607.901855, -2.694837, 1.383337
612.606445, -1.424454, 0.108077
617.321045, -1.102861, 1.937080
622.035645, -2.728729, -0.534373
626.750244, -2.713800, 1.376360
631.464844, -1.414039, 0.125809
636.169434, -1.108763, 1.934658
640.884033, -2.724526, -0.532776
645.598633, -2.698364, 1.383828
650.313232, -1.423392, 0.115378
655.017822, -1.107454, 1.937179
659.732422, -2.727418, -0.535884
664.447021, -2.716675, 1.377147
669.161621, -1.414519, 0.123463
673.876221, -1.093864, 1.934191
678.580811, -2.723361, -0.534384
683.295410, -2.701919, 1.384313
688.010010, -1.423486, 0.113384
692.724609, -1.092676, 1.936609
697.429199, -2.726105, -0.537393
702.143799, -2.719551, 1.377936
706.858398, -1.414983, 0.121119
711.572998, -1.098313, 1.934402
716.287598, -2.727473, -0.529288
720.992188, -2.705439, 1.384815
725.706787, -1.423594, 0.111374
730.421387, -1.097261, 1.936734
735.135986, -2.730119, -0.532232
739.840576, -2.722465, 1.378712
744.555176, -1.415426, 0.118795
749.269775, -1.102775, 1.934597
753.984375, -2.726295, -0.530884
758.698975, -2.695069, 1.382668
763.403564, -1.423736, 0.109332
768.118164, -1.101836, 1.936856
772.832764, -2.728813, -0.533730
777.547363, -2.711524, 1.376727
782.251953, -1.415904, 0.116454
786.966553, -1.107176, 1.934798
791.681152, -2.725150, -0.532489
796.395752, -2.698647, 1.383126
801.110352, -1.422621, 0.116685
805.814941, -1.106410, 1.936946
810.529541, -2.727505, -0.535241
815.244141, -2.714397, 1.377513
819.958740, -1.415118, 0.123357
824.663330, -1.111634, 1.934979
829.377930, -2.723970, -0.534087
834.092529, -2.702139, 1.383639
838.807129, -1.422749, 0.114659
843.521729, -1.091614, 1.936383
848.226318, -2.726217, -0.536767
852.940918, -2.717388, 1.378252
857.655518, -1.415529, 0.121074
862.370117, -1.096768, 1.934514
867.074707, -2.722764, -0.535671
871.789307, -2.705519, 1.384199
876.503906, -1.422939, 0.112574
881.218506, -1.096174, 1.936527
885.933105, -2.730246, -0.531617
890.637695, -2.720396, 1.378987
895.352295, -1.415930, 0.118805
900.066895, -1.101234, 1.934704
904.781494, -2.726872, -0.530567
909.486084, -2.708957, 1.384740
914.200684, -1.423091, 0.110521
918.915283, -1.100738, 1.936657
923.629883, -2.728964, -0.533145
928.344482, -2.709620, 1.376953
933.049072, -1.416326, 0.116526
937.763672, -1.105708, 1.934882
942.478271, -2.725675, -0.532153
947.192871, -2.698530, 1.382606
951.907471, -1.422086, 0.117750
956.612061, -1.105297, 1.936783
961.326660, -2.727683, -0.534675
966.041260, -2.712619, 1.377686
970.755859, -1.415483, 0.123505
975.460449, -1.110169, 1.935057
980.175049, -2.724492, -0.533749
984.889648, -2.701999, 1.383128
989.604248, -1.422230, 0.115710
994.318848, -1.090512, 1.936207
