time,theta,omega
202.627914, 1.667228, 0.037909
207.345322, 1.163830, -1.923294
212.052734, 2.593365, 0.450605
216.770142, 2.271741, -1.544228
221.477554, 1.697423, 0.049516
226.194962, 1.154976, -1.930008
230.902374, 2.602014, 0.456020
235.619781, 2.303332, -1.529328
240.327194, 1.669359, 0.038567
245.044601, 1.162829, -1.923786
249.752014, 2.594095, 0.450895
254.469421, 2.273885, -1.543097
259.181671, 1.692589, 0.044838
263.896271, 1.169599, -1.923482
268.610870, 2.583073, 0.438060
273.315460, 2.247144, -1.558215
278.030060, 1.719105, 0.056646
282.744659, 1.165922, -1.928884
287.459259, 2.588767, 0.442938
292.163849, 2.271065, -1.547855
296.878448, 1.699459, 0.050337
301.593048, 1.172612, -1.924954
306.307648, 2.583625, 0.440828
311.022247, 2.240789, -1.555615
315.726837, 1.714047, 0.057124
320.441437, 1.171448, -1.927997
325.156036, 2.586659, 0.443980
329.870636, 2.255289, -1.549653
334.575226, 1.702794, 0.054021
339.289825, 1.176267, -1.925745
344.004425, 2.583461, 0.443129
348.719025, 2.247472, -1.554175
353.433624, 1.711710, 0.048314
358.138214, 1.176542, -1.927525
362.852814, 2.585000, 0.445321
367.567413, 2.256633, -1.550727
372.282013, 1.705151, 0.047016
376.986603, 1.180280, -1.926227
381.701202, 2.582930, 0.445194
386.415802, 2.252878, -1.553333
391.130402, 1.710022, 0.050070
395.845001, 1.162113, -1.926934
400.549591, 2.583584, 0.446814
405.264191, 2.258856, -1.551381
409.978790, 1.706271, 0.049842
414.693390, 1.165207, -1.926233
419.397980, 2.582198, 0.447127
424.112579, 2.257545, -1.552847
428.827179, 1.708988, 0.052083
433.541779, 1.166815, -1.926840
438.256378, 2.586757, 0.440935
442.960968, 2.261741, -1.551730
447.675568, 1.706817, 0.052456
452.390167, 1.169539, -1.926454
457.104767, 2.585743, 0.441485
461.809357, 2.261760, -1.552570
466.523956, 1.708350, 0.054245
471.238556, 1.171425, -1.926816
475.953156, 2.585603, 0.442602
480.667755, 2.249382, -1.551934
485.372345, 1.707114, 0.054975
490.086945, 1.173945, -1.926612
494.801544, 2.584811, 0.443296
499.516144, 2.250188, -1.552406
504.220734, 1.707938, 0.056494
508.935333, 1.175985, -1.926828
513.649902, 2.584539, 0.444343
518.364502, 2.252929, -1.551991
523.079102, 1.707569, 0.047270
527.783691, 1.178467, -1.926704
532.498291, 2.583804, 0.445086
537.212891, 2.253966, -1.552358
541.927490, 1.708202, 0.048716
546.642090, 1.161294, -1.926536
551.346680, 2.583452, 0.446064
556.061279, 2.256365, -1.552082
560.775879, 1.707631, 0.049700
565.490479, 1.163657, -1.926479
570.195068, 2.582802, 0.446854
574.909668, 2.257691, -1.552312
579.624268, 1.708007, 0.051046
584.338867, 1.165803, -1.926612
589.053467, 2.586791, 0.440298
593.758057, 2.259879, -1.552135
598.472656, 1.707615, 0.052100
603.187256, 1.168136, -1.926586
607.901855, 2.586196, 0.441119
612.606445, 2.261382, -1.552281
617.321045, 1.707834, 0.053387
622.035645, 1.170312, -1.926685
626.750244, 2.585755, 0.442039
631.464844, 2.247919, -1.552151
636.169434, 1.707556, 0.054484
640.884033, 1.172616, -1.926676
645.598633, 2.585189, 0.442876
650.313232, 2.249543, -1.552241
655.017822, 1.707662, 0.055727
659.732422, 1.174826, -1.926746
664.447021, 2.584717, 0.443778
669.161621, 2.251492, -1.552179
673.876221, 1.707944, 0.046723
678.580811, 1.177105, -1.926754
683.295410, 2.584173, 0.444632
688.010010, 2.253187, -1.552232
692.724609, 1.707998, 0.047944
697.429199, 1.179326, -1.926807
702.143799, 2.583684, 0.445520
706.858398, 2.255089, -1.552191
711.572998, 1.707867, 0.049100
716.287598, 1.162323, -1.926491
720.992188, 2.583150, 0.446381
725.706787, 2.256817, -1.552231
730.421387, 1.707889, 0.050308
735.135986, 1.164555, -1.926554
739.840576, 2.582645, 0.447264
744.555176, 2.258683, -1.552205
749.269775, 1.707782, 0.051473
753.984375, 1.166808, -1.926589
758.698975, 2.586527, 0.440638
763.403564, 2.260472, -1.552218
768.118164, 1.707752, 0.052660
772.832764, 1.169023, -1.926636
777.547363, 2.586027, 0.441503
782.251953, 2.262270, -1.552214
786.966553, 1.707685, 0.053826
791.681152, 1.171272, -1.926674
796.395752, 2.585519, 0.442379
801.110352, 2.248565, -1.552199
805.814941, 1.707618, 0.055003
810.529541, 1.173512, -1.926710
815.244141, 2.585011, 0.443255
819.958740, 2.250382, -1.552198
824.663330, 1.707555, 0.056182
829.377930, 1.175766, -1.926744
834.092529, 2.584483, 0.444122
838.807129, 2.252145, -1.552221
843.521729, 1.708008, 0.047239
848.226318, 1.177998, -1.926788
852.940918, 2.583983, 0.445004
857.655518, 2.254017, -1.552196
862.370117, 1.707908, 0.048405
867.074707, 1.180261, -1.926805
871.789307, 2.583460, 0.445871
876.503906, 2.255796, -1.552210
881.218506, 1.707882, 0.049600
885.933105, 1.163236, -1.926521
890.637695, 2.582943, 0.446745
895.352295, 2.257598, -1.552216
900.066895, 1.707836, 0.050784
904.781494, 1.165484, -1.926566
909.486084, 2.582430, 0.447620
914.200684, 2.259422, -1.552210
918.915283, 1.707770, 0.051963
923.629883, 1.167726, -1.926609
928.344482, 2.586321, 0.441000
933.049072, 2.261234, -1.552210
937.763672, 1.707709, 0.053143
942.478271, 1.169978, -1.926650
947.192871, 2.585806, 0.441873
951.907471, 2.247511, -1.552204
956.612061, 1.707663, 0.054328
961.326660, 1.172222, -1.926691
966.041260, 2.585300, 0.442751
970.755859, 2.249341, -1.552195
975.460449, 1.707585, 0.055501
980.175049, 1.174480, -1.926720
984.889648, 2.584775, 0.443617
989.604248, 2.251091, -1.552228
994.318848, 1.708042, 0.046563
