time,theta,omega
202.627914, -1.101700, 1.935098
207.345322, -2.739702, -0.538285
212.052734, -2.756715, 1.364018
216.770142, -1.401187, 0.141377
221.477554, -1.101248, 1.935417
226.194962, -2.740087, -0.538467
230.902374, -2.758281, 1.363309
235.619781, -1.400467, 0.142436
240.327194, -1.101227, 1.935260
245.044601, -2.739970, -0.538299
249.752014, -2.757368, 1.363609
254.469421, -1.400792, 0.142045
259.181671, -1.104075, 1.931378
263.896271, -2.722329, -0.527704
268.610870, -2.676390, 1.389804
273.315460, -1.433110, 0.100176
278.030060, -1.100352, 1.938070
282.744659, -2.728673, -0.533342
287.459259, -2.711537, 1.375930
292.163849, -1.414552, 0.117311
296.878448, -1.110387, 1.933011
301.593048, -2.720484, -0.529124
306.307648, -2.677368, 1.391352
311.022247, -1.433640, 0.106172
315.726837, -1.104248, 1.938611
320.441437, -2.728037, -0.535295
325.156036, -2.717597, 1.375386
329.870636, -1.412114, 0.125987
334.575226, -1.115419, 1.932764
339.289825, -2.718735, -0.530346
344.004425, -2.678158, 1.392981
348.719025, -1.435389, 0.102696
353.433624, -1.088710, 1.938486
358.138214, -2.727442, -0.537276
362.852814, -2.723888, 1.374757
367.567413, -1.410856, 0.125559
372.282013, -1.101161, 1.931887
376.986603, -2.716949, -0.531545
381.701202, -2.678780, 1.394684
386.415802, -1.437239, 0.099133
391.130402, -1.092491, 1.939112
395.845001, -2.732213, -0.532608
400.549591, -2.730350, 1.374066
405.264191, -1.409533, 0.125261
409.978790, -1.106216, 1.931628
414.693390, -2.720414, -0.526000
419.397980, -2.679363, 1.396392
424.112579, -1.439128, 0.095553
428.827179, -1.096255, 1.939750
433.541779, -2.731703, -0.534644
438.256378, -2.723295, 1.370442
442.960968, -1.408153, 0.125076
447.675568, -1.111274, 1.931346
452.390167, -2.718626, -0.527192
457.104767, -2.666008, 1.395630
461.809357, -1.441010, 0.091977
466.523956, -1.099997, 1.940386
471.238556, -2.731196, -0.536682
475.953156, -2.730003, 1.369650
480.667755, -1.405450, 0.134124
485.372345, -1.116284, 1.931072
490.086945, -2.716877, -0.528411
494.801544, -2.666789, 1.397260
499.516144, -1.441797, 0.097909
504.220734, -1.103801, 1.940983
508.935333, -2.730646, -0.538691
513.649902, -2.736490, 1.368992
518.364502, -1.404248, 0.133810
523.079102, -1.102005, 1.930232
527.783691, -2.715158, -0.529682
532.498291, -2.667836, 1.398798
537.212891, -1.443466, 0.094520
541.927490, -1.088316, 1.940849
546.642090, -2.735343, -0.534019
551.346680, -2.742738, 1.368417
556.061279, -1.403171, 0.133428
560.775879, -1.106886, 1.930059
565.490479, -2.718767, -0.524237
570.195068, -2.669192, 1.400178
574.909668, -1.444908, 0.091340
579.624268, -1.092252, 1.941379
584.338867, -2.734669, -0.535941
589.053467, -2.734962, 1.365050
593.758057, -1.402285, 0.132851
598.472656, -1.111710, 1.929918
603.187256, -2.717212, -0.525580
607.901855, -2.656881, 1.399008
612.606445, -1.446141, 0.088328
617.321045, -1.096298, 1.941839
622.035645, -2.733880, -0.537795
626.750244, -2.740329, 1.364835
631.464844, -1.400236, 0.141134
636.169434, -1.116461, 1.929826
640.884033, -2.715716, -0.526968
645.598633, -2.658837, 1.400126
650.313232, -1.446242, 0.094894
655.017822, -1.100434, 1.942238
659.732422, -2.733005, -0.539589
664.447021, -2.745301, 1.364792
669.161621, -1.399791, 0.140034
673.876221, -1.101862, 1.929179
678.580811, -2.714294, -0.528404
683.295410, -2.661157, 1.401089
688.010010, -1.447085, 0.092209
692.724609, -1.085243, 1.941853
697.429199, -2.732039, -0.541325
702.143799, -2.749853, 1.364928
706.858398, -1.399542, 0.138702
711.572998, -1.106467, 1.929211
716.287598, -2.718168, -0.523135
720.992188, -2.663793, 1.401919
725.706787, -1.447716, 0.089683
730.421387, -1.089572, 1.942155
735.135986, -2.736334, -0.536357
739.840576, -2.753930, 1.365265
744.555176, -1.399494, 0.137099
749.269775, -1.111054, 1.929269
753.984375, -2.716852, -0.524643
758.698975, -2.652591, 1.400293
763.403564, -1.448232, 0.087244
768.118164, -1.093982, 1.942405
772.832764, -2.735189, -0.537958
777.547363, -2.743905, 1.362773
782.251953, -1.399632, 0.135247
786.966553, -1.115560, 1.929362
791.681152, -2.715608, -0.526181
796.395752, -2.655661, 1.400917
801.110352, -1.447612, 0.094417
805.814941, -1.098414, 1.942606
810.529541, -2.734020, -0.539559
815.244141, -2.747470, 1.363313
819.958740, -1.398364, 0.142471
824.663330, -1.120089, 1.929452
829.377930, -2.714350, -0.527730
834.092529, -2.658758, 1.401542
838.807129, -1.447948, 0.092125
843.521729, -1.083475, 1.942060
848.226318, -2.732821, -0.541143
852.940918, -2.750899, 1.363912
857.655518, -1.398601, 0.140487
862.370117, -1.105328, 1.928983
867.074707, -2.713094, -0.529283
871.789307, -2.661880, 1.402160
876.503906, -1.448267, 0.089847
881.218506, -1.087956, 1.942275
885.933105, -2.736969, -0.536077
890.637695, -2.754287, 1.364530
895.352295, -1.398851, 0.138483
900.066895, -1.109848, 1.929109
904.781494, -2.717081, -0.524089
909.486084, -2.665022, 1.402772
914.200684, -1.448568, 0.087580
918.915283, -1.092439, 1.942477
923.629883, -2.735763, -0.537653
928.344482, -2.744030, 1.362144
933.049072, -1.399101, 0.136465
937.763672, -1.114360, 1.929228
942.478271, -2.715851, -0.525654
947.192871, -2.654205, 1.400980
951.907471, -1.447883, 0.094790
956.612061, -1.096949, 1.942657
961.326660, -2.734537, -0.539215
966.041260, -2.747311, 1.362801
970.755859, -1.397949, 0.143524
975.460449, -1.118870, 1.929344
980.175049, -2.714616, -0.527220
984.889648, -2.657408, 1.401560
989.604248, -1.448152, 0.092551
994.318848, -1.082034, 1.942084
