time,theta,omega
202.627914, 1.404274, -0.100462
207.345322, 1.230629, -1.873790
212.052734, 2.558133, 0.429106
216.770142, 2.100750, -1.635803
221.477554, 1.876632, 0.118148
226.194962, 1.086295, -1.982789
230.902374, 2.701568, 0.521265
235.619781, 2.669350, -1.374547
240.327194, 1.399480, -0.104552
245.044601, 1.233074, -1.872119
249.752014, 2.555612, 0.427413
254.469421, 2.091735, -1.639867
259.181671, 1.881612, 0.117152
263.896271, 1.101292, -1.977730
268.610870, 2.682960, 0.503165
273.315460, 2.593156, -1.410806
278.030060, 1.451365, -0.067774
282.744659, 1.217294, -1.884787
287.459259, 2.566247, 0.428711
292.163849, 2.144933, -1.618456
296.878448, 1.838685, 0.103115
301.593048, 1.099696, -1.974565
306.307648, 2.684544, 0.505839
311.022247, 2.592503, -1.404922
315.726837, 1.444058, -0.070218
320.441437, 1.226175, -1.882152
325.156036, 2.561098, 0.427973
329.870636, 2.118421, -1.625287
334.575226, 1.850949, 0.110390
339.289825, 1.105734, -1.975879
344.004425, 2.682874, 0.507344
348.719025, 2.594098, -1.406095
353.433624, 1.444686, -0.076753
358.138214, 1.229831, -1.882557
362.852814, 2.560781, 0.430159
367.567413, 2.124491, -1.624136
372.282013, 1.849700, 0.101836
376.986603, 1.110082, -1.975896
381.701202, 2.681806, 0.509000
386.415802, 2.597779, -1.406347
391.130402, 1.444568, -0.074725
395.845001, 1.215565, -1.882500
400.549591, 2.559621, 0.431827
405.264191, 2.127707, -1.624308
409.978790, 1.849970, 0.104388
414.693390, 1.094985, -1.975279
419.397980, 2.680595, 0.510605
424.112579, 2.600916, -1.406847
428.827179, 1.444859, -0.072433
433.541779, 1.219882, -1.882536
438.256378, 2.562945, 0.426025
442.960968, 2.131720, -1.624112
447.675568, 1.849537, 0.106668
452.390167, 1.099560, -1.975475
457.104767, 2.684486, 0.505280
461.809357, 2.604276, -1.407250
466.523956, 1.444974, -0.070249
471.238556, 1.224317, -1.882499
475.953156, 2.561923, 0.427780
480.667755, 2.119133, -1.624468
485.372345, 1.849414, 0.109072
490.086945, 1.104176, -1.975688
494.801544, 2.683311, 0.506903
499.516144, 2.593490, -1.405817
504.220734, 1.445153, -0.068025
508.935333, 1.228706, -1.882476
513.649902, 2.560950, 0.429591
518.364502, 2.123059, -1.624336
523.079102, 1.850096, 0.101313
527.783691, 1.108841, -1.975873
532.498291, 2.682121, 0.508546
537.212891, 2.596813, -1.406257
541.927490, 1.444569, -0.075305
546.642090, 1.214328, -1.882517
551.346680, 2.559918, 0.431356
556.061279, 2.126749, -1.624293
560.775879, 1.849962, 0.103710
565.490479, 1.093700, -1.975216
570.195068, 2.680942, 0.510168
574.909668, 2.600097, -1.406691
579.624268, 1.444745, -0.073084
584.338867, 1.218729, -1.882510
589.053467, 2.563174, 0.425510
593.758057, 2.130536, -1.624205
598.472656, 1.849725, 0.106071
603.187256, 1.098311, -1.975429
607.901855, 2.684803, 0.504834
612.606445, 2.603369, -1.407133
617.321045, 1.444931, -0.070857
622.035645, 1.223110, -1.882502
626.750244, 2.562187, 0.427290
631.464844, 2.118077, -1.624500
636.169434, 1.849488, 0.108429
640.884033, 1.102919, -1.975633
645.598633, 2.683630, 0.506455
650.313232, 2.592574, -1.405705
655.017822, 1.445121, -0.068626
659.732422, 1.227490, -1.882490
664.447021, 2.561216, 0.429076
669.161621, 2.121915, -1.624387
673.876221, 1.850211, 0.100652
678.580811, 1.107526, -1.975823
683.295410, 2.682454, 0.508077
688.010010, 2.595860, -1.406137
692.724609, 1.444521, -0.075941
697.429199, 1.231892, -1.882455
702.143799, 2.560210, 0.430846
706.858398, 2.125667, -1.624315
711.572998, 1.850018, 0.103028
716.287598, 1.092376, -1.975152
720.992188, 2.681282, 0.509702
725.706787, 2.599169, -1.406559
730.421387, 1.444684, -0.073729
735.135986, 1.217456, -1.882514
739.840576, 2.559211, 0.432619
744.555176, 2.129459, -1.624225
749.269775, 1.849783, 0.105387
753.984375, 1.096996, -1.975363
758.698975, 2.685127, 0.504359
763.403564, 2.602379, -1.407026
768.118164, 1.444914, -0.071475
772.832764, 1.221806, -1.882517
777.547363, 2.562498, 0.426776
782.251953, 2.133263, -1.624117
786.966553, 1.849517, 0.107717
791.681152, 1.101555, -1.975571
796.395752, 2.683979, 0.505980
801.110352, 2.591632, -1.405568
805.814941, 1.445050, -0.069291
810.529541, 1.226209, -1.882489
815.244141, 2.561495, 0.428547
819.958740, 2.120752, -1.624437
824.663330, 1.849316, 0.110091
829.377930, 1.106165, -1.975773
834.092529, 2.682804, 0.507601
838.807129, 2.594891, -1.406010
843.521729, 1.444465, -0.076595
848.226318, 1.230593, -1.882468
852.940918, 2.560509, 0.430327
857.655518, 2.124575, -1.624332
862.370117, 1.850064, 0.102324
867.074707, 1.110773, -1.975956
871.789307, 2.681619, 0.509219
876.503906, 2.598151, -1.406455
881.218506, 1.444667, -0.074360
885.933105, 1.216150, -1.882526
890.637695, 2.559524, 0.432108
895.352295, 2.128407, -1.624221
900.066895, 1.849795, 0.104671
904.781494, 1.095623, -1.975300
909.486084, 2.680442, 0.510842
914.200684, 2.601449, -1.406883
918.915283, 1.444836, -0.072145
923.629883, 1.220543, -1.882517
928.344482, 2.562783, 0.426265
933.049072, 2.132185, -1.624137
937.763672, 1.849568, 0.107033
942.478271, 1.100230, -1.975512
947.192871, 2.684309, 0.505510
951.907471, 2.590666, -1.405454
956.612061, 1.445022, -0.069917
961.326660, 1.224931, -1.882503
966.041260, 2.561784, 0.428038
970.755859, 2.119691, -1.624449
975.460449, 1.849363, 0.109404
980.175049, 1.104841, -1.975714
984.889648, 2.683135, 0.507132
989.604248, 2.593929, -1.405894
994.318848, 1.444427, -0.077227
