time,theta,omega
202.627914, 2.167387, 0.227568
207.345322, 1.557571, -1.796163
212.052734, 2.169441, 0.228395
216.770142, 1.559633, -1.795491
221.477554, 2.167857, 0.227681
226.194962, 1.557887, -1.796026
230.902374, 2.169117, 0.228170
235.619781, 1.559117, -1.795616
240.327194, 2.168149, 0.227717
245.044601, 1.558025, -1.795942
249.752014, 2.168918, 0.227999
254.469421, 1.558743, -1.795696
259.181671, 2.165538, 0.223675
263.896271, 1.568477, -1.790009
268.610870, 2.153410, 0.214218
273.315460, 1.565564, -1.793430
278.030060, 2.161832, 0.223504
282.744659, 1.567219, -1.790924
287.459259, 2.155661, 0.216361
292.163849, 1.570101, -1.792542
296.878448, 2.159760, 0.223838
301.593048, 1.567473, -1.791376
306.307648, 2.156780, 0.218033
311.022247, 1.555612, -1.793076
315.726837, 2.158492, 0.224511
320.441437, 1.568540, -1.791568
325.156036, 2.157290, 0.219451
329.870636, 1.558460, -1.792720
334.575226, 2.157680, 0.225375
339.289825, 1.570083, -1.791610
344.004425, 2.157445, 0.220718
348.719025, 1.560953, -1.792471
353.433624, 2.159294, 0.216935
358.138214, 1.571865, -1.791575
362.852814, 2.157418, 0.221910
367.567413, 1.563274, -1.792274
372.282013, 2.158874, 0.217963
376.986603, 1.573786, -1.791499
381.701202, 2.157297, 0.223062
386.415802, 1.565511, -1.792095
391.130402, 2.158505, 0.219004
395.845001, 1.557822, -1.792499
400.549591, 2.157126, 0.224189
405.264191, 1.567655, -1.791952
409.978790, 2.158214, 0.220085
414.693390, 1.559864, -1.792391
419.397980, 2.156910, 0.225299
424.112579, 1.569791, -1.791810
428.827179, 2.157929, 0.221169
433.541779, 1.561914, -1.792280
438.256378, 2.158849, 0.216997
442.960968, 1.571899, -1.791673
447.675568, 2.157665, 0.222260
452.390167, 1.564003, -1.792155
457.104767, 2.158598, 0.218095
461.809357, 1.573995, -1.791541
466.523956, 2.157403, 0.223355
471.238556, 1.566080, -1.792034
475.953156, 2.158357, 0.219199
480.667755, 1.558160, -1.792506
485.372345, 2.157153, 0.224453
490.086945, 1.568175, -1.791902
494.801544, 2.158107, 0.220295
499.516144, 1.560259, -1.792380
504.220734, 2.156883, 0.225546
508.935333, 1.570263, -1.791773
513.649902, 2.157874, 0.221423
518.364502, 1.562422, -1.792247
523.079102, 2.158776, 0.217255
527.783691, 1.572390, -1.791644
532.498291, 2.157606, 0.222525
537.212891, 1.564497, -1.792126
541.927490, 2.158546, 0.218360
546.642090, 1.556573, -1.792597
551.346680, 2.157337, 0.223616
556.061279, 1.566584, -1.791999
560.775879, 2.158293, 0.219458
565.490479, 1.558661, -1.792474
570.195068, 2.157084, 0.224713
574.909668, 1.568677, -1.791872
579.624268, 2.158043, 0.220555
584.338867, 1.560751, -1.792352
589.053467, 2.158994, 0.216397
593.758057, 1.570767, -1.791742
598.472656, 2.157790, 0.221652
603.187256, 1.562839, -1.792227
607.901855, 2.158748, 0.217497
612.606445, 1.572857, -1.791609
617.321045, 2.157537, 0.222750
622.035645, 1.564936, -1.792101
626.750244, 2.158492, 0.218593
631.464844, 1.557010, -1.792573
636.169434, 2.157293, 0.223851
640.884033, 1.567027, -1.791974
645.598633, 2.158242, 0.219692
650.313232, 1.559110, -1.792448
655.017822, 2.157027, 0.224943
659.732422, 1.569113, -1.791846
664.447021, 2.157995, 0.220792
669.161621, 1.561199, -1.792324
673.876221, 2.158939, 0.216630
678.580811, 1.571197, -1.791718
683.295410, 2.157749, 0.221890
688.010010, 1.563289, -1.792201
692.724609, 2.158693, 0.217728
697.429199, 1.573302, -1.791582
702.143799, 2.157487, 0.222983
706.858398, 1.565370, -1.792077
711.572998, 2.158450, 0.218831
716.287598, 1.557462, -1.792545
720.992188, 2.157228, 0.224080
725.706787, 1.567467, -1.791946
730.421387, 2.158190, 0.219925
735.135986, 1.559551, -1.792424
739.840576, 2.156981, 0.225180
744.555176, 1.569566, -1.791817
749.269775, 2.157942, 0.221023
753.984375, 1.561642, -1.792299
758.698975, 2.158888, 0.216863
763.403564, 1.571646, -1.791688
768.118164, 2.157692, 0.222122
772.832764, 1.563717, -1.792170
777.547363, 2.158625, 0.217941
782.251953, 1.573689, -1.791564
786.966553, 2.157453, 0.223210
791.681152, 1.565810, -1.792045
796.395752, 2.158389, 0.219043
801.110352, 1.557873, -1.792522
805.814941, 2.157177, 0.224300
810.529541, 1.567887, -1.791920
815.244141, 2.158140, 0.220144
819.958740, 1.559961, -1.792401
824.663330, 2.156934, 0.225398
829.377930, 1.569980, -1.791790
834.092529, 2.157887, 0.221240
838.807129, 1.562051, -1.792276
843.521729, 2.158846, 0.217087
848.226318, 1.572075, -1.791661
852.940918, 2.157632, 0.222338
857.655518, 1.564137, -1.792153
862.370117, 2.158594, 0.218184
867.074707, 1.574164, -1.791525
871.789307, 2.157376, 0.223434
876.503906, 1.566231, -1.792024
881.218506, 2.158345, 0.219283
885.933105, 1.558323, -1.792495
890.637695, 2.157124, 0.224531
895.352295, 1.568317, -1.791896
900.066895, 2.158099, 0.220380
904.781494, 1.560419, -1.792371
909.486084, 2.156864, 0.225626
914.200684, 1.570413, -1.791766
918.915283, 2.157845, 0.221478
923.629883, 1.562511, -1.792246
928.344482, 2.158785, 0.217314
933.049072, 1.572507, -1.791633
937.763672, 2.157588, 0.222572
942.478271, 1.564593, -1.792121
947.192871, 2.158537, 0.218414
951.907471, 1.556670, -1.792594
956.612061, 2.157329, 0.223669
961.326660, 1.566689, -1.791992
966.041260, 2.158273, 0.219507
970.755859, 1.558747, -1.792474
975.460449, 2.157084, 0.224770
980.175049, 1.568788, -1.791861
984.889648, 2.158024, 0.220606
989.604248, 1.560845, -1.792348
994.318848, 2.158984, 0.216451
