time,theta,omega
202.627914, 1.682612, 0.039602
207.345322, 1.037296, -1.980993
212.052734, 2.763935, 0.559936
216.770142, 2.923067, -1.284518
221.477554, 1.385222, -0.255437
226.194962, 1.097708, -1.920987
230.902374, 2.697379, 0.513762
235.619781, 2.599233, -1.415957
240.327194, 1.470155, -0.064153
245.044601, 1.126969, -1.925798
249.752014, 2.679370, 0.504332
254.469421, 2.524851, -1.449067
259.181671, 1.525264, -0.034822
263.896271, 1.110877, -1.937308
268.610870, 2.688816, 0.504161
273.315460, 2.571941, -1.431041
278.030060, 1.490419, -0.052232
282.744659, 1.131559, -1.926844
287.459259, 2.671145, 0.494047
292.163849, 2.500646, -1.463975
296.878448, 1.549288, -0.019838
301.593048, 1.104110, -1.944193
306.307648, 2.698209, 0.512600
311.022247, 2.607536, -1.409052
315.726837, 1.455935, -0.071439
320.441437, 1.154871, -1.916061
325.156036, 2.652480, 0.484578
329.870636, 2.416608, -1.496443
334.575226, 1.611148, 0.011362
339.289825, 1.082393, -1.960561
344.004425, 2.721733, 0.530334
348.719025, 2.723490, -1.361240
353.433624, 1.385869, -0.137211
358.138214, 1.194253, -1.894445
362.852814, 2.618193, 0.465339
367.567413, 2.288415, -1.557979
372.282013, 1.727769, 0.052625
376.986603, 1.056108, -1.984902
381.701202, 2.751488, 0.552885
386.415802, 2.876717, -1.302336
391.130402, 1.359952, -0.229839
395.845001, 1.151500, -1.898852
400.549591, 2.638222, 0.479005
405.264191, 2.372025, -1.520764
409.978790, 1.656393, 0.025576
414.693390, 1.056765, -1.970380
419.397980, 2.733837, 0.543153
424.112579, 2.799007, -1.334443
428.827179, 1.361114, -0.174587
433.541779, 1.187370, -1.889297
438.256378, 2.616191, 0.458341
442.960968, 2.278040, -1.566349
447.675568, 1.743360, 0.063750
452.390167, 1.043434, -1.986889
457.104767, 2.756889, 0.551173
461.809357, 2.895271, -1.299533
466.523956, 1.364918, -0.234263
471.238556, 1.150762, -1.902517
475.953156, 2.648836, 0.480055
480.667755, 2.395979, -1.505512
485.372345, 1.628206, 0.018200
490.086945, 1.074930, -1.964564
494.801544, 2.727971, 0.533771
499.516144, 2.750194, -1.349609
504.220734, 1.375033, -0.144810
508.935333, 1.196692, -1.891303
513.649902, 2.614621, 0.462355
518.364502, 2.272390, -1.564994
523.079102, 1.741268, 0.057405
527.783691, 1.053028, -1.987053
532.498291, 2.753976, 0.553992
537.212891, 2.886686, -1.298035
541.927490, 1.363040, -0.237668
546.642090, 1.142067, -1.901825
551.346680, 2.645421, 0.482698
556.061279, 2.398388, -1.508042
560.775879, 1.632344, 0.014649
565.490479, 1.063116, -1.964988
570.195068, 2.726812, 0.537800
574.909668, 2.762892, -1.348422
579.624268, 1.371776, -0.153403
584.338867, 1.187099, -1.890729
589.053467, 2.616483, 0.458071
593.758057, 2.277477, -1.566127
598.472656, 1.743006, 0.062942
603.187256, 1.042198, -1.986750
607.901855, 2.757188, 0.550716
612.606445, 2.894184, -1.299368
617.321045, 1.364673, -0.234639
622.035645, 1.149745, -1.902423
626.750244, 2.648970, 0.479496
631.464844, 2.394337, -1.505776
636.169434, 1.628797, 0.017815
640.884033, 1.073467, -1.964642
645.598633, 2.728510, 0.533475
650.313232, 2.750279, -1.349028
655.017822, 1.374569, -0.145950
659.732422, 1.195544, -1.891221
664.447021, 2.614809, 0.461797
669.161621, 2.270901, -1.565187
673.876221, 1.741699, 0.056882
678.580811, 1.051645, -1.987043
683.295410, 2.754405, 0.553598
688.010010, 2.886146, -1.297644
692.724609, 1.362993, -0.238467
697.429199, 1.159543, -1.902199
702.143799, 2.645964, 0.482355
706.858398, 2.398250, -1.507586
711.572998, 1.631575, 0.013644
716.287598, 1.062058, -1.964742
720.992188, 2.726920, 0.537183
725.706787, 2.760791, -1.348704
730.421387, 1.372119, -0.153288
735.135986, 1.185765, -1.890812
739.840576, 2.612295, 0.464965
744.555176, 2.276757, -1.565958
749.269775, 1.742740, 0.062140
753.984375, 1.040907, -1.986619
758.698975, 2.757513, 0.550246
763.403564, 2.893091, -1.299181
768.118164, 1.364435, -0.235070
772.832764, 1.148628, -1.902333
777.547363, 2.649144, 0.478911
782.251953, 2.407750, -1.506799
786.966553, 1.629343, 0.017361
791.681152, 1.071948, -1.964699
796.395752, 2.729038, 0.533128
801.110352, 2.750136, -1.348503
805.814941, 1.374161, -0.147036
810.529541, 1.194309, -1.891146
815.244141, 2.615051, 0.461245
819.958740, 2.269528, -1.565312
824.663330, 1.741440, 0.066433
829.377930, 1.050265, -1.987003
834.092529, 2.754807, 0.553170
838.807129, 2.885364, -1.297329
843.521729, 1.362860, -0.239130
848.226318, 1.158149, -1.902216
852.940918, 2.646366, 0.481908
857.655518, 2.397494, -1.507402
862.370117, 1.631340, 0.012847
867.074707, 1.080435, -1.965576
871.789307, 2.727216, 0.536677
876.503906, 2.759522, -1.348636
881.218506, 1.372141, -0.153704
885.933105, 1.184433, -1.890832
890.637695, 2.612653, 0.464488
895.352295, 2.275823, -1.565877
900.066895, 1.742654, 0.061392
904.781494, 1.039556, -1.986514
909.486084, 2.752373, 0.556313
914.200684, 2.892107, -1.298939
918.915283, 1.364235, -0.235593
923.629883, 1.147427, -1.902283
928.344482, 2.649389, 0.478391
933.049072, 2.406447, -1.506877
937.763672, 1.629603, 0.016798
942.478271, 1.070536, -1.964695
947.192871, 2.729482, 0.532738
951.907471, 2.749651, -1.348129
956.612061, 1.373894, -0.147894
961.326660, 1.193067, -1.891108
966.041260, 2.615324, 0.460730
970.755859, 2.268352, -1.565356
975.460449, 1.741592, 0.065799
980.175049, 1.048919, -1.986945
984.889648, 2.755193, 0.552744
989.604248, 2.884569, -1.297035
994.318848, 1.362727, -0.239757
