time,theta,omega
202.627914, 2.183161, 0.237152
207.345322, 1.531362, -1.817093
212.052734, 2.216230, 0.251626
216.770142, 1.570943, -1.804044
221.477554, 2.186143, 0.238363
226.194962, 1.534582, -1.816022
230.902374, 2.213704, 0.250422
235.619781, 1.567574, -1.805141
240.327194, 2.188620, 0.239357
245.044601, 1.537255, -1.815123
249.752014, 2.211590, 0.249401
254.469421, 1.564751, -1.806051
259.181671, 2.187851, 0.236087
263.896271, 1.549559, -1.808671
268.610870, 2.194618, 0.234720
273.315460, 1.566567, -1.805824
278.030060, 2.188070, 0.237629
282.744659, 1.552507, -1.808264
287.459259, 2.193705, 0.235523
292.163849, 1.567922, -1.805948
296.878448, 2.188368, 0.238963
301.593048, 1.555267, -1.807935
306.307648, 2.192942, 0.236393
311.022247, 1.551393, -1.807030
315.726837, 2.188527, 0.240237
320.441437, 1.557883, -1.807650
325.156036, 2.192282, 0.237310
329.870636, 1.553039, -1.807068
334.575226, 2.188597, 0.241472
339.289825, 1.560386, -1.807403
344.004425, 2.191716, 0.238266
348.719025, 1.554805, -1.807066
353.433624, 2.190913, 0.233356
358.138214, 1.562797, -1.807182
362.852814, 2.191215, 0.239252
367.567413, 1.556650, -1.807034
372.282013, 2.190845, 0.234530
376.986603, 1.565130, -1.806986
381.701202, 2.190768, 0.240262
386.415802, 1.558565, -1.806972
391.130402, 2.190710, 0.235668
395.845001, 1.549296, -1.807832
400.549591, 2.190386, 0.241291
405.264191, 1.560527, -1.806905
409.978790, 2.190558, 0.236806
414.693390, 1.551544, -1.807673
419.397980, 2.190001, 0.242330
424.112579, 1.562512, -1.806824
428.827179, 2.190384, 0.237933
433.541779, 1.553758, -1.807525
438.256378, 2.191981, 0.234069
442.960968, 1.564512, -1.806738
447.675568, 2.190189, 0.239054
452.390167, 1.555961, -1.807378
457.104767, 2.191643, 0.235125
461.809357, 1.566547, -1.806639
466.523956, 2.189979, 0.240165
471.238556, 1.558141, -1.807235
475.953156, 2.191314, 0.236187
480.667755, 1.550502, -1.807562
485.372345, 2.189753, 0.241271
490.086945, 1.560310, -1.807097
494.801544, 2.191004, 0.237256
499.516144, 1.552574, -1.807460
504.220734, 2.189507, 0.242369
508.935333, 1.562443, -1.806968
513.649902, 2.190730, 0.238364
518.364502, 1.554734, -1.807341
523.079102, 2.191560, 0.234173
527.783691, 1.564604, -1.806844
532.498291, 2.190431, 0.239447
537.212891, 1.556812, -1.807236
541.927490, 2.191316, 0.235270
546.642090, 1.548663, -1.807724
551.346680, 2.190137, 0.240523
556.061279, 1.558897, -1.807125
560.775879, 2.191066, 0.236364
565.490479, 1.550788, -1.807606
570.195068, 2.189852, 0.241602
574.909668, 1.560993, -1.807010
579.624268, 2.190804, 0.237455
584.338867, 1.552914, -1.807486
589.053467, 2.191891, 0.233368
593.758057, 1.563079, -1.806895
598.472656, 2.190550, 0.238548
603.187256, 1.555042, -1.807363
607.901855, 2.191614, 0.234451
612.606445, 1.565184, -1.806774
617.321045, 2.190277, 0.239634
622.035645, 1.557152, -1.807247
626.750244, 2.191342, 0.235536
631.464844, 1.549214, -1.807665
636.169434, 2.189999, 0.240718
640.884033, 1.559258, -1.807127
645.598633, 2.191070, 0.236623
650.313232, 1.551316, -1.807553
655.017822, 2.189735, 0.241806
659.732422, 1.561381, -1.807003
664.447021, 2.190792, 0.237705
669.161621, 1.553417, -1.807443
673.876221, 2.191796, 0.233582
678.580811, 1.563493, -1.806881
683.295410, 2.190512, 0.238788
688.010010, 1.555518, -1.807330
692.724609, 2.191530, 0.234670
697.429199, 1.565598, -1.806758
702.143799, 2.190243, 0.239875
706.858398, 1.557633, -1.807209
711.572998, 2.191256, 0.235755
716.287598, 1.549616, -1.807658
720.992188, 2.189983, 0.240965
725.706787, 1.559741, -1.807091
730.421387, 2.190987, 0.236842
735.135986, 1.551737, -1.807539
739.840576, 2.189688, 0.242042
744.555176, 1.561841, -1.806972
749.269775, 2.190729, 0.237932
753.984375, 1.553856, -1.807421
758.698975, 2.191744, 0.233815
763.403564, 1.563949, -1.806851
768.118164, 2.190450, 0.239015
772.832764, 1.555943, -1.807301
777.547363, 2.191471, 0.234884
782.251953, 1.566009, -1.806737
786.966553, 2.190198, 0.240094
791.681152, 1.558058, -1.807184
796.395752, 2.191195, 0.235969
801.110352, 1.550032, -1.807637
805.814941, 2.189928, 0.241181
810.529541, 1.560175, -1.807062
815.244141, 2.190921, 0.237053
819.958740, 1.552134, -1.807525
824.663330, 2.189652, 0.242267
829.377930, 1.562283, -1.806941
834.092529, 2.190652, 0.238139
838.807129, 1.554248, -1.807406
843.521729, 2.191716, 0.234040
848.226318, 1.564386, -1.806821
852.940918, 2.190379, 0.239226
857.655518, 1.556362, -1.807289
862.370117, 2.191442, 0.235128
867.074707, 1.566491, -1.806700
871.789307, 2.190107, 0.240311
876.503906, 1.558476, -1.807169
881.218506, 2.191161, 0.236209
885.933105, 1.550516, -1.807599
890.637695, 2.189840, 0.241399
895.352295, 1.560583, -1.807049
900.066895, 2.190893, 0.237296
904.781494, 1.552623, -1.807486
909.486084, 2.189561, 0.242482
914.200684, 1.562698, -1.806930
918.915283, 2.190621, 0.238382
923.629883, 1.554728, -1.807372
928.344482, 2.191627, 0.234261
933.049072, 1.564804, -1.806804
937.763672, 2.190339, 0.239464
942.478271, 1.556830, -1.807255
947.192871, 2.191364, 0.235349
951.907471, 1.548835, -1.807696
956.612061, 2.190068, 0.240551
961.326660, 1.558951, -1.807133
966.041260, 2.191092, 0.236435
970.755859, 1.550943, -1.807582
975.460449, 2.189789, 0.241635
980.175049, 1.561047, -1.807019
984.889648, 2.190824, 0.237523
989.604248, 1.553055, -1.807467
994.318848, 2.191849, 0.233409
