time,theta,omega
202.627914, 1.953340, 0.130254
207.345322, 1.660455, -1.682585
212.052734, 1.953348, 0.130215
216.770142, 1.660384, -1.682593
221.477554, 1.953353, 0.130174
226.194962, 1.660319, -1.682595
230.902374, 1.953359, 0.130131
235.619781, 1.660238, -1.682609
240.327194, 1.953371, 0.130093
245.044601, 1.660172, -1.682613
249.752014, 1.953374, 0.130051
254.469421, 1.660105, -1.682620
259.181671, 1.950750, 0.126316
263.896271, 1.672291, -1.675604
268.610870, 1.936964, 0.117357
273.315460, 1.679155, -1.674018
278.030060, 1.937409, 0.123062
282.744659, 1.671784, -1.674854
287.459259, 1.937964, 0.118705
292.163849, 1.681147, -1.673949
296.878448, 1.937308, 0.124247
301.593048, 1.673757, -1.674664
306.307648, 1.937817, 0.119860
311.022247, 1.666342, -1.675376
315.726837, 1.937170, 0.125405
320.441437, 1.675709, -1.674478
325.156036, 1.937687, 0.121019
329.870636, 1.668310, -1.675185
334.575226, 1.937016, 0.126557
339.289825, 1.677653, -1.674292
344.004425, 1.937554, 0.122180
348.719025, 1.670267, -1.674997
353.433624, 1.938049, 0.117786
358.138214, 1.679615, -1.674096
362.852814, 1.937411, 0.123334
367.567413, 1.672210, -1.674816
372.282013, 1.937932, 0.118950
376.986603, 1.681569, -1.673906
381.701202, 1.937276, 0.124491
386.415802, 1.674176, -1.674618
391.130402, 1.937776, 0.120094
395.845001, 1.666750, -1.675332
400.549591, 1.937140, 0.125641
405.264191, 1.676114, -1.674438
409.978790, 1.937654, 0.121257
414.693390, 1.668707, -1.675148
419.397980, 1.936996, 0.126796
424.112579, 1.678062, -1.674248
428.827179, 1.937522, 0.122415
433.541779, 1.670658, -1.674965
438.256378, 1.938036, 0.118029
442.960968, 1.680019, -1.674056
447.675568, 1.937382, 0.123572
452.390167, 1.672620, -1.674773
457.104767, 1.937893, 0.119184
461.809357, 1.681966, -1.673866
466.523956, 1.937249, 0.124731
471.238556, 1.674578, -1.674586
475.953156, 1.937759, 0.120343
480.667755, 1.667171, -1.675292
485.372345, 1.937102, 0.125884
490.086945, 1.676512, -1.674404
494.801544, 1.937642, 0.121506
499.516144, 1.669132, -1.675107
504.220734, 1.936960, 0.127041
508.935333, 1.678484, -1.674205
513.649902, 1.937507, 0.122687
518.364502, 1.671128, -1.674919
523.079102, 1.937995, 0.118303
527.783691, 1.680477, -1.674012
532.498291, 1.937352, 0.123849
537.212891, 1.673078, -1.674732
541.927490, 1.937871, 0.119464
546.642090, 1.665675, -1.675436
551.346680, 1.937216, 0.125007
556.061279, 1.675034, -1.674544
560.775879, 1.937736, 0.120623
565.490479, 1.667633, -1.675250
570.195068, 1.937070, 0.126162
574.909668, 1.676993, -1.674352
579.624268, 1.937592, 0.121778
584.338867, 1.669592, -1.675063
589.053467, 1.938099, 0.117389
593.758057, 1.678952, -1.674157
598.472656, 1.937457, 0.122935
603.187256, 1.671543, -1.674877
607.901855, 1.937975, 0.118549
612.606445, 1.680891, -1.673975
617.321045, 1.937326, 0.124095
622.035645, 1.673497, -1.674691
626.750244, 1.937835, 0.119707
631.464844, 1.666094, -1.675395
636.169434, 1.937182, 0.125251
640.884033, 1.675449, -1.674502
645.598633, 1.937700, 0.120867
650.313232, 1.668046, -1.675210
655.017822, 1.937043, 0.126407
659.732422, 1.677402, -1.674313
664.447021, 1.937573, 0.122028
669.161621, 1.670007, -1.675024
673.876221, 1.938076, 0.117636
678.580811, 1.679354, -1.674123
683.295410, 1.937432, 0.123183
688.010010, 1.671952, -1.674841
692.724609, 1.937945, 0.118797
697.429199, 1.681320, -1.673927
702.143799, 1.937283, 0.124335
706.858398, 1.673915, -1.674649
711.572998, 1.937809, 0.119954
716.287598, 1.666513, -1.675354
720.992188, 1.937144, 0.125494
725.706787, 1.675861, -1.674462
730.421387, 1.937677, 0.121113
735.135986, 1.668463, -1.675174
739.840576, 1.937008, 0.126653
744.555176, 1.677813, -1.674276
749.269775, 1.937546, 0.122272
753.984375, 1.670422, -1.674984
758.698975, 1.938042, 0.117881
763.403564, 1.679764, -1.674085
768.118164, 1.937412, 0.123430
772.832764, 1.672359, -1.674797
777.547363, 1.937906, 0.119023
782.251953, 1.681684, -1.673898
786.966553, 1.937273, 0.124574
791.681152, 1.674300, -1.674615
796.395752, 1.937786, 0.120185
801.110352, 1.666897, -1.675321
805.814941, 1.937124, 0.125728
810.529541, 1.676258, -1.674423
815.244141, 1.937640, 0.121342
819.958740, 1.668850, -1.675135
824.663330, 1.936986, 0.126883
829.377930, 1.678204, -1.674236
834.092529, 1.937515, 0.122502
838.807129, 1.670810, -1.674948
843.521729, 1.938018, 0.118112
848.226318, 1.680159, -1.674045
852.940918, 1.937376, 0.123660
857.655518, 1.672767, -1.674760
862.370117, 1.937886, 0.119270
867.074707, 1.682111, -1.673853
871.789307, 1.937245, 0.124817
876.503906, 1.674718, -1.674573
881.218506, 1.937747, 0.120430
885.933105, 1.667314, -1.675279
890.637695, 1.937096, 0.125972
895.352295, 1.676665, -1.674387
900.066895, 1.937630, 0.121591
904.781494, 1.669271, -1.675095
909.486084, 1.936955, 0.127128
914.200684, 1.678628, -1.674192
918.915283, 1.937476, 0.122744
923.629883, 1.671226, -1.674906
928.344482, 1.937990, 0.118358
933.049072, 1.680565, -1.674006
937.763672, 1.937350, 0.123905
942.478271, 1.673168, -1.674725
947.192871, 1.937865, 0.119521
951.907471, 1.665781, -1.675423
956.612061, 1.937202, 0.125061
961.326660, 1.675135, -1.674531
966.041260, 1.937718, 0.120676
970.755859, 1.667730, -1.675241
975.460449, 1.937065, 0.126217
980.175049, 1.677081, -1.674345
984.889648, 1.937592, 0.121835
989.604248, 1.669687, -1.675054
994.318848, 1.938092, 0.117445
