time,theta,omega
202.627914, -2.880538, 1.317780
207.345322, -1.387347, 0.217875
212.052734, -1.057595, 1.947223
216.770142, -2.781408, -0.564643
221.477554, -2.955143, 1.290782
226.194962, -1.428972, 0.265271
230.902374, -0.982469, 1.972859
235.619781, -2.844827, -0.605607
240.327194, 2.983897, 1.194407
245.044601, 2.536258, -0.954791
249.752014, 1.465923, -0.210203
254.469421, 0.969784, -1.977856
259.181671, 2.842841, 0.606948
263.896271, -2.984546, -1.188096
268.610870, -2.407339, 1.046658
273.315460, -1.487950, 0.132759
278.030060, -1.017460, 1.970131
282.744659, -2.805566, -0.582943
287.459259, -3.090791, 1.239611
292.163849, -1.768957, 0.271918
296.878448, -0.715128, 2.068345
301.593048, -3.056521, -0.753816
306.307648, 1.232845, 1.582548
311.022247, 2.113714, -1.560159
315.726837, 1.865430, 0.104866
320.441437, 0.978327, -2.030538
325.156036, 2.856992, 0.621961
329.870636, -2.885993, -1.169500
334.575226, -0.598249, 1.939436
339.289825, -3.101545, -0.769122
344.004425, 0.681778, 1.809184
348.719025, 2.303270, -1.405448
353.433624, 1.668709, 0.007040
358.138214, 0.985150, -2.005535
362.852814, 2.844185, 0.613057
367.567413, -2.958678, -1.184356
372.282013, -1.972821, 1.346264
376.986603, -1.857737, -0.073087
381.701202, -0.955163, 2.035563
386.415802, -2.875921, -0.635339
391.130402, 2.765905, 1.156527
395.845001, -1.024403, -1.668353
400.549591, -2.170779, 1.514909
405.264191, -1.813819, -0.078984
409.978790, -0.965492, 2.026033
414.693390, -2.862736, -0.622978
419.397980, 2.852182, 1.172917
424.112579, 0.189693, -1.969893
428.827179, -2.864322, 0.993197
433.541779, -1.746766, 0.273664
438.256378, -0.716374, 2.061534
442.960968, -3.042191, -0.747409
447.675568, 1.371774, 1.523239
452.390167, 2.112049, -1.577723
457.104767, 1.879879, 0.105800
461.809357, 0.990173, -2.031791
466.523956, 2.851962, 0.622625
471.238556, -2.897024, -1.175013
475.953156, -0.858090, 1.877795
480.667755, -2.880571, -0.613527
485.372345, 2.812607, 1.167491
490.086945, -0.397844, -1.891539
494.801544, -2.461686, 1.288117
499.516144, -1.523888, 0.070076
504.220734, -1.036619, 1.973276
508.935333, -2.796458, -0.581784
513.649902, -3.061563, 1.252272
518.364502, -1.641050, 0.297179
523.079102, -0.768463, 2.040527
527.783691, -2.998339, -0.716467
532.498291, 1.841835, 1.319975
537.212891, 2.304198, -1.524808
541.927490, 1.724939, 0.045711
546.642090, 0.966598, -2.012091
551.346680, 2.847545, 0.617779
556.061279, -2.928519, -1.180547
560.775879, -1.447917, 1.648856
565.490479, -2.359217, -0.301847
570.195068, -1.465096, 1.927298
574.909668, -2.485409, -0.406477
579.624268, -1.826791, 1.781133
584.338867, -2.172040, -0.241857
589.053467, -1.182990, 2.003189
593.758057, -2.695437, -0.528490
598.472656, -2.597106, 1.430458
603.187256, -1.495956, 0.060256
607.901855, -1.048679, 1.960804
612.606445, -2.770808, -0.566626
617.321045, -2.934233, 1.296031
622.035645, -1.412303, 0.254735
626.750244, -1.008399, 1.959286
631.464844, -2.804948, -0.577895
636.169434, -3.081670, 1.248584
640.884033, -1.699343, 0.287960
645.598633, -0.738808, 2.054200
650.313232, -3.032928, -0.733444
655.017822, 1.537972, 1.450974
659.732422, 2.141489, -1.581028
664.447021, 1.864542, 0.104021
669.161621, 0.973694, -2.029289
673.876221, 2.857257, 0.618745
678.580811, -2.889131, -1.176697
683.295410, -0.782085, 1.899422
688.010010, -2.947294, -0.660589
692.724609, 2.366877, 1.167956
697.429199, -3.060074, -1.196006
702.143799, 2.787754, 0.249222
706.858398, 2.199178, -1.620620
711.572998, 1.843117, 0.100067
716.287598, 0.971515, -2.025952
720.992188, 2.849804, 0.621497
725.706787, -2.907542, -1.177489
730.421387, -1.067983, 1.811917
735.135986, -2.700739, -0.499334
739.840576, -2.548437, 1.455638
744.555176, -1.538340, 0.031943
749.269775, -1.036439, 1.972557
753.984375, -2.792671, -0.574887
758.698975, -3.022000, 1.260338
763.403564, -1.551746, 0.294274
768.118164, -0.851807, 2.016771
772.832764, -2.940875, -0.671986
777.547363, 2.354394, 1.169908
782.251953, -3.095143, -1.204494
786.966553, 2.413200, 0.007767
791.681152, 1.097059, -2.049112
796.395752, 2.782043, 0.579253
801.110352, 2.997715, -1.268268
805.814941, 1.502089, -0.287996
810.529541, 0.901947, -1.999618
815.244141, 2.898974, 0.643743
819.958740, -2.643781, -1.149492
824.663330, 1.943941, 1.278399
829.377930, 2.404734, -1.486450
834.092529, 1.642791, 0.013762
838.807129, 0.990903, -1.997415
843.521729, 2.833083, 0.600343
848.226318, -3.035094, -1.205003
852.940918, 2.979110, 0.384279
857.655518, -3.130756, -1.230005
862.370117, 2.062476, -0.177797
867.074707, 0.729680, -2.100551
871.789307, 3.058111, 0.761678
876.503906, -1.152972, -1.621106
881.218506, -2.130460, 1.546138
885.933105, -1.850991, -0.090522
890.637695, -0.980537, 2.030033
895.352295, -2.857237, -0.624668
900.066895, 2.871792, 1.170242
904.781494, 0.398474, -1.958738
909.486084, -3.036227, 0.874020
914.200684, 2.588910, -0.920316
918.915283, 1.487127, -0.244162
923.629883, 0.941457, -1.986787
928.344482, 2.863889, 0.617744
933.049072, -2.865047, -1.174025
937.763672, -0.384266, 1.963165
942.478271, 3.013448, -0.885092
947.192871, -2.948293, 0.647707
951.907471, 1.084415, -1.806597
956.612061, 2.678777, 0.492236
961.326660, 2.462079, -1.491576
966.041260, 1.605534, -0.001698
970.755859, 1.001731, -1.988504
975.460449, 2.814678, 0.596084
980.175049, -3.113824, -1.222561
984.889648, 2.188993, -0.116739
989.604248, 0.796189, -2.096833
994.318848, 3.005666, 0.720353
