time,theta,omega
202.627914, 2.236963, 0.261555
207.345322, 1.589430, -1.800154
212.052734, 2.177614, 0.235251
216.770142, 1.515898, -1.824571
221.477554, 2.233588, 0.259950
226.194962, 1.584663, -1.801773
230.902374, 2.181179, 0.236718
235.619781, 1.519727, -1.823330
240.327194, 2.230607, 0.258527
245.044601, 1.580485, -1.803177
249.752014, 2.184307, 0.237992
254.469421, 1.523088, -1.822225
259.181671, 2.225133, 0.253140
263.896271, 1.586259, -1.798896
268.610870, 2.172255, 0.225558
273.315460, 1.532411, -1.819423
278.030060, 2.219591, 0.252086
282.744659, 1.581812, -1.801011
287.459259, 2.177014, 0.228827
292.163849, 1.540002, -1.817584
296.878448, 2.215182, 0.251333
301.593048, 1.578663, -1.802684
306.307648, 2.180773, 0.231670
311.022247, 1.528413, -1.817016
315.726837, 2.211526, 0.250920
320.441437, 1.576537, -1.803997
325.156036, 2.183745, 0.234168
329.870636, 1.534180, -1.815745
334.575226, 2.208499, 0.250785
339.289825, 1.575218, -1.805033
344.004425, 2.186092, 0.236397
348.719025, 1.539273, -1.814682
353.433624, 2.208381, 0.241623
358.138214, 1.574565, -1.805839
362.852814, 2.187934, 0.238405
367.567413, 1.543812, -1.813789
372.282013, 2.206277, 0.241894
376.986603, 1.574435, -1.806467
381.701202, 2.189363, 0.240235
386.415802, 1.547907, -1.813027
391.130402, 2.204490, 0.242300
395.845001, 1.556608, -1.807978
400.549591, 2.190487, 0.241924
405.264191, 1.551618, -1.812396
409.978790, 2.202994, 0.242848
414.693390, 1.557237, -1.808358
419.397980, 2.191334, 0.243500
424.112579, 1.555050, -1.811848
428.827179, 2.201712, 0.243489
433.541779, 1.558136, -1.808642
438.256378, 2.194330, 0.235681
442.960968, 1.558239, -1.811378
447.675568, 2.200632, 0.244214
452.390167, 1.559277, -1.808847
457.104767, 2.194799, 0.237092
461.809357, 1.561213, -1.810974
466.523956, 2.199692, 0.245006
471.238556, 1.560594, -1.808994
475.953156, 2.195128, 0.238441
480.667755, 1.545920, -1.811621
485.372345, 2.198872, 0.245850
490.086945, 1.562055, -1.809091
494.801544, 2.195351, 0.239744
499.516144, 1.548614, -1.811321
504.220734, 2.198148, 0.246737
508.935333, 1.563643, -1.809144
513.649902, 2.195498, 0.241034
518.364502, 1.551274, -1.811042
523.079102, 2.199873, 0.238404
527.783691, 1.565368, -1.809165
532.498291, 2.195523, 0.242260
537.212891, 1.553758, -1.810806
541.927490, 2.199315, 0.239362
546.642090, 1.549022, -1.810163
551.346680, 2.195516, 0.243462
556.061279, 1.556192, -1.810584
560.775879, 2.198796, 0.240339
565.490479, 1.550847, -1.810146
570.195068, 2.195455, 0.244640
574.909668, 1.558571, -1.810379
579.624268, 2.198319, 0.241334
584.338867, 1.552716, -1.810112
589.053467, 2.197727, 0.236511
593.758057, 1.560896, -1.810189
598.472656, 2.197877, 0.242345
603.187256, 1.554629, -1.810065
607.901855, 2.197605, 0.237661
612.606445, 1.563172, -1.810016
617.321045, 2.197475, 0.243373
622.035645, 1.556599, -1.809994
626.750244, 2.197440, 0.238794
631.464844, 1.547302, -1.810851
636.169434, 2.197100, 0.244413
640.884033, 1.558592, -1.809918
645.598633, 2.197255, 0.239918
650.313232, 1.549535, -1.810700
655.017822, 2.196728, 0.245451
659.732422, 1.560593, -1.809835
664.447021, 2.197059, 0.241037
669.161621, 1.551744, -1.810556
673.876221, 2.198745, 0.237215
678.580811, 1.562622, -1.809742
683.295410, 2.196849, 0.242149
688.010010, 1.553927, -1.810416
692.724609, 2.198416, 0.238274
697.429199, 1.564660, -1.809645
702.143799, 2.196627, 0.243256
706.858398, 1.556106, -1.810281
711.572998, 2.198096, 0.239338
716.287598, 1.548612, -1.810546
720.992188, 2.196385, 0.244355
725.706787, 1.558261, -1.810148
730.421387, 2.197795, 0.240408
735.135986, 1.550696, -1.810444
739.840576, 2.196124, 0.245446
744.555176, 1.560403, -1.810018
749.269775, 2.197490, 0.241481
753.984375, 1.552767, -1.810342
758.698975, 2.198250, 0.237253
763.403564, 1.562553, -1.809886
768.118164, 2.197184, 0.242549
772.832764, 1.554824, -1.810237
777.547363, 2.198002, 0.238332
782.251953, 1.564656, -1.809761
786.966553, 2.196895, 0.243612
791.681152, 1.556899, -1.810133
796.395752, 2.197757, 0.239428
801.110352, 1.548694, -1.810633
805.814941, 2.196585, 0.244682
810.529541, 1.558986, -1.810024
815.244141, 2.197501, 0.240521
819.958740, 1.550825, -1.810515
824.663330, 2.196290, 0.245758
829.377930, 1.561085, -1.809908
834.092529, 2.197234, 0.241608
838.807129, 1.552948, -1.810400
843.521729, 2.198378, 0.237551
848.226318, 1.563185, -1.809793
852.940918, 2.196961, 0.242694
857.655518, 1.555061, -1.810283
862.370117, 2.198103, 0.238633
867.074707, 1.565290, -1.809673
871.789307, 2.196691, 0.243780
876.503906, 1.557177, -1.810165
881.218506, 2.197824, 0.239715
885.933105, 1.549285, -1.810562
890.637695, 2.196419, 0.244864
895.352295, 1.559304, -1.810041
900.066895, 2.197538, 0.240794
904.781494, 1.551397, -1.810449
909.486084, 2.196141, 0.245948
914.200684, 1.561417, -1.809923
918.915283, 2.197263, 0.241877
923.629883, 1.553495, -1.810343
928.344482, 2.198238, 0.237746
933.049072, 1.563534, -1.809800
937.763672, 2.196983, 0.242958
942.478271, 1.555608, -1.810226
947.192871, 2.197970, 0.238829
951.907471, 1.547537, -1.810679
956.612061, 2.196705, 0.244041
961.326660, 1.557718, -1.810109
966.041260, 2.197701, 0.239916
970.755859, 1.549658, -1.810566
975.460449, 2.196417, 0.245122
980.175049, 1.559827, -1.809992
984.889648, 2.197421, 0.240998
989.604248, 1.551772, -1.810450
994.318848, 2.198506, 0.236912
