time,theta,omega
202.627914, 2.060983, 0.187936
207.345322, 1.373228, -1.874553
212.052734, 2.362739, 0.323054
216.770142, 1.764720, -1.742160
221.477554, 2.060278, 0.187561
226.194962, 1.372565, -1.874663
230.902374, 2.363125, 0.323154
235.619781, 1.765287, -1.741879
240.327194, 2.059720, 0.187245
245.044601, 1.372010, -1.874750
249.752014, 2.363435, 0.323218
254.469421, 1.765706, -1.741657
259.181671, 2.056475, 0.182994
263.896271, 1.383498, -1.868829
268.610870, 2.347169, 0.308060
273.315460, 1.753566, -1.748078
278.030060, 2.068535, 0.189497
282.744659, 1.394604, -1.866794
287.459259, 2.340404, 0.306027
292.163849, 1.743726, -1.752724
296.878448, 2.077899, 0.194564
301.593048, 1.403844, -1.865120
306.307648, 2.334960, 0.304632
311.022247, 1.718888, -1.757446
315.726837, 2.085174, 0.198786
320.441437, 1.411765, -1.863693
325.156036, 2.330452, 0.303683
329.870636, 1.713402, -1.760302
334.575226, 2.090970, 0.202410
339.289825, 1.418716, -1.862460
344.004425, 2.326631, 0.303063
348.719025, 1.709222, -1.762632
353.433624, 2.097687, 0.195977
358.138214, 1.424942, -1.861376
362.852814, 2.323322, 0.302690
367.567413, 1.706019, -1.764569
372.282013, 2.101672, 0.198865
376.986603, 1.430588, -1.860416
381.701202, 2.320436, 0.302517
386.415802, 1.703595, -1.766187
391.130402, 2.105027, 0.201478
395.845001, 1.417145, -1.860232
400.549591, 2.317893, 0.302500
405.264191, 1.701771, -1.767580
409.978790, 2.107907, 0.203905
414.693390, 1.421967, -1.859481
419.397980, 2.315614, 0.302616
424.112579, 1.700460, -1.768763
428.827179, 2.110368, 0.206159
433.541779, 1.426479, -1.858801
438.256378, 2.316494, 0.294011
442.960968, 1.699540, -1.769793
447.675568, 2.112509, 0.208278
452.390167, 1.430722, -1.858181
457.104767, 2.314628, 0.294320
461.809357, 1.698973, -1.770682
466.523956, 2.114371, 0.210280
471.238556, 1.434746, -1.857614
475.953156, 2.312919, 0.294708
480.667755, 1.680966, -1.772576
485.372345, 2.116003, 0.212185
490.086945, 1.438575, -1.857093
494.801544, 2.311357, 0.295163
499.516144, 1.680928, -1.773263
504.220734, 2.117428, 0.214004
508.935333, 1.442240, -1.856609
513.649902, 2.309935, 0.295706
518.364502, 1.681196, -1.773848
523.079102, 2.120714, 0.206212
527.783691, 1.445790, -1.856164
532.498291, 2.308581, 0.296270
537.212891, 1.681554, -1.774381
541.927490, 2.121839, 0.207907
546.642090, 1.430621, -1.856441
551.346680, 2.307337, 0.296877
556.061279, 1.682076, -1.774844
560.775879, 2.122823, 0.209541
565.490479, 1.433906, -1.856065
570.195068, 2.306175, 0.297522
574.909668, 1.682755, -1.775251
579.624268, 2.123700, 0.211127
584.338867, 1.437100, -1.855709
589.053467, 2.307968, 0.289333
593.758057, 1.683539, -1.775614
598.472656, 2.124483, 0.212676
603.187256, 1.440205, -1.855375
607.901855, 2.306933, 0.290040
612.606445, 1.684431, -1.775936
617.321045, 2.125173, 0.214185
622.035645, 1.443229, -1.855061
626.750244, 2.305963, 0.290775
631.464844, 1.667660, -1.777320
636.169434, 2.125782, 0.215659
640.884033, 1.446185, -1.854763
645.598633, 2.305039, 0.291534
650.313232, 1.668734, -1.777577
655.017822, 2.126324, 0.217107
659.732422, 1.449084, -1.854475
664.447021, 2.304164, 0.292316
669.161621, 1.669902, -1.777797
673.876221, 2.128884, 0.208986
678.580811, 1.451923, -1.854202
683.295410, 2.303318, 0.293112
688.010010, 1.671134, -1.777993
692.724609, 2.129322, 0.210387
697.429199, 1.454706, -1.853945
702.143799, 2.302532, 0.293933
706.858398, 1.672442, -1.778158
711.572998, 2.129685, 0.211758
716.287598, 1.438901, -1.854414
720.992188, 2.301765, 0.294769
725.706787, 1.673794, -1.778305
730.421387, 2.130018, 0.213115
735.135986, 1.441597, -1.854190
739.840576, 2.301031, 0.295617
744.555176, 1.675206, -1.778427
749.269775, 2.130296, 0.214450
753.984375, 1.444261, -1.853972
758.698975, 2.303195, 0.287593
763.403564, 1.676663, -1.778535
768.118164, 2.130540, 0.215769
772.832764, 1.446857, -1.853763
777.547363, 2.302526, 0.288457
782.251953, 1.678134, -1.778624
786.966553, 2.130751, 0.217061
791.681152, 1.449446, -1.853564
796.395752, 2.301876, 0.289346
801.110352, 1.661883, -1.779794
805.814941, 2.130926, 0.218349
810.529541, 1.452014, -1.853366
815.244141, 2.301243, 0.290240
819.958740, 1.663465, -1.779858
824.663330, 2.131067, 0.219625
829.377930, 1.454547, -1.853174
834.092529, 2.300639, 0.291150
838.807129, 1.665077, -1.779909
843.521729, 2.133298, 0.211370
848.226318, 1.457053, -1.852992
852.940918, 2.300045, 0.292066
857.655518, 1.666733, -1.779943
862.370117, 2.133386, 0.212624
867.074707, 1.459533, -1.852812
871.789307, 2.299469, 0.292991
876.503906, 1.668401, -1.779971
881.218506, 2.133467, 0.213874
885.933105, 1.443465, -1.853372
890.637695, 2.298914, 0.293922
895.352295, 1.670117, -1.779980
900.066895, 2.133510, 0.215107
904.781494, 1.445906, -1.853213
909.486084, 2.298369, 0.294862
914.200684, 1.671849, -1.779981
918.915283, 2.133541, 0.216335
923.629883, 1.448333, -1.853058
928.344482, 2.300701, 0.286911
933.049072, 1.673595, -1.779976
937.763672, 2.133548, 0.217553
942.478271, 1.450739, -1.852906
947.192871, 2.300178, 0.287861
951.907471, 1.657542, -1.781059
956.612061, 2.133555, 0.218772
961.326660, 1.453146, -1.852753
966.041260, 2.299676, 0.288818
970.755859, 1.659343, -1.781042
975.460449, 2.133522, 0.219972
980.175049, 1.455503, -1.852612
984.889648, 2.299194, 0.289787
989.604248, 1.661162, -1.781015
994.318848, 2.135593, 0.211654
