time,theta,omega
202.627914, -2.435833, 1.491837
207.345322, -1.605097, -0.001873
212.052734, -1.083226, 1.959359
216.770142, -2.727019, -0.530256
221.477554, -2.743186, 1.356565
226.194962, -1.380441, 0.141066
230.902374, -1.194951, 1.892377
235.619781, -2.621809, -0.462912
240.327194, -2.295151, 1.557049
245.044601, -1.729856, -0.053986
249.752014, -1.048432, 1.985513
254.469421, -2.761545, -0.553448
259.181671, -2.913992, 1.286275
263.896271, -1.371662, 0.256870
268.610870, -1.132270, 1.904439
273.315460, -2.647891, -0.484023
278.030060, -2.416035, 1.498086
282.744659, -1.612755, -0.007031
287.459259, -1.081930, 1.955510
292.163849, -2.704632, -0.523595
296.878448, -2.668643, 1.385942
301.593048, -1.416318, 0.101472
306.307648, -1.182403, 1.897591
311.022247, -2.617443, -0.459165
315.726837, -2.290513, 1.558227
320.441437, -1.727009, -0.057077
325.156036, -1.055712, 1.979492
329.870636, -2.739450, -0.539156
334.575226, -2.816228, 1.327235
339.289825, -1.354469, 0.183452
344.004425, -1.204243, 1.882143
348.719025, -2.597734, -0.448816
353.433624, -2.207835, 1.591228
358.138214, -1.790107, -0.084776
362.852814, -1.055146, 1.989211
367.567413, -2.745593, -0.546243
372.282013, -2.843390, 1.309987
376.986603, -1.352916, 0.206005
381.701202, -1.196361, 1.885719
386.415802, -2.606568, -0.456263
391.130402, -2.247290, 1.574475
395.845001, -1.758577, -0.064198
400.549591, -1.061236, 1.985019
405.264191, -2.741518, -0.545550
409.978790, -2.831885, 1.316482
414.693390, -1.351170, 0.203002
419.397980, -1.206692, 1.883792
424.112579, -2.600655, -0.455143
428.827179, -2.233248, 1.582787
433.541779, -1.774342, -0.072915
438.256378, -1.044982, 1.986430
442.960968, -2.741880, -0.548339
447.675568, -2.843273, 1.314094
452.390167, -1.351562, 0.206489
457.104767, -1.189017, 1.884792
461.809357, -2.602230, -0.458396
466.523956, -2.246513, 1.578315
471.238556, -1.765582, -0.071849
475.953156, -1.050105, 1.985494
480.667755, -2.745208, -0.542636
485.372345, -2.842088, 1.316579
490.086945, -1.352041, 0.201627
494.801544, -1.195137, 1.884260
499.516144, -2.604280, -0.451912
504.220734, -2.245048, 1.580735
508.935333, -1.770046, -0.076062
513.649902, -1.054426, 1.986454
518.364502, -2.744463, -0.544596
523.079102, -2.834757, 1.312775
527.783691, -1.352523, 0.201366
532.498291, -1.198522, 1.884603
537.212891, -2.604084, -0.454164
541.927490, -2.236127, 1.579227
546.642090, -1.767732, -0.067182
551.346680, -1.059308, 1.986285
556.061279, -2.742857, -0.545879
560.775879, -2.836075, 1.314295
565.490479, -1.350923, 0.206891
570.195068, -1.203611, 1.884380
574.909668, -2.602467, -0.455556
579.624268, -2.237757, 1.580201
584.338867, -1.769424, -0.070286
589.053467, -1.043975, 1.985656
593.758057, -2.741771, -0.547557
598.472656, -2.840081, 1.314768
603.187256, -1.351413, 0.205482
607.901855, -1.188774, 1.884480
612.606445, -2.601729, -0.457462
617.321045, -2.242599, 1.579671
622.035645, -1.768230, -0.072239
626.750244, -1.048670, 1.985791
631.464844, -2.745817, -0.542414
636.169434, -2.842588, 1.315829
640.884033, -1.351898, 0.203080
645.598633, -1.193392, 1.884426
650.313232, -2.605005, -0.451694
655.017822, -2.245619, 1.579994
659.732422, -1.768667, -0.074843
664.447021, -1.053262, 1.986148
669.161621, -2.744613, -0.543999
673.876221, -2.832814, 1.312948
678.580811, -1.352381, 0.201242
683.295410, -1.197677, 1.884469
688.010010, -2.604050, -0.453472
692.724609, -2.233856, 1.579789
697.429199, -1.768189, -0.077080
702.143799, -1.057901, 1.986369
706.858398, -2.743331, -0.545521
711.572998, -2.835759, 1.313834
716.287598, -1.350776, 0.207850
720.992188, -1.202120, 1.884454
725.706787, -2.602959, -0.455170
730.421387, -2.237380, 1.579878
735.135986, -1.768851, -0.069360
739.840576, -1.062535, 1.986638
744.555176, -2.742074, -0.547066
749.269775, -2.838880, 1.314651
753.984375, -1.351269, 0.205855
758.698975, -1.187646, 1.884429
763.403564, -2.601920, -0.456901
768.118164, -2.241127, 1.579858
772.832764, -1.768626, -0.071685
777.547363, -1.047293, 1.985757
782.251953, -2.740797, -0.548586
786.966553, -2.841846, 1.315520
791.681152, -1.351758, 0.203783
796.395752, -1.192034, 1.884443
801.110352, -2.605359, -0.451214
805.814941, -2.244717, 1.579905
810.529541, -1.768553, -0.074083
815.244141, -1.051903, 1.986048
819.958740, -2.744983, -0.543541
824.663330, -2.845020, 1.316322
829.377930, -1.352242, 0.201827
834.092529, -1.196399, 1.884462
838.807129, -2.604339, -0.452954
843.521729, -2.232696, 1.579822
848.226318, -1.768301, -0.076411
852.940918, -1.056548, 1.986298
857.655518, -2.743702, -0.545069
862.370117, -2.834860, 1.313585
867.074707, -1.352716, 0.199736
871.789307, -1.200821, 1.884456
876.503906, -2.603267, -0.454663
881.218506, -2.236295, 1.579874
885.933105, -1.768896, -0.068662
890.637695, -1.061178, 1.986563
895.352295, -2.742439, -0.546610
900.066895, -2.837938, 1.314420
904.781494, -1.351127, 0.206427
909.486084, -1.205209, 1.884453
914.200684, -2.602223, -0.456390
918.915283, -2.240012, 1.579871
923.629883, -1.768718, -0.071021
928.344482, -1.045956, 1.985681
933.049072, -2.741167, -0.548145
937.763672, -2.840976, 1.315273
942.478271, -1.351620, 0.204376
947.192871, -1.190760, 1.884441
951.907471, -2.605672, -0.450725
956.612061, -2.243704, 1.579879
961.326660, -1.768556, -0.073384
966.041260, -1.050576, 1.985963
970.755859, -2.745332, -0.543089
975.460449, -2.844074, 1.316105
980.175049, -1.352101, 0.202365
984.889648, -1.195151, 1.884455
989.604248, -2.604632, -0.452451
994.318848, -2.231605, 1.579832
