time,theta,omega
202.627914, 2.304673, 0.294355
207.345322, 1.670864, -1.776101
212.052734, 2.127654, 0.215027
216.770142, 1.441583, -1.853241
221.477554, 2.303743, 0.293834
226.194962, 1.669115, -1.776720
230.902374, 2.128937, 0.215485
235.619781, 1.442605, -1.852922
240.327194, 2.302894, 0.293350
245.044601, 1.667494, -1.777291
249.752014, 2.130129, 0.215902
254.469421, 1.443544, -1.852629
259.181671, 2.299224, 0.288689
263.896271, 1.673893, -1.772834
268.610870, 2.117510, 0.203397
273.315460, 1.455497, -1.848873
278.030060, 2.291556, 0.286447
282.744659, 1.664180, -1.777175
287.459259, 2.126600, 0.208452
292.163849, 1.466054, -1.846484
296.878448, 2.285032, 0.284621
301.593048, 1.656347, -1.780777
306.307648, 2.134177, 0.212887
311.022247, 1.457051, -1.845128
315.726837, 2.279317, 0.283175
320.441437, 1.649935, -1.783825
325.156036, 2.140616, 0.216848
329.870636, 1.465639, -1.843221
334.575226, 2.274216, 0.282025
339.289825, 1.644608, -1.786448
344.004425, 2.146191, 0.220447
348.719025, 1.473534, -1.841477
353.433624, 2.272353, 0.272103
358.138214, 1.640165, -1.788730
362.852814, 2.151056, 0.223751
367.567413, 1.480856, -1.839875
372.282013, 2.268173, 0.271376
376.986603, 1.636437, -1.790738
381.701202, 2.155359, 0.226815
386.415802, 1.487693, -1.838383
391.130402, 2.264352, 0.270806
395.845001, 1.615335, -1.793596
400.549591, 2.159190, 0.229673
405.264191, 1.494090, -1.837014
409.978790, 2.260853, 0.270399
414.693390, 1.612707, -1.795185
419.397980, 2.162603, 0.232361
424.112579, 1.500125, -1.835738
428.827179, 2.257619, 0.270119
433.541779, 1.610509, -1.796609
438.256378, 2.167926, 0.225498
442.960968, 1.505851, -1.834540
447.675568, 2.254611, 0.269944
452.390167, 1.608686, -1.797896
457.104767, 2.170723, 0.227926
461.809357, 1.511294, -1.833420
466.523956, 2.251815, 0.269868
471.238556, 1.607186, -1.799062
475.953156, 2.173261, 0.230245
480.667755, 1.498173, -1.833240
485.372345, 2.249190, 0.269874
490.086945, 1.605959, -1.800126
494.801544, 2.175579, 0.232467
499.516144, 1.503165, -1.832260
504.220734, 2.246734, 0.269957
508.935333, 1.605014, -1.801085
513.649902, 2.177704, 0.234626
518.364502, 1.508036, -1.831326
523.079102, 2.247013, 0.261023
527.783691, 1.604321, -1.801970
532.498291, 2.179620, 0.236684
537.212891, 1.512652, -1.830449
541.927490, 2.244834, 0.261232
546.642090, 1.585755, -1.803806
551.346680, 2.181391, 0.238668
556.061279, 1.517102, -1.829617
560.775879, 2.242782, 0.261500
565.490479, 1.585410, -1.804549
570.195068, 2.183013, 0.240587
574.909668, 1.521398, -1.828827
579.624268, 2.240844, 0.261821
584.338867, 1.585239, -1.805231
589.053467, 2.186819, 0.233106
593.758057, 1.525556, -1.828077
598.472656, 2.239012, 0.262192
603.187256, 1.585217, -1.805858
607.901855, 2.188193, 0.234919
612.606445, 1.529589, -1.827361
617.321045, 2.237271, 0.262604
622.035645, 1.585348, -1.806430
626.750244, 2.189461, 0.236685
631.464844, 1.515224, -1.827589
636.169434, 2.235612, 0.263058
640.884033, 1.585591, -1.806961
645.598633, 2.190635, 0.238410
650.313232, 1.519042, -1.826951
655.017822, 2.234037, 0.263548
659.732422, 1.585960, -1.807447
664.447021, 2.191701, 0.240089
669.161621, 1.522745, -1.826345
673.876221, 2.235091, 0.254919
678.580811, 1.586446, -1.807891
683.295410, 2.192675, 0.241727
688.010010, 1.526364, -1.825761
692.724609, 2.233666, 0.255475
697.429199, 1.587023, -1.808301
702.143799, 2.193586, 0.243335
706.858398, 1.529900, -1.825203
711.572998, 2.232306, 0.256063
716.287598, 1.569609, -1.809682
720.992188, 2.194411, 0.244907
725.706787, 1.533342, -1.824671
730.421387, 2.231016, 0.256681
735.135986, 1.570368, -1.810035
739.840576, 2.195164, 0.246448
744.555176, 1.536718, -1.824155
749.269775, 2.229761, 0.257322
753.984375, 1.571199, -1.810361
758.698975, 2.198259, 0.238670
763.403564, 1.540026, -1.823660
768.118164, 2.228575, 0.257988
772.832764, 1.572109, -1.810650
777.547363, 2.198889, 0.240142
782.251953, 1.543207, -1.823196
786.966553, 2.227463, 0.258674
791.681152, 1.573107, -1.810918
796.395752, 2.199478, 0.241609
801.110352, 1.528134, -1.823680
805.814941, 2.226374, 0.259389
810.529541, 1.574170, -1.811162
815.244141, 2.200007, 0.243050
819.958740, 1.531238, -1.823258
824.663330, 2.225339, 0.260126
829.377930, 1.575301, -1.811381
834.092529, 2.200488, 0.244470
838.807129, 1.534291, -1.822851
843.521729, 2.226849, 0.251689
848.226318, 1.576472, -1.811584
852.940918, 2.200931, 0.245873
857.655518, 1.537294, -1.822457
862.370117, 2.225887, 0.252462
867.074707, 1.577700, -1.811767
871.789307, 2.201333, 0.247258
876.503906, 1.540250, -1.822076
881.218506, 2.224968, 0.253250
885.933105, 1.560853, -1.812929
890.637695, 2.201685, 0.248622
895.352295, 1.543160, -1.821709
900.066895, 2.224076, 0.254053
904.781494, 1.562178, -1.813087
909.486084, 2.202004, 0.249972
914.200684, 1.546032, -1.821350
918.915283, 2.223217, 0.254869
923.629883, 1.563552, -1.813227
928.344482, 2.204706, 0.242031
933.049072, 1.548855, -1.821006
937.763672, 2.222388, 0.255702
942.478271, 1.564967, -1.813349
947.192871, 2.204964, 0.243352
951.907471, 1.533412, -1.821621
956.612061, 2.221599, 0.256553
961.326660, 1.566435, -1.813455
966.041260, 2.205185, 0.244657
970.755859, 1.536160, -1.821309
975.460449, 2.220826, 0.257409
980.175049, 1.567922, -1.813552
984.889648, 2.205393, 0.245953
989.604248, 1.538886, -1.821007
994.318848, 2.222570, 0.249072
