time,theta,omega
202.627914, 1.225185, 1.588393
207.345322, 2.098660, -1.571185
212.052734, 1.891992, 0.114870
216.770142, 0.960314, -2.037494
221.477554, 2.877567, 0.639227
226.194962, -2.753232, -1.157199
230.902374, 1.126609, 1.632373
235.619781, 2.116200, -1.552435
240.327194, 1.870826, 0.104837
245.044601, 0.954076, -2.036375
249.752014, 2.881392, 0.641291
254.469421, -2.730835, -1.155469
259.181671, 1.326002, 1.538044
263.896271, 2.103068, -1.576545
268.610870, 1.884677, 0.105545
273.315460, 0.984923, -2.032952
278.030060, 2.856333, 0.624015
282.744659, -2.880198, -1.171292
287.459259, -0.527172, 1.944658
292.163849, 3.136698, -0.802563
296.878448, -0.205689, 1.972412
301.593048, 2.874185, -0.986135
306.307648, 1.796813, -0.262794
311.022247, 0.695316, -2.070655
315.726837, 3.061468, 0.761065
320.441437, -1.127290, -1.633431
325.156036, -2.134753, 1.542361
329.870636, -1.847815, -0.089522
334.575226, -0.978408, 2.031004
339.289825, -2.861006, -0.627792
344.004425, 2.847752, 1.168089
348.719025, 0.029617, -1.959408
353.433624, -2.746653, 1.074746
358.138214, -1.465661, 0.253753
362.852814, -0.957533, 1.982128
367.567413, -2.854180, -0.614020
372.282013, 2.922850, 1.176242
376.986603, 1.269972, -1.735764
381.701202, 2.529752, 0.402664
386.415802, 1.906304, -1.748077
391.130402, 2.104475, 0.211425
395.845001, 1.107526, -2.019687
400.549591, 2.755315, 0.565316
405.264191, 2.876647, -1.316829
409.978790, 1.386152, -0.218452
414.693390, 1.055959, -1.942918
419.397980, 2.760210, 0.558698
424.112579, 2.876809, -1.318011
428.827179, 1.386040, -0.216445
433.541779, 1.059256, -1.942692
438.256378, 2.764225, 0.552437
442.960968, 2.874076, -1.320070
447.675568, 1.385426, -0.212620
452.390167, 1.064219, -1.941928
457.104767, 2.761327, 0.551768
461.809357, 2.864491, -1.324706
466.523956, 1.384019, -0.204288
471.238556, 1.072829, -1.940032
475.953156, 2.755408, 0.549205
480.667755, 2.826954, -1.331302
485.372345, 1.383552, -0.186434
490.086945, 1.086203, -1.936936
494.801544, 2.745683, 0.544300
499.516144, 2.784549, -1.349094
504.220734, 1.391005, -0.157622
508.935333, 1.097509, -1.935629
513.649902, 2.738186, 0.540968
518.364502, 2.753837, -1.362556
523.079102, 1.400494, -0.146121
527.783691, 1.100210, -1.937307
532.498291, 2.737925, 0.542175
537.212891, 2.757682, -1.361990
541.927490, 1.399775, -0.146390
546.642090, 1.083208, -1.936498
551.346680, 2.737152, 0.542840
556.061279, 2.758553, -1.362640
560.775879, 1.400231, -0.144905
565.490479, 1.085428, -1.936647
570.195068, 2.736571, 0.543646
574.909668, 2.760388, -1.362901
579.624268, 1.400307, -0.143988
584.338867, 1.087705, -1.936716
589.053467, 2.741299, 0.537787
593.758057, 2.761865, -1.363307
598.472656, 1.400520, -0.142859
603.187256, 1.089963, -1.936810
607.901855, 2.740676, 0.538559
612.606445, 2.763479, -1.363661
617.321045, 1.400686, -0.141810
622.035645, 1.092221, -1.936894
626.750244, 2.740055, 0.539334
631.464844, 2.751459, -1.360931
636.169434, 1.400856, -0.140751
640.884033, 1.094468, -1.936980
645.598633, 2.739444, 0.540114
650.313232, 2.753117, -1.361261
655.017822, 1.400993, -0.139734
659.732422, 1.096737, -1.937052
664.447021, 2.738799, 0.540876
669.161621, 2.754617, -1.361653
673.876221, 1.399717, -0.147733
678.580811, 1.098999, -1.937133
683.295410, 2.738169, 0.541646
688.010010, 2.756198, -1.362015
692.724609, 1.399898, -0.146664
697.429199, 1.101242, -1.937215
702.143799, 2.737554, 0.542426
706.858398, 2.757846, -1.362350
711.572998, 1.400049, -0.145638
716.287598, 1.084138, -1.936578
720.992188, 2.736924, 0.543197
725.706787, 2.759429, -1.362714
730.421387, 1.400225, -0.144571
735.135986, 1.086408, -1.936667
739.840576, 2.736276, 0.543956
744.555176, 2.760923, -1.363111
749.269775, 1.400437, -0.143452
753.984375, 1.088662, -1.936762
758.698975, 2.741047, 0.538122
763.403564, 2.762608, -1.363435
768.118164, 1.400569, -0.142449
772.832764, 1.090905, -1.936838
777.547363, 2.740408, 0.538871
782.251953, 2.764073, -1.363832
786.966553, 1.400778, -0.141339
791.681152, 1.093148, -1.936932
796.395752, 2.739799, 0.539654
801.110352, 2.752130, -1.361071
805.814941, 1.400914, -0.140325
810.529541, 1.095411, -1.937009
815.244141, 2.739173, 0.540423
819.958740, 2.753717, -1.361430
824.663330, 1.401087, -0.139267
829.377930, 1.097663, -1.937090
834.092529, 2.738540, 0.541194
838.807129, 2.755275, -1.361800
843.521729, 1.399791, -0.147298
848.226318, 1.099925, -1.937167
852.940918, 2.737915, 0.541967
857.655518, 2.756861, -1.362160
862.370117, 1.399966, -0.146232
867.074707, 1.102191, -1.937238
871.789307, 2.737276, 0.542732
876.503906, 2.758404, -1.362537
881.218506, 1.400157, -0.145142
885.933105, 1.085069, -1.936622
890.637695, 2.736672, 0.543516
895.352295, 2.760110, -1.362851
900.066895, 1.400286, -0.144150
904.781494, 1.087329, -1.936704
909.486084, 2.736029, 0.544280
914.200684, 2.761651, -1.363232
918.915283, 1.400479, -0.143060
923.629883, 1.089596, -1.936793
928.344482, 2.740782, 0.538436
933.049072, 2.763248, -1.363589
937.763672, 1.400645, -0.142006
942.478271, 1.091838, -1.936882
947.192871, 2.740166, 0.539213
951.907471, 2.751260, -1.360848
956.612061, 1.400805, -0.140962
961.326660, 1.094106, -1.936960
966.041260, 2.739529, 0.539978
970.755859, 2.752787, -1.361230
975.460449, 1.400997, -0.139866
980.175049, 1.096362, -1.937046
984.889648, 2.738909, 0.540753
989.604248, 2.754398, -1.361577
994.318848, 1.399672, -0.147932
