time,theta,omega
202.627914, 2.252741, 0.269171
207.345322, 1.604906, -1.796485
212.052734, 2.169811, 0.232263
216.770142, 1.500415, -1.831349
221.477554, 2.249569, 0.267647
226.194962, 1.600192, -1.798119
230.902374, 2.173364, 0.233719
235.619781, 1.504131, -1.830164
240.327194, 2.246689, 0.266251
245.044601, 1.595927, -1.799588
249.752014, 2.176569, 0.235027
254.469421, 1.507499, -1.829079
259.181671, 2.241208, 0.260833
263.896271, 1.601218, -1.795501
268.610870, 2.164883, 0.222772
273.315460, 1.517666, -1.826006
278.030060, 2.235001, 0.259443
282.744659, 1.595486, -1.798117
287.459259, 2.170667, 0.226484
292.163849, 1.526251, -1.823895
296.878448, 2.229857, 0.258337
301.593048, 1.591081, -1.800263
306.307648, 2.175426, 0.229758
311.022247, 1.515611, -1.823004
315.726837, 2.225447, 0.257566
320.441437, 1.587749, -1.802022
325.156036, 2.179341, 0.232669
329.870636, 1.522379, -1.821444
334.575226, 2.221669, 0.257083
339.289825, 1.585287, -1.803474
344.004425, 2.182595, 0.235294
348.719025, 1.528473, -1.820081
353.433624, 2.220857, 0.247617
358.138214, 1.583519, -1.804680
362.852814, 2.185295, 0.237680
367.567413, 1.533971, -1.818895
372.282013, 2.218018, 0.247555
376.986603, 1.582368, -1.805670
381.701202, 2.187524, 0.239859
386.415802, 1.538973, -1.817854
391.130402, 2.215538, 0.247645
395.845001, 1.563599, -1.807515
400.549591, 2.189378, 0.241869
405.264191, 1.543546, -1.816951
409.978790, 2.213395, 0.247896
414.693390, 1.563363, -1.808191
419.397980, 2.190892, 0.243738
424.112579, 1.547755, -1.816158
428.827179, 2.211527, 0.248270
433.541779, 1.563479, -1.808748
438.256378, 2.194494, 0.236184
442.960968, 1.551664, -1.815458
447.675568, 2.209885, 0.248745
452.390167, 1.563893, -1.809201
457.104767, 2.195520, 0.237840
461.809357, 1.555312, -1.814839
466.523956, 2.208437, 0.249309
471.238556, 1.564551, -1.809572
475.953156, 2.196358, 0.239414
480.667755, 1.540586, -1.815273
485.372345, 2.207157, 0.249945
490.086945, 1.565431, -1.809868
494.801544, 2.197026, 0.240914
499.516144, 1.543821, -1.814799
504.220734, 2.206020, 0.250649
508.935333, 1.566495, -1.810097
513.649902, 2.197569, 0.242380
518.364502, 1.546978, -1.814363
523.079102, 2.207399, 0.242168
527.783691, 1.567738, -1.810282
532.498291, 2.197967, 0.243769
537.212891, 1.549909, -1.813982
541.927490, 2.206512, 0.242977
546.642090, 1.550994, -1.811404
551.346680, 2.198251, 0.245101
556.061279, 1.552695, -1.813650
560.775879, 2.205716, 0.243831
565.490479, 1.552464, -1.811509
570.195068, 2.198465, 0.246399
574.909668, 1.555410, -1.813337
579.624268, 2.204983, 0.244711
584.338867, 1.554024, -1.811579
589.053467, 2.200977, 0.238379
593.758057, 1.558022, -1.813053
598.472656, 2.204328, 0.245625
603.187256, 1.555670, -1.811620
607.901855, 2.201066, 0.239623
612.606445, 1.560571, -1.812790
617.321045, 2.203711, 0.246557
622.035645, 1.557382, -1.811639
626.750244, 2.201096, 0.240840
631.464844, 1.544917, -1.813535
636.169434, 2.203150, 0.247514
640.884033, 1.559154, -1.811636
645.598633, 2.201082, 0.242040
650.313232, 1.547336, -1.813328
655.017822, 2.202640, 0.248495
659.732422, 1.560989, -1.811614
664.447021, 2.201018, 0.243215
669.161621, 1.549723, -1.813124
673.876221, 2.204549, 0.240212
678.580811, 1.562850, -1.811577
683.295410, 2.200932, 0.244381
688.010010, 1.552058, -1.812940
692.724609, 2.204106, 0.241222
697.429199, 1.564755, -1.811525
702.143799, 2.200807, 0.245532
706.858398, 1.554358, -1.812765
711.572998, 2.203683, 0.242239
716.287598, 1.548566, -1.812459
720.992188, 2.200662, 0.246672
725.706787, 1.556645, -1.812592
730.421387, 2.203274, 0.243264
735.135986, 1.550523, -1.812400
739.840576, 2.200494, 0.247805
744.555176, 1.558901, -1.812428
749.269775, 2.202888, 0.244298
753.984375, 1.552506, -1.812330
758.698975, 2.202707, 0.239654
763.403564, 1.561139, -1.812267
768.118164, 2.202515, 0.245334
772.832764, 1.554487, -1.812252
777.547363, 2.202512, 0.240757
782.251953, 1.563311, -1.812122
786.966553, 2.202170, 0.246374
791.681152, 1.556511, -1.812169
796.395752, 2.202308, 0.241872
801.110352, 1.547383, -1.812966
805.814941, 2.201818, 0.247423
810.529541, 1.558537, -1.812081
815.244141, 2.202098, 0.242983
819.958740, 1.549580, -1.812829
824.663330, 2.201475, 0.248476
829.377930, 1.560581, -1.811987
834.092529, 2.201873, 0.244089
838.807129, 1.551759, -1.812693
843.521729, 2.203547, 0.240264
848.226318, 1.562645, -1.811886
852.940918, 2.201628, 0.245186
857.655518, 1.553921, -1.812564
862.370117, 2.203226, 0.241329
867.074707, 1.564693, -1.811787
871.789307, 2.201404, 0.246292
876.503906, 1.556103, -1.812429
881.218506, 2.202905, 0.242390
885.933105, 1.548626, -1.812682
890.637695, 2.201155, 0.247388
895.352295, 1.558260, -1.812298
900.066895, 2.202595, 0.243459
904.781494, 1.550704, -1.812583
909.486084, 2.200902, 0.248480
914.200684, 1.560404, -1.812170
918.915283, 2.202297, 0.244531
923.629883, 1.552795, -1.812477
928.344482, 2.203042, 0.240297
933.049072, 1.562550, -1.812039
937.763672, 2.201985, 0.245598
942.478271, 1.554875, -1.812374
947.192871, 2.202784, 0.241388
951.907471, 1.546560, -1.812900
956.612061, 2.201685, 0.246670
961.326660, 1.556965, -1.812266
966.041260, 2.202534, 0.242482
970.755859, 1.548692, -1.812783
975.460449, 2.201387, 0.247746
980.175049, 1.559065, -1.812155
984.889648, 2.202265, 0.243569
989.604248, 1.550823, -1.812667
994.318848, 2.203487, 0.239547
