time,theta,omega
202.627914, -1.216554, 1.876876
207.345322, -2.590832, -0.443308
212.052734, -2.193372, 1.601274
216.770142, -1.813509, -0.087806
221.477554, -1.062627, 1.989251
226.194962, -2.743464, -0.542564
230.902374, -2.837815, 1.315007
235.619781, -1.347078, 0.202242
240.327194, -1.216374, 1.876838
245.044601, -2.590797, -0.443120
249.752014, -2.192729, 1.601450
254.469421, -1.813859, -0.087769
259.181671, -1.065374, 1.985379
263.896271, -2.726058, -0.532106
268.610870, -2.758152, 1.339105
273.315460, -1.359336, 0.155885
278.030060, -1.236506, 1.869737
282.744659, -2.561829, -0.428102
287.459259, -2.099110, 1.639159
292.163849, -1.879985, -0.121736
296.878448, -1.084510, 1.989677
301.593048, -2.716699, -0.529652
306.307648, -2.726809, 1.354009
311.022247, -1.372487, 0.142463
315.726837, -1.236866, 1.873344
320.441437, -2.565151, -0.432618
325.156036, -2.117911, 1.632104
329.870636, -1.867475, -0.108660
334.575226, -1.086490, 1.989051
339.289825, -2.716907, -0.531918
344.004425, -2.735976, 1.352171
348.719025, -1.370047, 0.143805
353.433624, -1.223516, 1.872668
358.138214, -2.563127, -0.433751
362.852814, -2.118186, 1.633656
367.567413, -1.870383, -0.112276
372.282013, -1.071832, 1.988477
376.986603, -2.715366, -0.533350
381.701202, -2.737865, 1.353352
386.415802, -1.370956, 0.140965
391.130402, -1.227680, 1.872798
395.845001, -2.566600, -0.428039
400.549591, -2.122652, 1.633257
405.264191, -1.869538, -0.114387
409.978790, -1.076331, 1.988689
414.693390, -2.719477, -0.528195
419.397980, -2.741270, 1.353906
424.112579, -1.371180, 0.139003
428.827179, -1.232099, 1.872731
433.541779, -2.565557, -0.429782
438.256378, -2.109946, 1.633636
442.960968, -1.869436, -0.116804
447.675568, -1.081004, 1.988940
452.390167, -2.718236, -0.529764
457.104767, -2.730842, 1.351762
461.809357, -1.371543, 0.136853
466.523956, -1.236448, 1.872705
471.238556, -2.564582, -0.431566
475.953156, -2.113827, 1.633514
480.667755, -1.870204, -0.109033
485.372345, -1.085639, 1.989166
490.086945, -2.717005, -0.531338
494.801544, -2.733983, 1.352423
499.516144, -1.370435, 0.143800
504.220734, -1.240814, 1.872656
508.935333, -2.563586, -0.433339
513.649902, -2.117621, 1.633457
518.364502, -1.870014, -0.111447
523.079102, -1.070462, 1.988375
527.783691, -2.715752, -0.532932
532.498291, -2.737155, 1.353101
537.212891, -1.370795, 0.141642
541.927490, -1.226508, 1.872786
546.642090, -2.566844, -0.427535
551.346680, -2.121509, 1.633326
556.061279, -1.869690, -0.113772
560.775879, -1.075085, 1.988623
565.490479, -2.719797, -0.527754
570.195068, -2.740332, 1.353752
574.909668, -1.371117, 0.139540
579.624268, -1.230889, 1.872750
584.338867, -2.565845, -0.429304
589.053467, -2.108962, 1.633630
593.758057, -1.869452, -0.116135
598.472656, -1.079720, 1.988871
603.187256, -2.718573, -0.529332
607.901855, -2.729976, 1.351581
612.606445, -1.371450, 0.137432
617.321045, -1.235244, 1.872717
622.035645, -2.564855, -0.431079
626.750244, -2.112781, 1.633537
631.464844, -1.870264, -0.108384
636.169434, -1.084357, 1.989105
640.884033, -2.717351, -0.530910
645.598633, -2.733140, 1.352234
650.313232, -1.370330, 0.144394
655.017822, -1.239619, 1.872668
659.732422, -2.563853, -0.432848
664.447021, -2.116572, 1.633456
669.161621, -1.870044, -0.110752
673.876221, -1.069114, 1.988299
678.580811, -2.716118, -0.532485
683.295410, -2.736300, 1.352889
688.010010, -1.370672, 0.142282
692.724609, -1.225267, 1.872782
697.429199, -2.562841, -0.434615
702.143799, -2.120367, 1.633373
706.858398, -1.869806, -0.113113
711.572998, -1.073751, 1.988556
716.287598, -2.720154, -0.527303
720.992188, -2.739446, 1.353555
725.706787, -1.371013, 0.140162
730.421387, -1.229617, 1.872762
735.135986, -2.566140, -0.428797
739.840576, -2.124226, 1.633260
744.555176, -1.869501, -0.115448
749.269775, -1.078381, 1.988801
753.984375, -2.718933, -0.528881
758.698975, -2.729093, 1.351383
763.403564, -1.371345, 0.138053
768.118164, -1.234005, 1.872719
772.832764, -2.565115, -0.430539
777.547363, -2.111550, 1.633615
782.251953, -1.869356, -0.117830
786.966553, -1.083002, 1.989047
791.681152, -2.717704, -0.530443
796.395752, -2.732183, 1.352054
801.110352, -1.370241, 0.145001
805.814941, -1.238330, 1.872686
810.529541, -2.564155, -0.432331
815.244141, -2.115484, 1.633468
819.958740, -1.870089, -0.110044
824.663330, -1.087627, 1.989263
829.377930, -2.716478, -0.532019
834.092529, -2.735359, 1.352700
838.807129, -1.370577, 0.142897
843.521729, -1.223972, 1.872793
848.226318, -2.563146, -0.434098
852.940918, -2.119278, 1.633385
857.655518, -1.869852, -0.112408
862.370117, -1.072378, 1.988482
867.074707, -2.715246, -0.533595
871.789307, -2.738524, 1.353354
876.503906, -1.370911, 0.140787
881.218506, -1.228332, 1.872771
885.933105, -2.566429, -0.428275
890.637695, -2.123105, 1.633286
895.352295, -1.869584, -0.114758
900.066895, -1.077013, 1.988729
904.781494, -2.719297, -0.528419
909.486084, -2.741696, 1.354012
914.200684, -1.371241, 0.138683
918.915283, -1.232703, 1.872738
923.629883, -2.565439, -0.430049
928.344482, -2.110570, 1.633587
933.049072, -1.869327, -0.117111
937.763672, -1.081647, 1.988971
942.478271, -2.718072, -0.529997
947.192871, -2.731341, 1.351836
951.907471, -1.370113, 0.145650
956.612061, -1.237069, 1.872697
961.326660, -2.564439, -0.431820
966.041260, -2.114376, 1.633498
970.755859, -1.870166, -0.109370
975.460449, -1.086277, 1.989207
980.175049, -2.716844, -0.531574
984.889648, -2.734498, 1.352494
989.604248, -1.370456, 0.143532
994.318848, -1.222716, 1.872795
