time,theta,omega
202.627914, 2.582134, 0.443692
207.345322, 2.235777, -1.560139
212.052734, 1.727041, 0.061019
216.770142, 1.153844, -1.933407
221.477554, 2.601557, 0.455976
226.194962, 2.306238, -1.526976
230.902374, 1.664565, 0.036929
235.619781, 1.170013, -1.920058
240.327194, 2.585090, 0.445374
245.044601, 2.245799, -1.555309
249.752014, 1.717939, 0.057378
254.469421, 1.155390, -1.931633
259.181671, 2.596589, 0.449993
263.896271, 2.295547, -1.530439
268.610870, 1.666590, 0.030932
273.315460, 1.193727, -1.915016
278.030060, 2.565438, 0.432844
282.744659, 2.191805, -1.579938
287.459259, 1.759922, 0.067633
292.163849, 1.175556, -1.933840
296.878448, 2.586430, 0.447539
301.593048, 2.269453, -1.544359
306.307648, 1.692719, 0.043358
311.022247, 1.171396, -1.920741
315.726837, 2.571989, 0.439354
320.441437, 2.221555, -1.567678
325.156036, 1.736686, 0.061274
329.870636, 1.164048, -1.929546
334.575226, 2.581510, 0.446687
339.289825, 2.258919, -1.551003
344.004425, 1.705146, 0.050503
348.719025, 1.172720, -1.923466
353.433624, 2.578524, 0.435607
358.138214, 2.236409, -1.562403
362.852814, 1.726635, 0.059881
367.567413, 1.170335, -1.927784
372.282013, 2.582916, 0.439644
376.986603, 2.255506, -1.554301
381.701202, 1.711262, 0.055242
386.415802, 1.175782, -1.924806
391.130402, 2.578995, 0.438309
395.845001, 2.229624, -1.560022
400.549591, 1.721905, 0.060491
405.264191, 1.175719, -1.926977
409.978790, 2.580923, 0.440757
414.693390, 2.240076, -1.555961
419.397980, 1.714226, 0.058772
424.112579, 1.179560, -1.925507
428.827179, 2.578715, 0.440538
433.541779, 2.235867, -1.558783
438.256378, 1.719994, 0.051834
442.960968, 1.180677, -1.926596
447.675568, 2.579397, 0.442187
452.390167, 2.241926, -1.556785
457.104767, 1.716183, 0.051593
461.809357, 1.183718, -1.925879
466.523956, 2.578051, 0.442522
471.238556, 2.240764, -1.558178
475.953156, 1.718770, 0.053780
480.667755, 1.166142, -1.926124
485.372345, 2.578133, 0.443781
490.086945, 2.244697, -1.557180
494.801544, 1.716834, 0.054252
499.516144, 1.168791, -1.925796
504.220734, 2.577183, 0.444379
508.935333, 2.244971, -1.557897
513.649902, 1.718165, 0.055982
518.364502, 1.170795, -1.926116
523.079102, 2.581356, 0.437964
527.783691, 2.247965, -1.557362
532.498291, 1.717082, 0.056787
537.212891, 1.173265, -1.925952
541.927490, 2.580619, 0.438691
546.642090, 2.233391, -1.557786
551.346680, 1.717742, 0.058244
556.061279, 1.175354, -1.926133
560.775879, 2.580275, 0.439677
565.490479, 2.235786, -1.557508
570.195068, 1.717169, 0.059231
574.909668, 1.177705, -1.926068
579.624268, 2.579655, 0.440481
584.338867, 2.237215, -1.557684
589.053467, 1.717950, 0.050396
593.758057, 1.179879, -1.926168
598.472656, 2.579213, 0.441404
603.187256, 2.239271, -1.557567
607.901855, 1.717684, 0.051501
612.606445, 1.182164, -1.926157
617.321045, 2.578662, 0.442254
622.035645, 2.240927, -1.557636
626.750244, 1.717769, 0.052738
631.464844, 1.165128, -1.925895
636.169434, 2.578174, 0.443148
640.884033, 2.242853, -1.557579
645.598633, 1.717615, 0.053886
650.313232, 1.167406, -1.925919
655.017822, 2.577636, 0.444007
659.732422, 2.244569, -1.557622
664.447021, 1.717651, 0.055104
669.161621, 1.169630, -1.925981
673.876221, 2.581518, 0.437375
678.580811, 2.246463, -1.557581
683.295410, 1.717522, 0.056260
688.010010, 1.171881, -1.926009
692.724609, 2.581003, 0.438248
697.429199, 2.248255, -1.557586
702.143799, 1.717480, 0.057450
706.858398, 1.174115, -1.926056
711.572998, 2.580511, 0.439132
716.287598, 2.234536, -1.557608
720.992188, 1.717387, 0.058620
725.706787, 1.176372, -1.926085
730.421387, 2.579993, 0.440005
735.135986, 2.236321, -1.557618
739.840576, 1.717350, 0.059811
744.555176, 1.178613, -1.926124
749.269775, 2.579489, 0.440885
753.984375, 2.238161, -1.557600
758.698975, 1.717767, 0.050838
763.403564, 1.180864, -1.926151
768.118164, 2.578967, 0.441755
772.832764, 2.239906, -1.557615
777.547363, 1.717759, 0.052025
782.251953, 1.183065, -1.926190
786.966553, 2.578481, 0.442633
791.681152, 2.241785, -1.557583
796.395752, 1.717649, 0.053189
801.110352, 1.166069, -1.925896
805.814941, 2.577952, 0.443497
810.529541, 2.243549, -1.557601
815.244141, 1.717639, 0.054390
819.958740, 1.168306, -1.925949
824.663330, 2.577452, 0.444382
829.377930, 2.245424, -1.557569
834.092529, 1.717531, 0.055556
838.807129, 1.170564, -1.925983
843.521729, 2.581298, 0.437727
848.226318, 2.247175, -1.557595
852.940918, 1.717525, 0.056759
857.655518, 1.172804, -1.926033
862.370117, 2.580802, 0.438613
867.074707, 2.249022, -1.557573
871.789307, 1.717440, 0.057930
876.503906, 1.175059, -1.926064
881.218506, 2.580279, 0.439483
885.933105, 2.235217, -1.557636
890.637695, 1.717414, 0.059127
895.352295, 1.177297, -1.926105
900.066895, 2.579778, 0.440364
904.781494, 2.237045, -1.557625
909.486084, 1.717340, 0.060304
914.200684, 1.179544, -1.926139
918.915283, 2.579275, 0.441245
923.629883, 2.238881, -1.557611
928.344482, 1.717776, 0.051338
933.049072, 1.181780, -1.926169
937.763672, 2.578770, 0.442124
942.478271, 2.240741, -1.557586
947.192871, 1.717683, 0.052507
951.907471, 1.164771, -1.925871
956.612061, 2.578252, 0.442996
961.326660, 2.242517, -1.557598
966.041260, 1.717656, 0.053703
970.755859, 1.167024, -1.925918
975.460449, 2.577727, 0.443867
980.175049, 2.244286, -1.557615
984.889648, 1.717644, 0.054904
989.604248, 1.169256, -1.925973
994.318848, 2.581607, 0.437233
