time,theta,omega
202.627914, 2.316008, 0.300235
207.345322, 1.684013, -1.772724
212.052734, 2.121255, 0.212649
216.770142, 1.428601, -1.858885
221.477554, 2.317840, 0.301017
226.194962, 1.687039, -1.771501
230.902374, 2.118743, 0.211498
235.619781, 1.426152, -1.859501
240.327194, 2.319562, 0.301743
245.044601, 1.689865, -1.770354
249.752014, 2.116391, 0.210417
254.469421, 1.423877, -1.860065
259.181671, 2.318249, 0.298176
263.896271, 1.699909, -1.764477
268.610870, 2.100842, 0.196726
273.315460, 1.434162, -1.856686
278.030060, 2.311741, 0.296415
282.744659, 1.691453, -1.768432
287.459259, 2.108995, 0.201358
292.163849, 1.443375, -1.854782
296.878448, 2.306243, 0.295032
301.593048, 1.684753, -1.771687
306.307648, 2.115743, 0.205415
311.022247, 1.433070, -1.853802
315.726837, 2.301455, 0.293985
320.441437, 1.679352, -1.774427
325.156036, 2.121434, 0.209036
329.870636, 1.440533, -1.852308
334.575226, 2.297217, 0.293203
339.289825, 1.674952, -1.776767
344.004425, 2.126335, 0.212326
348.719025, 1.447403, -1.850946
353.433624, 2.296253, 0.283714
358.138214, 1.671325, -1.778806
362.852814, 2.130601, 0.215356
367.567413, 1.453775, -1.849701
372.282013, 2.292803, 0.283299
376.986603, 1.668347, -1.780591
381.701202, 2.134350, 0.218168
386.415802, 1.459754, -1.848537
391.130402, 2.289640, 0.283007
395.845001, 1.648013, -1.783280
400.549591, 2.137707, 0.220807
405.264191, 1.465370, -1.847474
409.978790, 2.286741, 0.282856
414.693390, 1.645965, -1.784701
419.397980, 2.140700, 0.223299
424.112579, 1.470709, -1.846472
428.827179, 2.284042, 0.282796
433.541779, 1.644284, -1.785982
438.256378, 2.145555, 0.216191
442.960968, 1.475776, -1.845538
447.675568, 2.281555, 0.282836
452.390167, 1.642950, -1.787132
457.104767, 2.148010, 0.218457
461.809357, 1.480635, -1.844655
466.523956, 2.279201, 0.282943
471.238556, 1.641847, -1.788191
475.953156, 2.150263, 0.220643
480.667755, 1.466855, -1.844620
485.372345, 2.277002, 0.283122
490.086945, 1.641006, -1.789147
494.801544, 2.152315, 0.222740
499.516144, 1.471368, -1.843843
504.220734, 2.274916, 0.283355
508.935333, 1.640352, -1.790035
513.649902, 2.154241, 0.224806
518.364502, 1.475809, -1.843094
523.079102, 2.275663, 0.274663
527.783691, 1.639909, -1.790858
532.498291, 2.155981, 0.226781
537.212891, 1.480041, -1.842386
541.927490, 2.273785, 0.274992
546.642090, 1.621689, -1.792676
551.346680, 2.157589, 0.228690
556.061279, 1.484151, -1.841709
560.775879, 2.271993, 0.275361
565.490479, 1.621516, -1.793383
570.195068, 2.159100, 0.230554
574.909668, 1.488158, -1.841058
579.624268, 2.270288, 0.275771
584.338867, 1.621498, -1.794034
589.053467, 2.162715, 0.222941
593.758057, 1.492052, -1.840435
598.472656, 2.268659, 0.276217
603.187256, 1.621598, -1.794640
607.901855, 2.164020, 0.224721
612.606445, 1.495857, -1.839833
617.321045, 2.267093, 0.276694
622.035645, 1.621804, -1.795204
626.750244, 2.165236, 0.226463
631.464844, 1.481179, -1.840081
636.169434, 2.265588, 0.277200
640.884033, 1.622101, -1.795737
645.598633, 2.166385, 0.228173
650.313232, 1.484841, -1.839532
655.017822, 2.264136, 0.277730
659.732422, 1.622492, -1.796232
664.447021, 2.167459, 0.229854
669.161621, 1.488435, -1.839003
673.876221, 2.265424, 0.269244
678.580811, 1.622962, -1.796699
683.295410, 2.168471, 0.231505
688.010010, 1.491967, -1.838485
692.724609, 2.264062, 0.269816
697.429199, 1.623504, -1.797135
702.143799, 2.169420, 0.233129
706.858398, 1.495442, -1.837984
711.572998, 2.262760, 0.270413
716.287598, 1.606123, -1.798601
720.992188, 2.170310, 0.234730
725.706787, 1.498857, -1.837493
730.421387, 2.261479, 0.271024
735.135986, 1.606796, -1.798994
739.840576, 2.171150, 0.236307
744.555176, 1.502224, -1.837018
749.269775, 2.260257, 0.271660
753.984375, 1.607538, -1.799365
758.698975, 2.174227, 0.228479
763.403564, 1.505545, -1.836553
768.118164, 2.259052, 0.272306
772.832764, 1.608305, -1.799715
777.547363, 2.174983, 0.230004
782.251953, 1.508777, -1.836104
786.966553, 2.257891, 0.272960
791.681152, 1.609143, -1.800049
796.395752, 2.175707, 0.231533
801.110352, 1.493651, -1.836515
805.814941, 2.256749, 0.273637
810.529541, 1.610025, -1.800364
815.244141, 2.176390, 0.233042
819.958740, 1.496850, -1.836095
824.663330, 2.255646, 0.274330
829.377930, 1.610974, -1.800656
834.092529, 2.177023, 0.234529
838.807129, 1.500006, -1.835685
843.521729, 2.257232, 0.265967
848.226318, 1.611965, -1.800930
852.940918, 2.177617, 0.236000
857.655518, 1.503118, -1.835285
862.370117, 2.256187, 0.266689
867.074707, 1.612991, -1.801188
871.789307, 2.178188, 0.237459
876.503906, 1.506208, -1.834889
881.218506, 2.255165, 0.267417
885.933105, 1.596030, -1.802475
890.637695, 2.178714, 0.238901
895.352295, 1.509247, -1.834507
900.066895, 2.254174, 0.268165
904.781494, 1.597140, -1.802715
909.486084, 2.179216, 0.240332
914.200684, 1.512279, -1.834126
918.915283, 2.253189, 0.268915
923.629883, 1.598259, -1.802947
928.344482, 2.182027, 0.232400
933.049072, 1.515281, -1.833749
937.763672, 2.252231, 0.269677
942.478271, 1.599434, -1.803156
947.192871, 2.182482, 0.233810
951.907471, 1.499902, -1.834251
956.612061, 2.251294, 0.270450
961.326660, 1.600631, -1.803360
966.041260, 2.182925, 0.235214
970.755859, 1.502858, -1.833899
975.460449, 2.250368, 0.271227
980.175049, 1.601845, -1.803556
984.889648, 2.183346, 0.236609
989.604248, 1.505787, -1.833555
994.318848, 2.252094, 0.262922
