time,theta,omega
202.627914, -2.935332, 1.284626
207.345322, -1.388042, 0.263339
212.052734, -1.100438, 1.923925
216.770142, -2.705812, -0.514085
221.477554, -2.632522, 1.405539
226.194962, -1.450866, 0.081292
230.902374, -1.147034, 1.920062
235.619781, -2.672159, -0.494746
240.327194, -2.490800, 1.468538
245.044601, -1.562178, 0.018888
249.752014, -1.089602, 1.953207
254.469421, -2.725619, -0.529109
259.181671, -2.731641, 1.359691
263.896271, -1.383553, 0.138470
268.610870, -1.179960, 1.893640
273.315460, -2.616312, -0.466156
278.030060, -2.287661, 1.559810
282.744659, -1.731081, -0.055997
287.459259, -1.039632, 1.984547
292.163849, -2.750971, -0.554572
296.878448, -2.882055, 1.302065
301.593048, -1.361139, 0.230007
306.307648, -1.153217, 1.899637
311.022247, -2.643683, -0.474243
315.726837, -2.381510, 1.517878
320.441437, -1.650611, -0.025125
325.156036, -1.062315, 1.969356
329.870636, -2.736472, -0.536696
334.575226, -2.793536, 1.338312
339.289825, -1.363463, 0.167733
344.004425, -1.191812, 1.889409
348.719025, -2.614813, -0.459543
353.433624, -2.263709, 1.567011
358.138214, -1.744798, -0.066376
362.852814, -1.047130, 1.987375
367.567413, -2.756029, -0.552621
372.282013, -2.885942, 1.295901
376.986603, -1.365765, 0.233297
381.701202, -1.153584, 1.902910
386.415802, -2.648637, -0.481910
391.130402, -2.401845, 1.504314
395.845001, -1.625719, -0.009026
400.549591, -1.079632, 1.964149
405.264191, -2.726076, -0.534520
409.978790, -2.748772, 1.351861
414.693390, -1.375448, 0.149660
419.397980, -1.199994, 1.891699
424.112579, -2.614108, -0.464034
428.827179, -2.276841, 1.564362
433.541779, -1.739872, -0.058848
438.256378, -1.037121, 1.985895
442.960968, -2.752719, -0.555117
447.675568, -2.888158, 1.299189
452.390167, -1.363136, 0.235303
457.104767, -1.146552, 1.901587
461.809357, -2.643766, -0.483642
466.523956, -2.398338, 1.509560
471.238556, -1.634904, -0.017709
475.953156, -1.065999, 1.965782
480.667755, -2.731942, -0.532973
485.372345, -2.769399, 1.347424
490.086945, -1.370635, 0.154020
494.801544, -1.190890, 1.890468
499.516144, -2.615352, -0.459316
504.220734, -2.279464, 1.566645
508.935333, -1.743808, -0.065271
513.649902, -1.045869, 1.987163
518.364502, -2.756309, -0.552136
523.079102, -2.884692, 1.295796
527.783691, -1.365459, 0.233574
532.498291, -1.152692, 1.902765
537.212891, -2.648661, -0.481279
541.927490, -2.399743, 1.504790
546.642090, -1.626720, -0.008815
551.346680, -1.078022, 1.964327
556.061279, -2.726746, -0.534311
560.775879, -2.749466, 1.351030
565.490479, -1.374710, 0.151162
570.195068, -1.198929, 1.891548
574.909668, -2.614239, -0.463456
579.624268, -2.275195, 1.564651
584.338867, -1.740486, -0.058430
589.053467, -1.035782, 1.985906
593.758057, -2.753155, -0.554759
598.472656, -2.887744, 1.298779
603.187256, -1.363122, 0.236135
607.901855, -1.145005, 1.901687
612.606445, -2.644362, -0.483356
617.321045, -2.398515, 1.508981
622.035645, -1.633908, -0.016632
626.750244, -1.065077, 1.965488
631.464844, -2.731958, -0.532329
636.169434, -2.767014, 1.347845
640.884033, -1.371087, 0.153674
645.598633, -1.189619, 1.890571
650.313232, -2.615736, -0.458911
655.017822, -2.278821, 1.566465
659.732422, -1.743521, -0.064493
664.447021, -1.044660, 1.987005
669.161621, -2.756561, -0.551620
673.876221, -2.883264, 1.295737
678.580811, -1.365094, 0.233772
683.295410, -1.151883, 1.902572
688.010010, -2.648591, -0.480563
692.724609, -2.397166, 1.505464
697.429199, -1.628000, -0.018770
702.143799, -1.076233, 1.964585
706.858398, -2.727560, -0.534165
711.572998, -2.750724, 1.349942
716.287598, -1.373730, 0.153050
720.992188, -1.197845, 1.891348
725.706787, -2.614337, -0.462826
730.421387, -2.273339, 1.565014
735.135986, -1.741246, -0.058040
739.840576, -1.054220, 1.987130
744.555176, -2.753634, -0.554400
749.269775, -2.887437, 1.298300
753.984375, -1.363153, 0.237091
758.698975, -1.143270, 1.901832
763.403564, -2.645062, -0.483107
768.118164, -2.399021, 1.508224
772.832764, -1.632568, -0.015361
777.547363, -1.064180, 1.965111
782.251953, -2.726566, -0.538257
786.966553, -2.764018, 1.348475
791.681152, -1.371747, 0.153044
796.395752, -1.188207, 1.890723
801.110352, -2.616195, -0.458507
805.814941, -2.278328, 1.566179
810.529541, -1.743043, -0.063585
815.244141, -1.043348, 1.986843
819.958740, -2.756870, -0.551123
824.663330, -2.894976, 1.299608
829.377930, -1.364803, 0.234119
834.092529, -1.150881, 1.902439
838.807129, -2.648657, -0.479915
843.521729, -2.395103, 1.505887
848.226318, -1.628907, -0.018472
852.940918, -1.074572, 1.964732
857.655518, -2.728227, -0.533908
862.370117, -2.751229, 1.349150
867.074707, -1.374597, 0.145487
871.789307, -1.196667, 1.891216
876.503906, -2.614512, -0.462230
881.218506, -2.271725, 1.565251
885.933105, -1.741766, -0.057539
890.637695, -1.052806, 1.987130
895.352295, -2.754074, -0.553999
900.066895, -2.886867, 1.297907
904.781494, -1.363098, 0.237896
909.486084, -1.160709, 1.902197
914.200684, -2.645620, -0.482757
918.915283, -2.398894, 1.507753
923.629883, -1.631792, -0.014348
928.344482, -1.063130, 1.964863
933.049072, -2.726668, -0.537638
937.763672, -2.761888, 1.348770
942.478271, -1.372098, 0.152912
947.192871, -1.186880, 1.890806
951.907471, -2.616580, -0.458070
956.612061, -2.277587, 1.566020
961.326660, -1.742802, -0.062793
966.041260, -1.042050, 1.986716
970.755859, -2.757195, -0.550654
975.460449, -2.893894, 1.299416
980.175049, -1.364565, 0.234552
984.889648, -1.149768, 1.902359
989.604248, -2.648840, -0.479353
994.318848, -2.393548, 1.506086
