time,theta,omega
202.627914, 2.274957, 0.279840
207.345322, 1.631462, -1.788612
212.052734, 2.153250, 0.225489
216.770142, 1.475974, -1.840703
221.477554, 2.272258, 0.278512
226.194962, 1.627145, -1.790151
230.902374, 2.156530, 0.226816
235.619781, 1.479183, -1.839716
240.327194, 2.269768, 0.277281
245.044601, 1.623162, -1.791563
249.752014, 2.159540, 0.228028
254.469421, 1.482142, -1.838799
259.181671, 2.264597, 0.271966
263.896271, 1.628163, -1.787609
268.610870, 2.148063, 0.215915
273.315460, 1.493522, -1.835309
278.030060, 2.257438, 0.270075
282.744659, 1.620409, -1.791046
287.459259, 2.155489, 0.220313
292.163849, 1.503404, -1.832904
296.878448, 2.251358, 0.268509
301.593048, 1.614178, -1.793918
306.307648, 2.161712, 0.224209
311.022247, 1.493936, -1.831648
315.726837, 2.246021, 0.267292
320.441437, 1.609143, -1.796340
325.156036, 2.166992, 0.227704
329.870636, 1.501951, -1.829765
334.575226, 2.241322, 0.266368
339.289825, 1.605106, -1.798391
344.004425, 2.171486, 0.230863
348.719025, 1.509237, -1.828078
353.433624, 2.239715, 0.256551
358.138214, 1.601863, -1.800151
362.852814, 2.175356, 0.233755
367.567413, 1.515929, -1.826557
372.282013, 2.235980, 0.256066
376.986603, 1.599284, -1.801669
381.701202, 2.178707, 0.236423
386.415802, 1.522100, -1.825178
391.130402, 2.232626, 0.255747
395.845001, 1.579210, -1.804019
400.549591, 2.181617, 0.238893
405.264191, 1.527807, -1.823941
409.978790, 2.229630, 0.255603
414.693390, 1.577710, -1.805150
419.397980, 2.184108, 0.241190
424.112579, 1.533095, -1.822823
428.827179, 2.226940, 0.255596
433.541779, 1.576624, -1.806134
438.256378, 2.188623, 0.234022
442.960968, 1.538053, -1.821803
447.675568, 2.224501, 0.255706
452.390167, 1.575908, -1.806984
457.104767, 2.190525, 0.236064
461.809357, 1.542690, -1.820879
466.523956, 2.222301, 0.255926
471.238556, 1.575518, -1.807722
475.953156, 2.192176, 0.237998
480.667755, 1.528847, -1.820989
485.372345, 2.220313, 0.256238
490.086945, 1.575423, -1.808357
494.801544, 2.193602, 0.239832
499.516144, 1.532969, -1.820239
504.220734, 2.218504, 0.256635
508.935333, 1.575571, -1.808907
513.649902, 2.194854, 0.241612
518.364502, 1.536965, -1.819539
523.079102, 2.219303, 0.247909
527.783691, 1.575962, -1.809388
532.498291, 2.195911, 0.243293
537.212891, 1.540671, -1.818912
541.927490, 2.217811, 0.248446
546.642090, 1.558422, -1.810790
551.346680, 2.196815, 0.244898
556.061279, 1.544217, -1.818337
560.775879, 2.216449, 0.249041
565.490479, 1.559158, -1.811140
570.195068, 2.197587, 0.246443
574.909668, 1.547601, -1.817812
579.624268, 2.215201, 0.249688
584.338867, 1.560049, -1.811441
589.053467, 2.200627, 0.238651
593.758057, 1.550855, -1.817325
598.472656, 2.214050, 0.250378
603.187256, 1.561060, -1.811697
607.901855, 2.201190, 0.240107
612.606445, 1.553972, -1.816879
617.321045, 2.212995, 0.251113
622.035645, 1.562204, -1.811909
626.750244, 2.201658, 0.241520
631.464844, 1.538817, -1.817431
636.169434, 2.212028, 0.251887
640.884033, 1.563457, -1.812083
645.598633, 2.202042, 0.242895
650.313232, 1.541738, -1.817062
655.017822, 2.211131, 0.252694
659.732422, 1.564812, -1.812220
664.447021, 2.202341, 0.244234
669.161621, 1.544564, -1.816720
673.876221, 2.212744, 0.244288
678.580811, 1.566238, -1.812334
683.295410, 2.202594, 0.245549
688.010010, 1.547332, -1.816394
692.724609, 2.211970, 0.245148
697.429199, 1.567739, -1.812422
702.143799, 2.202770, 0.246834
706.858398, 1.550009, -1.816098
711.572998, 2.211264, 0.246038
716.287598, 1.551184, -1.813471
720.992188, 2.202904, 0.248097
725.706787, 1.552636, -1.815818
730.421387, 2.210598, 0.246945
735.135986, 1.552819, -1.813520
739.840576, 2.202981, 0.249338
744.555176, 1.555193, -1.815560
749.269775, 2.209983, 0.247875
753.984375, 1.554523, -1.813545
758.698975, 2.205423, 0.241288
763.403564, 1.557704, -1.815309
768.118164, 2.209392, 0.248817
772.832764, 1.556241, -1.813557
777.547363, 2.205436, 0.242484
782.251953, 1.560147, -1.815077
786.966553, 2.208833, 0.249762
791.681152, 1.557999, -1.813563
796.395752, 2.205423, 0.243685
801.110352, 1.544430, -1.815828
805.814941, 2.208311, 0.250732
810.529541, 1.559809, -1.813548
815.244141, 2.205379, 0.244868
819.958740, 1.546831, -1.815626
824.663330, 2.207795, 0.251710
829.377930, 1.561645, -1.813527
834.092529, 2.205314, 0.246045
838.807129, 1.549215, -1.815427
843.521729, 2.209747, 0.243450
848.226318, 1.563511, -1.813491
852.940918, 2.205223, 0.247210
857.655518, 1.551565, -1.815236
862.370117, 2.209288, 0.244449
867.074707, 1.565411, -1.813446
871.789307, 2.205101, 0.248362
876.503906, 1.553885, -1.815058
881.218506, 2.208858, 0.245463
885.933105, 1.549194, -1.814376
890.637695, 2.204965, 0.249504
895.352295, 1.556181, -1.814883
900.066895, 2.208440, 0.246482
904.781494, 1.551137, -1.814324
909.486084, 2.204811, 0.250642
914.200684, 1.558465, -1.814713
918.915283, 2.208025, 0.247504
923.629883, 1.553096, -1.814265
928.344482, 2.207067, 0.242514
933.049072, 1.560737, -1.814541
937.763672, 2.207629, 0.248530
942.478271, 1.555061, -1.814202
947.192871, 2.206910, 0.243648
951.907471, 1.544840, -1.815353
956.612061, 2.207233, 0.249561
961.326660, 1.557049, -1.814131
966.041260, 2.206728, 0.244773
970.755859, 1.547073, -1.815205
975.460449, 2.206863, 0.250602
980.175049, 1.559060, -1.814052
984.889648, 2.206520, 0.245887
989.604248, 1.549287, -1.815065
994.318848, 2.208923, 0.242390
