time,theta,omega
202.627914, 2.368232, 0.325950
207.345322, 1.773769, -1.739009
212.052734, 2.054278, 0.185250
216.770142, 1.366120, -1.876840
221.477554, 2.369348, 0.326402
226.194962, 1.775812, -1.738117
230.902374, 2.052518, 0.184447
235.619781, 1.364768, -1.877087
240.327194, 2.370225, 0.326738
245.044601, 1.777377, -1.737420
249.752014, 2.051132, 0.183797
254.469421, 1.363691, -1.877274
259.181671, 2.367986, 0.322698
263.896271, 1.784676, -1.732573
268.610870, 2.037685, 0.171221
273.315460, 1.379269, -1.872248
278.030060, 2.357405, 0.318785
282.744659, 1.766597, -1.740703
287.459259, 2.053841, 0.178972
292.163849, 1.391884, -1.870122
296.878448, 2.349669, 0.316302
301.593048, 1.754514, -1.746317
306.307648, 2.065075, 0.184775
311.022247, 1.383217, -1.868945
315.726837, 2.343714, 0.314663
320.441437, 1.745991, -1.750448
325.156036, 2.073406, 0.189410
329.870636, 1.391568, -1.867519
334.575226, 2.338936, 0.313584
339.289825, 1.739802, -1.753623
344.004425, 2.079829, 0.193278
348.719025, 1.398716, -1.866315
353.433624, 2.338039, 0.304175
358.138214, 1.735249, -1.756131
362.852814, 2.084927, 0.196606
367.567413, 1.404982, -1.865288
372.282013, 2.334725, 0.303786
376.986603, 1.731894, -1.758150
381.701202, 2.089048, 0.199536
386.415802, 1.410592, -1.864386
391.130402, 2.331871, 0.303609
395.845001, 1.711782, -1.760950
400.549591, 2.092468, 0.202168
405.264191, 1.415662, -1.863610
409.978790, 2.329412, 0.303632
414.693390, 1.710034, -1.762326
419.397980, 2.095283, 0.204559
424.112579, 1.420331, -1.862914
428.827179, 2.327244, 0.303791
433.541779, 1.708818, -1.763486
438.256378, 2.099640, 0.197149
442.960968, 1.424658, -1.862298
447.675568, 2.325321, 0.304072
452.390167, 1.708061, -1.764463
457.104767, 2.101666, 0.199215
461.809357, 1.428684, -1.861752
466.523956, 2.323621, 0.304457
471.238556, 1.707717, -1.765277
475.953156, 2.103365, 0.201144
480.667755, 1.413853, -1.861911
485.372345, 2.322083, 0.304919
490.086945, 1.707662, -1.765975
494.801544, 2.104827, 0.202977
499.516144, 1.417469, -1.861474
504.220734, 2.320689, 0.305447
508.935333, 1.707872, -1.766568
513.649902, 2.106098, 0.204750
518.364502, 1.420971, -1.861076
523.079102, 2.322362, 0.297260
527.783691, 1.708330, -1.767080
532.498291, 2.107163, 0.206425
537.212891, 1.424257, -1.860713
541.927490, 2.321205, 0.297899
546.642090, 1.691267, -1.768625
551.346680, 2.108076, 0.208026
556.061279, 1.427423, -1.860380
560.775879, 2.320128, 0.298579
565.490479, 1.692046, -1.768999
570.195068, 2.108859, 0.209574
574.909668, 1.430487, -1.860070
579.624268, 2.319128, 0.299297
584.338867, 1.692947, -1.769325
589.053467, 2.111564, 0.201490
593.758057, 1.433461, -1.859780
598.472656, 2.318191, 0.300045
603.187256, 1.693983, -1.769596
607.901855, 2.112152, 0.202956
612.606445, 1.436344, -1.859509
617.321045, 2.317324, 0.300825
622.035645, 1.695133, -1.769825
626.750244, 2.112655, 0.204385
631.464844, 1.420554, -1.859924
636.169434, 2.316507, 0.301629
640.884033, 1.696370, -1.770017
645.598633, 2.113075, 0.205782
650.313232, 1.423300, -1.859704
655.017822, 2.315740, 0.302459
659.732422, 1.697702, -1.770172
664.447021, 2.113429, 0.207147
669.161621, 1.425993, -1.859491
673.876221, 2.317949, 0.294484
678.580811, 1.699101, -1.770298
683.295410, 2.113724, 0.208488
688.010010, 1.428626, -1.859296
692.724609, 2.317274, 0.295354
697.429199, 1.700577, -1.770396
702.143799, 2.113953, 0.209802
706.858398, 1.431205, -1.859110
711.572998, 2.316623, 0.296238
716.287598, 1.684389, -1.771583
720.992188, 2.114146, 0.211099
725.706787, 1.433753, -1.858932
730.421387, 2.316005, 0.297136
735.135986, 1.685972, -1.771645
739.840576, 2.114291, 0.212377
744.555176, 1.436267, -1.858760
749.269775, 2.315406, 0.298045
753.984375, 1.687587, -1.771693
758.698975, 2.116449, 0.204071
763.403564, 1.438761, -1.858590
768.118164, 2.314822, 0.298958
772.832764, 1.689218, -1.771724
777.547363, 2.116539, 0.205312
782.251953, 1.441180, -1.858433
786.966553, 2.314276, 0.299879
791.681152, 1.690928, -1.771735
796.395752, 2.116590, 0.206549
801.110352, 1.425013, -1.858963
805.814941, 2.313743, 0.300819
810.529541, 1.692668, -1.771731
815.244141, 2.116611, 0.207776
819.958740, 1.427409, -1.858828
824.663330, 2.313231, 0.301768
829.377930, 1.694441, -1.771714
834.092529, 2.116613, 0.208992
838.807129, 1.429792, -1.858698
843.521729, 2.315663, 0.293892
848.226318, 1.696230, -1.771691
852.940918, 2.116596, 0.210203
857.655518, 1.432158, -1.858567
862.370117, 2.315184, 0.294855
867.074707, 1.698062, -1.771649
871.789307, 2.116548, 0.211397
876.503906, 1.434501, -1.858441
881.218506, 2.314712, 0.295823
885.933105, 1.682162, -1.772724
890.637695, 2.116497, 0.212592
895.352295, 1.436834, -1.858317
900.066895, 2.314248, 0.296796
904.781494, 1.684012, -1.772680
909.486084, 2.116422, 0.213779
914.200684, 1.439152, -1.858195
918.915283, 2.313799, 0.297776
923.629883, 1.685895, -1.772627
928.344482, 2.118383, 0.205392
933.049072, 1.441453, -1.858078
937.763672, 2.313355, 0.298759
942.478271, 1.687797, -1.772562
947.192871, 2.118275, 0.206562
951.907471, 1.425156, -1.858635
956.612061, 2.312924, 0.299746
961.326660, 1.689710, -1.772491
966.041260, 2.118169, 0.207732
970.755859, 1.427440, -1.858533
975.460449, 2.312491, 0.300734
980.175049, 1.691633, -1.772418
984.889648, 2.118047, 0.208896
989.604248, 1.429708, -1.858431
994.318848, 2.315003, 0.292894
