time,theta,omega
202.627914, -2.193548, 1.601221
207.345322, -1.813406, -0.087810
212.052734, -1.062702, 1.989246
216.770142, -2.743443, -0.542592
221.477554, -2.837887, 1.315015
226.194962, -1.347084, 0.202217
230.902374, -1.216449, 1.876838
235.619781, -2.590784, -0.443154
240.327194, -2.192806, 1.601446
245.044601, -1.813851, -0.087808
249.752014, -1.062391, 1.989276
254.469421, -2.743536, -0.542489
259.181671, -2.840844, 1.310090
263.896271, -1.344040, 0.209987
268.610870, -1.213343, 1.871634
273.315460, -2.569281, -0.436542
278.030060, -2.137230, 1.624644
282.744659, -1.853041, -0.105110
287.459259, -1.068467, 1.987157
292.163849, -2.716909, -0.533795
296.878448, -2.743291, 1.350912
301.593048, -1.368343, 0.144538
306.307648, -1.228133, 1.872088
311.022247, -2.565779, -0.427278
315.726837, -2.119082, 1.634741
320.441437, -1.872404, -0.115278
325.156036, -1.076397, 1.988855
329.870636, -2.719312, -0.527896
334.575226, -2.739739, 1.354332
339.289825, -1.371696, 0.138520
344.004425, -1.231427, 1.872899
348.719025, -2.565888, -0.429740
353.433624, -2.110341, 1.633279
358.138214, -1.868766, -0.116282
362.852814, -1.080395, 1.988869
367.567413, -2.718430, -0.529634
372.282013, -2.730789, 1.351582
376.986603, -1.371387, 0.137228
381.701202, -1.236027, 1.872679
386.415802, -2.564644, -0.431353
391.130402, -2.113289, 1.633584
395.845001, -1.870347, -0.108830
400.549591, -1.085159, 1.989151
405.264191, -2.717129, -0.531169
409.978790, -2.733614, 1.352368
414.693390, -1.370414, 0.144003
419.397980, -1.240343, 1.872668
424.112579, -2.563693, -0.433153
428.827179, -2.117249, 1.633426
433.541779, -1.869968, -0.111136
438.256378, -1.069896, 1.988338
442.960968, -2.715905, -0.532747
447.675568, -2.736812, 1.353007
452.390167, -1.370739, 0.141914
457.104767, -1.225989, 1.872786
461.809357, -2.562686, -0.434919
466.523956, -2.121048, 1.633341
471.238556, -1.869732, -0.113497
475.953156, -1.074522, 1.988600
480.667755, -2.719952, -0.527572
485.372345, -2.739997, 1.353657
490.086945, -1.371061, 0.139816
494.801544, -1.230372, 1.872750
499.516144, -2.565957, -0.429089
504.220734, -2.124819, 1.633267
508.935333, -1.869505, -0.115864
513.649902, -1.079151, 1.988873
518.364502, -2.718768, -0.529204
523.079102, -2.729928, 1.351394
527.783691, -1.371288, 0.137823
532.498291, -1.234824, 1.872686
537.212891, -2.564915, -0.430863
541.927490, -2.112221, 1.633619
546.642090, -1.870432, -0.108188
551.346680, -1.083887, 1.989091
556.061279, -2.717470, -0.530738
560.775879, -2.732774, 1.352176
565.490479, -1.370307, 0.144600
570.195068, -1.239152, 1.872676
574.909668, -2.563964, -0.432663
579.624268, -2.116187, 1.633458
584.338867, -1.870052, -0.110495
589.053467, -1.068614, 1.988271
593.758057, -2.716251, -0.532318
598.472656, -2.735966, 1.352818
603.187256, -1.370634, 0.142507
607.901855, -1.224782, 1.872792
612.606445, -2.562971, -0.434438
617.321045, -2.120032, 1.633350
622.035645, -1.869768, -0.112837
626.750244, -1.073241, 1.988528
631.464844, -2.720294, -0.527141
636.169434, -2.739155, 1.353465
640.884033, -1.370956, 0.140411
645.598633, -1.229158, 1.872762
650.313232, -2.566242, -0.428608
655.017822, -2.123814, 1.633273
659.732422, -1.869543, -0.115204
664.447021, -1.077886, 1.988777
669.161621, -2.719063, -0.528714
673.876221, -2.728765, 1.351312
678.580811, -1.371308, 0.138280
683.295410, -1.233531, 1.872728
688.010010, -2.565242, -0.430378
692.724609, -2.111260, 1.633582
697.429199, -1.869303, -0.117565
702.143799, -1.082531, 1.989015
706.858398, -2.717829, -0.530286
711.572998, -2.731885, 1.351981
716.287598, -1.370198, 0.145221
720.992188, -1.237893, 1.872690
725.706787, -2.564247, -0.432151
730.421387, -2.115082, 1.633487
735.135986, -1.870126, -0.109818
739.840576, -1.087167, 1.989243
744.555176, -2.716601, -0.531863
749.269775, -2.735052, 1.352632
753.984375, -1.370537, 0.143110
758.698975, -1.223520, 1.872799
763.403564, -2.563259, -0.433930
768.118164, -2.118937, 1.633374
772.832764, -1.869828, -0.112138
777.547363, -1.071881, 1.988450
782.251953, -2.715378, -0.533429
786.966553, -2.738191, 1.353285
791.681152, -1.370875, 0.141014
796.395752, -1.227885, 1.872767
801.110352, -2.566519, -0.428078
805.814941, -2.122639, 1.633326
810.529541, -1.869662, -0.114529
815.244141, -1.076533, 1.988708
819.958740, -2.719420, -0.528248
824.663330, -2.741327, 1.353957
829.377930, -1.371222, 0.138889
834.092529, -1.232245, 1.872741
838.807129, -2.565538, -0.429858
843.521729, -2.110147, 1.633605
848.226318, -1.869376, -0.116870
852.940918, -1.081164, 1.988947
857.655518, -2.718196, -0.529826
862.370117, -2.730981, 1.351776
867.074707, -1.371545, 0.136788
871.789307, -1.236620, 1.872698
876.503906, -2.564535, -0.431626
881.218506, -2.113942, 1.633522
885.933105, -1.870216, -0.109130
890.637695, -1.085801, 1.989179
895.352295, -2.716966, -0.531401
900.066895, -2.734128, 1.352437
904.781494, -1.370433, 0.143737
909.486084, -1.240977, 1.872653
914.200684, -2.563544, -0.433403
918.915283, -2.117776, 1.633422
923.629883, -1.869949, -0.111481
928.344482, -1.070554, 1.988379
933.049072, -2.715731, -0.532974
937.763672, -2.737267, 1.353102
942.478271, -1.370785, 0.141612
947.192871, -1.226619, 1.872780
951.907471, -2.566816, -0.427573
956.612061, -2.121587, 1.633330
961.326660, -1.869699, -0.113837
966.041260, -1.075192, 1.988634
970.755859, -2.719776, -0.527797
975.460449, -2.740441, 1.353755
980.175049, -1.371114, 0.139511
984.889648, -1.230989, 1.872749
989.604248, -2.565818, -0.429345
994.318848, -2.109038, 1.633636
