time,theta,omega
202.627914, 2.687168, 0.509528
207.345322, 2.559678, -1.433581
212.052734, 1.500404, -0.045990
216.770142, 1.110860, -1.935102
221.477554, 2.694436, 0.514107
226.194962, 2.591555, -1.419338
230.902374, 1.475892, -0.060535
235.619781, 1.123897, -1.927593
240.327194, 2.682263, 0.506223
245.044601, 2.537577, -1.443361
249.752014, 1.517731, -0.036609
254.469421, 1.101503, -1.940242
259.181671, 2.699749, 0.514666
263.896271, 2.619549, -1.405516
268.610870, 1.448847, -0.083319
273.315460, 1.162388, -1.914065
278.030060, 2.648192, 0.483989
282.744659, 2.406318, -1.502831
287.459259, 1.622854, 0.008579
292.163849, 1.082242, -1.963539
296.878448, 2.724693, 0.534417
301.593048, 2.745401, -1.353932
306.307648, 1.377443, -0.146318
311.022247, 1.182152, -1.892058
315.726837, 2.614260, 0.464957
320.441437, 2.280164, -1.563414
325.156036, 1.737986, 0.058912
329.870636, 1.038980, -1.985693
334.575226, 2.752004, 0.555439
339.289825, 2.887857, -1.300012
344.004425, 1.362899, -0.233719
348.719025, 1.149172, -1.901217
353.433624, 2.647268, 0.476530
358.138214, 2.396106, -1.511217
362.852814, 1.637928, 0.019820
367.567413, 1.066610, -1.966544
372.282013, 2.732499, 0.534159
376.986603, 2.775176, -1.345778
381.701202, 1.369127, -0.156162
386.415802, 1.192597, -1.890146
391.130402, 2.614731, 0.459713
395.845001, 2.264059, -1.566934
400.549591, 1.744653, 0.066433
405.264191, 1.047413, -1.987361
409.978790, 2.755947, 0.552682
414.693390, 2.886060, -1.295962
419.397980, 1.365804, -0.233186
424.112579, 1.153843, -1.902905
428.827179, 2.648590, 0.481997
433.541779, 2.402108, -1.504291
438.256378, 1.625660, 0.009124
442.960968, 1.079926, -1.964140
447.675568, 2.725997, 0.534589
452.390167, 2.748920, -1.351909
457.104767, 1.375481, -0.149540
461.809357, 1.200258, -1.891694
466.523956, 2.614053, 0.464122
471.238556, 2.277107, -1.564334
475.953156, 1.739812, 0.058949
480.667755, 1.037419, -1.985891
485.372345, 2.752631, 0.555182
490.086945, 2.888281, -1.299256
494.801544, 1.363170, -0.235181
499.516144, 1.146841, -1.901578
504.220734, 2.643696, 0.483718
508.935333, 2.398526, -1.509571
513.649902, 1.634935, 0.017861
518.364502, 1.066319, -1.965801
523.079102, 2.731877, 0.533084
527.783691, 2.769726, -1.347427
532.498291, 1.370628, -0.153956
537.212891, 1.191221, -1.890455
541.927490, 2.615279, 0.459423
546.642090, 2.264085, -1.566439
551.346680, 1.743771, 0.065415
556.061279, 1.046242, -1.987140
560.775879, 2.756174, 0.552170
565.490479, 2.884574, -1.295952
570.195068, 1.365405, -0.233291
574.909668, 1.153182, -1.902681
579.624268, 2.648421, 0.481255
584.338867, 2.399256, -1.505114
589.053467, 1.627311, 0.009196
593.758057, 1.078102, -1.964470
598.472656, 2.726885, 0.534525
603.187256, 2.750653, -1.350652
607.901855, 1.374322, -0.151655
612.606445, 1.199284, -1.891448
617.321045, 2.614086, 0.463479
622.035645, 2.275075, -1.564802
626.750244, 1.740769, 0.058670
631.464844, 1.036031, -1.985959
636.169434, 2.753134, 0.554871
640.884033, 2.888201, -1.298720
645.598633, 1.363271, -0.236240
650.313232, 1.145010, -1.901781
655.017822, 2.644521, 0.483573
659.732422, 2.399617, -1.508567
664.447021, 1.633110, 0.016408
669.161621, 1.065618, -1.965313
673.876221, 2.731633, 0.532237
678.580811, 2.765998, -1.348363
683.295410, 1.371550, -0.152855
688.010010, 1.189826, -1.890655
692.724609, 2.615763, 0.459055
697.429199, 2.279390, -1.566293
702.143799, 1.743193, 0.064483
706.858398, 1.044976, -1.986964
711.572998, 2.756458, 0.551670
716.287598, 2.883295, -1.295838
720.992188, 1.365094, -0.233587
725.706787, 1.152245, -1.902534
730.421387, 2.648457, 0.480601
735.135986, 2.397092, -1.505596
739.840576, 1.628234, 0.018993
744.555176, 1.076433, -1.964645
749.269775, 2.727577, 0.534300
753.984375, 2.751319, -1.349805
758.698975, 1.373583, -0.153194
763.403564, 1.198159, -1.891298
768.118164, 2.614230, 0.462878
772.832764, 2.273364, -1.565085
777.547363, 1.741379, 0.058204
782.251953, 1.054460, -1.987158
786.966553, 2.753597, 0.554484
791.681152, 2.887737, -1.298286
796.395752, 1.363259, -0.237117
801.110352, 1.143358, -1.901887
805.814941, 2.645144, 0.483261
810.529541, 2.399761, -1.507968
815.244141, 1.632086, 0.015273
819.958740, 1.064632, -1.965004
824.663330, 2.726334, 0.538225
829.377930, 2.763437, -1.348819
834.092529, 1.372051, -0.152485
838.807129, 1.188448, -1.890770
843.521729, 2.616183, 0.458625
848.226318, 2.278735, -1.566085
852.940918, 1.742848, 0.063634
857.655518, 1.043661, -1.986818
862.370117, 2.756773, 0.551179
867.074707, 2.895035, -1.299696
871.789307, 1.364813, -0.233954
876.503906, 1.151222, -1.902410
881.218506, 2.648542, 0.479966
885.933105, 2.395097, -1.505988
890.637695, 1.629082, 0.018670
895.352295, 1.074801, -1.964776
900.066895, 2.728210, 0.534021
904.781494, 2.751698, -1.349065
909.486084, 1.374506, -0.145557
914.200684, 1.196958, -1.891184
918.915283, 2.614432, 0.462300
923.629883, 2.271868, -1.565281
928.344482, 1.741814, 0.057684
933.049072, 1.053079, -1.987147
937.763672, 2.754015, 0.554083
942.478271, 2.887115, -1.297924
947.192871, 1.363176, -0.237859
951.907471, 1.141887, -1.901932
956.612061, 2.645628, 0.482880
961.326660, 2.399399, -1.507617
966.041260, 1.631526, 0.014352
970.755859, 1.063499, -1.964808
975.460449, 2.726518, 0.537661
980.175049, 2.761713, -1.348947
984.889648, 1.372254, -0.152598
989.604248, 1.187133, -1.890827
994.318848, 2.616547, 0.458174
