time,theta,omega
202.627914, 1.804759, 0.090304
207.345322, 1.113825, -1.960540
212.052734, 2.655922, 0.490928
216.770142, 2.495579, -1.445169
221.477554, 1.514668, -0.028864
226.194962, 1.203938, -1.893472
230.902374, 2.567209, 0.434345
235.619781, 2.158352, -1.602395
240.327194, 1.809690, 0.092030
245.044601, 1.113517, -1.961130
249.752014, 2.656246, 0.491026
254.469421, 2.496481, -1.444624
259.181671, 1.511058, -0.033017
263.896271, 1.218647, -1.886790
268.610870, 2.547965, 0.416357
273.315460, 2.107702, -1.628356
278.030060, 1.854519, 0.108183
282.744659, 1.133202, -1.960301
287.459259, 2.637357, 0.474824
292.163849, 2.434840, -1.476668
296.878448, 1.567199, -0.004395
301.593048, 1.193815, -1.904425
306.307648, 2.574101, 0.434588
311.022247, 2.186188, -1.586286
315.726837, 1.773930, 0.079544
320.441437, 1.135699, -1.951051
325.156036, 2.633654, 0.473770
329.870636, 2.410939, -1.481879
334.575226, 1.578008, 0.002621
339.289825, 1.193123, -1.907639
344.004425, 2.577883, 0.439284
348.719025, 2.206529, -1.578447
353.433624, 1.759674, 0.066085
358.138214, 1.141573, -1.948894
362.852814, 2.630708, 0.474141
367.567413, 2.406875, -1.485552
372.282013, 1.584459, -0.002247
376.986603, 1.194585, -1.909547
381.701202, 2.579657, 0.442756
386.415802, 2.220011, -1.573816
391.130402, 1.750807, 0.065098
395.845001, 1.127651, -1.947013
400.549591, 2.628334, 0.474936
405.264191, 2.405185, -1.488112
409.978790, 1.588928, 0.001970
414.693390, 1.177902, -1.910670
419.397980, 2.580524, 0.445662
424.112579, 2.230309, -1.570692
428.827179, 1.744769, 0.065202
433.541779, 1.132978, -1.946166
438.256378, 2.630980, 0.468728
442.960968, 2.404896, -1.490023
447.675568, 1.592191, 0.005680
452.390167, 1.180907, -1.911644
457.104767, 2.585253, 0.440750
461.809357, 2.238753, -1.568438
466.523956, 1.740375, 0.065928
471.238556, 1.138132, -1.945567
475.953156, 2.629173, 0.469930
480.667755, 2.390589, -1.490832
485.372345, 1.594682, 0.009065
490.086945, 1.184252, -1.912399
494.801544, 2.585265, 0.443140
499.516144, 2.230396, -1.566757
504.220734, 1.736976, 0.067037
508.935333, 1.143168, -1.945117
513.649902, 2.627534, 0.471270
518.364502, 2.391982, -1.491983
523.079102, 1.596537, 0.002203
527.783691, 1.187958, -1.912959
532.498291, 2.584997, 0.445384
537.212891, 2.236845, -1.565461
541.927490, 1.734982, 0.058350
546.642090, 1.128720, -1.944241
551.346680, 2.625952, 0.472647
556.061279, 2.393536, -1.493034
560.775879, 1.598212, 0.005240
565.490479, 1.172575, -1.913240
570.195068, 2.584639, 0.447546
574.909668, 2.242884, -1.564332
579.624268, 1.732726, 0.059900
584.338867, 1.133600, -1.944006
589.053467, 2.629126, 0.466807
593.758057, 2.395456, -1.493915
598.472656, 1.599571, 0.008144
603.187256, 1.176451, -1.913680
607.901855, 2.588559, 0.442143
612.606445, 2.248447, -1.563433
617.321045, 1.730894, 0.061611
622.035645, 1.138414, -1.943837
626.750244, 2.627730, 0.468293
631.464844, 2.382773, -1.493988
636.169434, 1.600629, 0.010924
640.884033, 1.180445, -1.914034
645.598633, 2.587982, 0.444165
650.313232, 2.238049, -1.562696
655.017822, 1.729352, 0.063429
659.732422, 1.143192, -1.943702
664.447021, 2.626373, 0.469805
669.161621, 2.385175, -1.494643
673.876221, 1.601585, 0.003638
678.580811, 1.184518, -1.914339
683.295410, 2.587314, 0.446136
688.010010, 2.242992, -1.562083
692.724609, 1.728616, 0.055204
697.429199, 1.147923, -1.943607
702.143799, 2.625065, 0.471353
706.858398, 2.387801, -1.495193
711.572998, 1.602335, 0.006289
716.287598, 1.169516, -1.914347
720.992188, 2.586585, 0.448065
725.706787, 2.247709, -1.561583
730.421387, 1.727542, 0.057207
735.135986, 1.133190, -1.943022
739.840576, 2.623793, 0.472926
744.555176, 2.390585, -1.495668
749.269775, 1.602933, 0.008878
753.984375, 1.173719, -1.914584
758.698975, 2.590224, 0.442489
763.403564, 2.252262, -1.561155
768.118164, 1.726611, 0.059259
772.832764, 1.137858, -1.943001
777.547363, 2.627194, 0.467223
782.251953, 2.393328, -1.496150
786.966553, 1.603556, 0.011462
791.681152, 1.177885, -1.914820
796.395752, 2.589465, 0.444383
801.110352, 2.241197, -1.560716
805.814941, 1.725655, 0.061290
810.529541, 1.142537, -1.942974
815.244141, 2.625955, 0.468812
819.958740, 2.381243, -1.495953
824.663330, 1.604072, 0.014018
829.377930, 1.182133, -1.915017
834.092529, 2.588635, 0.446251
838.807129, 2.245556, -1.560380
843.521729, 1.725421, 0.053264
848.226318, 1.147172, -1.942977
852.940918, 2.624741, 0.470427
857.655518, 2.384245, -1.496325
862.370117, 1.604533, 0.006517
867.074707, 1.186421, -1.915178
871.789307, 2.587767, 0.448096
876.503906, 2.249785, -1.560107
881.218506, 1.724781, 0.055430
885.933105, 1.132375, -1.942463
890.637695, 2.623546, 0.472052
895.352295, 2.387316, -1.496667
900.066895, 1.604896, 0.009004
904.781494, 1.171572, -1.915098
909.486084, 2.586886, 0.449932
914.200684, 2.253979, -1.559850
918.915283, 1.724167, 0.057606
923.629883, 1.137003, -1.942506
928.344482, 2.627010, 0.466404
933.049072, 2.390390, -1.497006
937.763672, 1.605250, 0.011494
942.478271, 1.175885, -1.915263
947.192871, 2.590428, 0.444296
951.907471, 2.242541, -1.559591
956.612061, 1.723580, 0.059791
961.326660, 1.141617, -1.942548
966.041260, 2.625841, 0.468042
970.755859, 2.378569, -1.496691
975.460449, 1.605525, 0.013952
980.175049, 1.180242, -1.915399
984.889648, 2.589507, 0.446106
989.604248, 2.246567, -1.559413
994.318848, 1.723623, 0.051876
