time,theta,omega
202.627914, 2.185846, 0.236996
207.345322, 1.554863, -1.803670
212.052734, 2.185676, 0.236881
216.770142, 1.554592, -1.803738
221.477554, 2.185833, 0.236906
226.194962, 1.554684, -1.803688
230.902374, 2.185725, 0.236812
235.619781, 1.554477, -1.803734
240.327194, 2.185833, 0.236815
245.044601, 1.554512, -1.803705
249.752014, 2.185758, 0.236742
254.469421, 1.554332, -1.803741
259.181671, 2.183032, 0.232673
263.896271, 1.564514, -1.797953
268.610870, 2.170550, 0.222977
273.315460, 1.560203, -1.801959
278.030060, 2.180088, 0.232821
282.744659, 1.563885, -1.798696
287.459259, 2.172342, 0.224944
292.163849, 1.564471, -1.801144
296.878448, 2.178196, 0.233213
301.593048, 1.564197, -1.799151
306.307648, 2.173424, 0.226612
311.022247, 1.549987, -1.801607
315.726837, 2.176857, 0.233844
320.441437, 1.565125, -1.799405
325.156036, 2.174045, 0.228081
329.870636, 1.553033, -1.801188
334.575226, 2.175889, 0.234632
339.289825, 1.566454, -1.799529
344.004425, 2.174361, 0.229421
348.719025, 1.555762, -1.800870
353.433624, 2.177408, 0.226166
358.138214, 1.568030, -1.799572
362.852814, 2.174495, 0.230683
367.567413, 1.558292, -1.800612
372.282013, 2.176822, 0.227118
376.986603, 1.569788, -1.799556
381.701202, 2.174495, 0.231885
386.415802, 1.560681, -1.800390
391.130402, 2.176334, 0.228105
395.845001, 1.553622, -1.800561
400.549591, 2.174409, 0.233044
405.264191, 1.562955, -1.800215
409.978790, 2.175943, 0.229142
414.693390, 1.555573, -1.800491
419.397980, 2.174248, 0.234180
424.112579, 1.565165, -1.800056
428.827179, 2.175601, 0.230200
433.541779, 1.557585, -1.800401
438.256378, 2.176318, 0.225945
442.960968, 1.567351, -1.799903
447.675568, 2.175271, 0.231261
452.390167, 1.559619, -1.800301
457.104767, 2.176099, 0.227056
461.809357, 1.569495, -1.799760
466.523956, 2.174971, 0.232338
471.238556, 1.561678, -1.800192
475.953156, 2.175873, 0.228162
480.667755, 1.553616, -1.800682
485.372345, 2.174695, 0.233422
490.086945, 1.563761, -1.800076
494.801544, 2.175618, 0.229259
499.516144, 1.555733, -1.800558
504.220734, 2.174409, 0.234504
508.935333, 1.565846, -1.799955
513.649902, 2.175398, 0.230388
518.364502, 1.557923, -1.800424
523.079102, 2.176371, 0.226255
527.783691, 1.567967, -1.799836
532.498291, 2.175124, 0.231486
537.212891, 1.560036, -1.800298
541.927490, 2.176103, 0.227345
546.642090, 1.552065, -1.800754
551.346680, 2.174852, 0.232573
556.061279, 1.562114, -1.800184
560.775879, 2.175857, 0.228442
565.490479, 1.554170, -1.800636
570.195068, 2.174585, 0.233664
574.909668, 1.564224, -1.800056
579.624268, 2.175586, 0.229531
584.338867, 1.556262, -1.800520
589.053467, 2.176579, 0.225396
593.758057, 1.566324, -1.799930
598.472656, 2.175324, 0.230623
603.187256, 1.558364, -1.800400
607.901855, 2.176320, 0.226490
612.606445, 1.568420, -1.799806
617.321045, 2.175066, 0.231716
622.035645, 1.560467, -1.800278
626.750244, 2.176058, 0.227580
631.464844, 1.552501, -1.800733
636.169434, 2.174804, 0.232808
640.884033, 1.562569, -1.800156
645.598633, 2.175796, 0.228672
650.313232, 1.554616, -1.800611
655.017822, 2.174533, 0.233896
659.732422, 1.564659, -1.800034
664.447021, 2.175541, 0.229767
669.161621, 1.556712, -1.800493
673.876221, 2.176521, 0.225628
678.580811, 1.566768, -1.799903
683.295410, 2.175267, 0.230854
688.010010, 1.558804, -1.800376
692.724609, 2.176269, 0.226723
697.429199, 1.568880, -1.799775
702.143799, 2.174997, 0.231942
706.858398, 1.560898, -1.800256
711.572998, 2.176010, 0.227815
716.287598, 1.552963, -1.800703
720.992188, 2.174741, 0.233036
725.706787, 1.563014, -1.800128
730.421387, 2.175741, 0.228905
735.135986, 1.555053, -1.800590
739.840576, 2.174476, 0.234129
744.555176, 1.565120, -1.800002
749.269775, 2.175476, 0.229994
753.984375, 1.557153, -1.800469
758.698975, 2.176470, 0.225862
763.403564, 1.567222, -1.799876
768.118164, 2.175209, 0.231082
772.832764, 1.559237, -1.800345
777.547363, 2.176203, 0.226934
782.251953, 1.569271, -1.799757
786.966553, 2.174961, 0.232167
791.681152, 1.561341, -1.800223
796.395752, 2.175943, 0.228026
801.110352, 1.553365, -1.800687
805.814941, 2.174698, 0.233258
810.529541, 1.563433, -1.800103
815.244141, 2.175686, 0.229121
819.958740, 1.555466, -1.800568
824.663330, 2.174428, 0.234348
829.377930, 1.565542, -1.799975
834.092529, 2.175416, 0.230208
838.807129, 1.557563, -1.800449
843.521729, 2.176427, 0.226082
848.226318, 1.567641, -1.799852
852.940918, 2.175150, 0.231302
857.655518, 1.559667, -1.800326
862.370117, 2.176157, 0.227171
867.074707, 1.569729, -1.799727
871.789307, 2.174904, 0.232397
876.503906, 1.561784, -1.800199
881.218506, 2.175891, 0.228259
885.933105, 1.553813, -1.800660
890.637695, 2.174638, 0.233487
895.352295, 1.563884, -1.800075
900.066895, 2.175627, 0.229352
904.781494, 1.555913, -1.800541
909.486084, 2.174373, 0.234578
914.200684, 1.565987, -1.799948
918.915283, 2.175361, 0.230443
923.629883, 1.558011, -1.800421
928.344482, 2.176357, 0.226311
933.049072, 1.568081, -1.799825
937.763672, 2.175102, 0.231535
942.478271, 1.560122, -1.800297
947.192871, 2.176095, 0.227399
951.907471, 1.552161, -1.800752
956.612061, 2.174852, 0.232630
961.326660, 1.562229, -1.800173
966.041260, 2.175834, 0.228492
970.755859, 1.554252, -1.800636
975.460449, 2.174592, 0.233722
980.175049, 1.564342, -1.800047
984.889648, 2.175557, 0.229580
989.604248, 1.556342, -1.800521
994.318848, 2.176581, 0.225456
