time,theta,omega
202.627914, -1.389174, 1.952262
207.345322, -2.557156, -0.442052
212.052734, -2.038568, 1.690420
216.770142, -1.997394, -0.163342
221.477554, -1.025690, 2.036222
226.194962, -2.840012, -0.611264
230.902374, 2.985113, 1.194550
235.619781, 2.556127, -0.940157
240.327194, 1.472579, -0.222973
245.044601, 0.955003, -1.982339
249.752014, 2.858279, 0.619820
254.469421, -2.891523, -1.172801
259.181671, -0.743284, 1.907690
263.896271, -2.978516, -0.680380
268.610870, 2.134963, 1.215466
273.315460, 2.683428, -1.371430
278.030060, 1.433519, -0.108275
282.744659, 1.080569, -1.944164
287.459259, 2.749037, 0.544344
292.163849, 2.806771, -1.345987
296.878448, 1.386442, -0.168290
301.593048, 1.094370, -1.933677
306.307648, 2.735880, 0.536495
311.022247, 2.733162, -1.368093
315.726837, 1.407575, -0.130120
320.441437, 1.096967, -1.936962
325.156036, 2.736377, 0.538345
329.870636, 2.741022, -1.365841
334.575226, 1.404979, -0.132687
339.289825, 1.099906, -1.936414
344.004425, 2.735022, 0.538615
348.719025, 2.739018, -1.367671
353.433624, 1.405312, -0.138696
358.138214, 1.101790, -1.936841
362.852814, 2.734806, 0.539670
367.567413, 2.742606, -1.367198
372.282013, 1.404596, -0.138776
376.986603, 1.104259, -1.936717
381.701202, 2.733945, 0.540284
386.415802, 2.743081, -1.367997
391.130402, 1.405245, -0.137072
395.845001, 1.087038, -1.936206
400.549591, 2.733442, 0.541135
405.264191, 2.745235, -1.368114
409.978790, 1.405163, -0.136328
414.693390, 1.089346, -1.936243
419.397980, 2.732754, 0.541866
424.112579, 2.746526, -1.368588
428.827179, 1.405467, -0.135083
433.541779, 1.091570, -1.936362
438.256378, 2.737524, 0.536031
442.960968, 2.748317, -1.368856
447.675568, 1.405539, -0.134129
452.390167, 1.093853, -1.936424
457.104767, 2.736875, 0.536785
461.809357, 2.749770, -1.369263
466.523956, 1.405761, -0.132980
471.238556, 1.096085, -1.936522
475.953156, 2.736277, 0.537576
480.667755, 2.737822, -1.366579
485.372345, 1.405870, -0.131987
490.086945, 1.098352, -1.936593
494.801544, 2.735646, 0.538343
499.516144, 2.739354, -1.366947
504.220734, 1.406053, -0.130885
508.935333, 1.100609, -1.936674
513.649902, 2.735052, 0.539159
518.364502, 2.741200, -1.367218
523.079102, 1.404731, -0.139069
527.783691, 1.102951, -1.936727
532.498291, 2.734357, 0.539898
537.212891, 2.742482, -1.367692
541.927490, 1.405036, -0.137820
546.642090, 1.085819, -1.936131
551.346680, 2.733758, 0.540691
556.061279, 2.744208, -1.367987
560.775879, 1.405140, -0.136827
565.490479, 1.088099, -1.936205
570.195068, 2.733111, 0.541451
574.909668, 2.745699, -1.368376
579.624268, 1.405353, -0.135699
584.338867, 1.090343, -1.936306
589.053467, 2.737858, 0.535598
593.758057, 2.747391, -1.368685
598.472656, 1.405474, -0.134689
603.187256, 1.092607, -1.936384
607.901855, 2.737223, 0.536364
612.606445, 2.748922, -1.369060
617.321045, 1.405662, -0.133582
622.035645, 1.094860, -1.936471
626.750244, 2.736610, 0.537143
631.464844, 2.736897, -1.366409
636.169434, 1.405801, -0.132542
640.884033, 1.097112, -1.936551
645.598633, 2.735987, 0.537918
650.313232, 2.738497, -1.366753
655.017822, 1.405956, -0.131482
659.732422, 1.099380, -1.936625
664.447021, 2.735360, 0.538689
669.161621, 2.740062, -1.367109
673.876221, 1.404732, -0.139559
678.580811, 1.101629, -1.936705
683.295410, 2.734739, 0.539466
688.010010, 2.741673, -1.367449
692.724609, 1.404896, -0.138499
697.429199, 1.103900, -1.936776
702.143799, 2.734106, 0.540235
706.858398, 2.743221, -1.367814
711.572998, 1.405080, -0.137404
716.287598, 1.086785, -1.936163
720.992188, 2.733484, 0.541015
725.706787, 2.744860, -1.368145
730.421387, 1.405222, -0.136359
735.135986, 1.089043, -1.936250
739.840576, 2.732856, 0.541787
744.555176, 2.746453, -1.368493
749.269775, 1.405390, -0.135289
753.984375, 1.091301, -1.936337
758.698975, 2.737590, 0.535923
763.403564, 2.748048, -1.368841
768.118164, 1.405549, -0.134225
772.832764, 1.093544, -1.936417
777.547363, 2.736956, 0.536676
782.251953, 2.749519, -1.369230
786.966553, 1.405753, -0.133109
791.681152, 1.095782, -1.936511
796.395752, 2.736358, 0.537466
801.110352, 2.737571, -1.366544
805.814941, 1.405861, -0.132116
810.529541, 1.098051, -1.936580
815.244141, 2.735720, 0.538230
819.958740, 2.739108, -1.366914
824.663330, 1.406047, -0.131015
829.377930, 1.100300, -1.936664
834.092529, 2.735111, 0.539013
838.807129, 2.740756, -1.367236
843.521729, 1.404783, -0.139139
848.226318, 1.102566, -1.936732
852.940918, 2.734469, 0.539779
857.655518, 2.742270, -1.367615
862.370117, 1.404987, -0.138023
867.074707, 1.104815, -1.936812
871.789307, 2.733853, 0.540558
876.503906, 2.743917, -1.367941
881.218506, 1.405128, -0.136983
885.933105, 1.087716, -1.936197
890.637695, 2.733227, 0.541331
895.352295, 2.745516, -1.368288
900.066895, 1.405293, -0.135920
904.781494, 1.089978, -1.936284
909.486084, 2.732589, 0.542099
914.200684, 2.747044, -1.368663
918.915283, 1.405483, -0.134813
923.629883, 1.092227, -1.936378
928.344482, 2.737329, 0.536242
933.049072, 2.748674, -1.368997
937.763672, 1.405630, -0.133767
942.478271, 1.094487, -1.936458
947.192871, 2.736712, 0.537018
951.907471, 2.736639, -1.366353
956.612061, 1.405773, -0.132718
961.326660, 1.096753, -1.936535
966.041260, 2.736079, 0.537786
970.755859, 2.738198, -1.366709
975.460449, 1.405952, -0.131632
980.175049, 1.098995, -1.936622
984.889648, 2.735471, 0.538571
989.604248, 2.739857, -1.367029
994.318848, 1.404680, -0.139766
