time,theta,omega
202.627914, 2.365123, 0.324457
207.345322, 1.767556, -1.741563
212.052734, 2.059337, 0.187311
216.770142, 1.369562, -1.876134
221.477554, 2.366899, 0.325225
226.194962, 1.770913, -1.740134
230.902374, 2.056505, 0.186069
235.619781, 1.367455, -1.876542
240.327194, 2.368308, 0.325819
245.044601, 1.773530, -1.739006
249.752014, 2.054269, 0.185071
254.469421, 1.365780, -1.876854
259.181671, 2.366506, 0.321989
263.896271, 1.781741, -1.733784
268.610870, 2.040082, 0.172182
273.315460, 1.380731, -1.871976
278.030060, 2.356379, 0.318300
282.744659, 1.764621, -1.741510
287.459259, 2.055448, 0.179624
292.163849, 1.392950, -1.869902
296.878448, 2.348910, 0.315942
301.593048, 1.753065, -1.746903
306.307648, 2.066251, 0.185255
311.022247, 1.384048, -1.868763
315.726837, 2.343124, 0.314382
320.441437, 1.744894, -1.750889
325.156036, 2.074293, 0.189775
329.870636, 1.392223, -1.867371
334.575226, 2.338457, 0.313359
339.289825, 1.738925, -1.753977
344.004425, 2.080540, 0.193571
348.719025, 1.399258, -1.866190
353.433624, 2.337648, 0.303988
358.138214, 1.734535, -1.756415
362.852814, 2.085501, 0.196844
367.567413, 1.405425, -1.865181
372.282013, 2.334407, 0.303633
376.986603, 1.731311, -1.758383
381.701202, 2.089520, 0.199730
386.415802, 1.410970, -1.864294
391.130402, 2.331599, 0.303480
395.845001, 1.711294, -1.761142
400.549591, 2.092864, 0.202331
405.264191, 1.415984, -1.863531
409.978790, 2.329186, 0.303524
414.693390, 1.709625, -1.762485
419.397980, 2.095613, 0.204695
424.112579, 1.420587, -1.862852
428.827179, 2.327059, 0.303704
433.541779, 1.708489, -1.763613
438.256378, 2.099899, 0.197257
442.960968, 1.424862, -1.862248
447.675568, 2.325175, 0.304002
452.390167, 1.707803, -1.764565
457.104767, 2.101873, 0.199302
461.809357, 1.428869, -1.861703
466.523956, 2.323483, 0.304391
471.238556, 1.707470, -1.765374
475.953156, 2.103560, 0.201228
480.667755, 1.414023, -1.861868
485.372345, 2.321962, 0.304861
490.086945, 1.707440, -1.766062
494.801544, 2.105003, 0.203051
499.516144, 1.417619, -1.861436
504.220734, 2.320572, 0.305394
508.935333, 1.707666, -1.766648
513.649902, 2.106266, 0.204821
518.364502, 1.421109, -1.861040
523.079102, 2.322259, 0.297210
527.783691, 1.708150, -1.767152
532.498291, 2.107302, 0.206485
537.212891, 1.424385, -1.860680
541.927490, 2.321108, 0.297854
546.642090, 1.691104, -1.768687
551.346680, 2.108199, 0.208079
556.061279, 1.427531, -1.860353
560.775879, 2.320048, 0.298543
565.490479, 1.691902, -1.769055
570.195068, 2.108975, 0.209623
574.909668, 1.430582, -1.860045
579.624268, 2.319054, 0.299263
584.338867, 1.692834, -1.769370
589.053467, 2.111649, 0.201528
593.758057, 1.433535, -1.859758
598.472656, 2.318136, 0.300020
603.187256, 1.693891, -1.769634
607.901855, 2.112228, 0.202987
612.606445, 1.436407, -1.859493
617.321045, 2.317269, 0.300801
622.035645, 1.695039, -1.769861
626.750244, 2.112728, 0.204416
631.464844, 1.420620, -1.859907
636.169434, 2.316457, 0.301608
640.884033, 1.696290, -1.770049
645.598633, 2.113142, 0.205809
650.313232, 1.423354, -1.859689
655.017822, 2.315697, 0.302440
659.732422, 1.697630, -1.770199
664.447021, 2.113482, 0.207170
669.161621, 1.426037, -1.859481
673.876221, 2.317921, 0.294469
678.580811, 1.699049, -1.770317
683.295410, 2.113768, 0.208507
688.010010, 1.428665, -1.859285
692.724609, 2.317244, 0.295339
697.429199, 1.700527, -1.770412
702.143799, 2.113990, 0.209818
706.858398, 1.431241, -1.859099
711.572998, 2.316598, 0.296224
716.287598, 1.684341, -1.771604
720.992188, 2.114188, 0.211117
725.706787, 1.433795, -1.858921
730.421387, 2.315970, 0.297121
735.135986, 1.685913, -1.771670
739.840576, 2.114331, 0.212397
744.555176, 1.436300, -1.858750
749.269775, 2.315382, 0.298032
753.984375, 1.687542, -1.771712
758.698975, 2.116481, 0.204085
763.403564, 1.438784, -1.858585
768.118164, 2.314805, 0.298950
772.832764, 1.689193, -1.771734
777.547363, 2.116557, 0.205320
782.251953, 1.441199, -1.858427
786.966553, 2.314259, 0.299870
791.681152, 1.690891, -1.771751
796.395752, 2.116622, 0.206561
801.110352, 1.425046, -1.858952
805.814941, 2.313714, 0.300805
810.529541, 1.692598, -1.771758
815.244141, 2.116676, 0.207801
819.958740, 1.427465, -1.858814
824.663330, 2.313187, 0.301747
829.377930, 1.694369, -1.771742
834.092529, 2.116668, 0.209017
838.807129, 1.429844, -1.858682
843.521729, 2.315626, 0.293875
848.226318, 1.696166, -1.771714
852.940918, 2.116644, 0.210222
857.655518, 1.432201, -1.858555
862.370117, 2.315158, 0.294843
867.074707, 1.698005, -1.771669
871.789307, 2.116584, 0.211415
876.503906, 1.434530, -1.858435
881.218506, 2.314702, 0.295819
885.933105, 1.682148, -1.772727
890.637695, 2.116504, 0.212597
895.352295, 1.436841, -1.858315
900.066895, 2.314243, 0.296794
904.781494, 1.683996, -1.772687
909.486084, 2.116434, 0.213784
914.200684, 1.439166, -1.858191
918.915283, 2.313789, 0.297771
923.629883, 1.685886, -1.772630
928.344482, 2.118389, 0.205394
933.049072, 1.441463, -1.858074
937.763672, 2.313348, 0.298754
942.478271, 1.687788, -1.772565
947.192871, 2.118279, 0.206566
951.907471, 1.425163, -1.858632
956.612061, 2.312915, 0.299741
961.326660, 1.689693, -1.772499
966.041260, 2.118180, 0.207737
970.755859, 1.427449, -1.858531
975.460449, 2.312485, 0.300731
980.175049, 1.691611, -1.772427
984.889648, 2.118059, 0.208904
989.604248, 1.429716, -1.858429
994.318848, 2.315001, 0.292893
