time,theta,omega
202.627914, 1.882537, 0.120583
207.345322, 1.087665, -1.983164
212.052734, 2.700876, 0.521010
216.770142, 2.666809, -1.375706
221.477554, 1.401143, -0.103095
226.194962, 1.232276, -1.872698
230.902374, 2.556473, 0.428017
235.619781, 2.094884, -1.638467
240.327194, 1.881726, 0.120083
245.044601, 1.087151, -1.983098
249.752014, 2.701061, 0.520945
254.469421, 2.666987, -1.375491
259.181671, 1.398225, -0.106916
263.896271, 1.246300, -1.866202
268.610870, 2.537603, 0.410266
273.315460, 2.047171, -1.662830
278.030060, 1.923899, 0.135712
282.744659, 1.115439, -1.979427
287.459259, 2.675125, 0.500200
292.163849, 2.566032, -1.423756
296.878448, 1.473351, -0.053754
301.593048, 1.206506, -1.892341
306.307648, 2.577759, 0.436893
311.022247, 2.172070, -1.599409
315.726837, 1.801760, 0.089884
320.441437, 1.100107, -1.970652
325.156036, 2.683556, 0.505859
329.870636, 2.591161, -1.406471
334.575226, 1.446326, -0.067723
339.289825, 1.227063, -1.882909
344.004425, 2.561809, 0.429592
348.719025, 2.124399, -1.623342
353.433624, 1.848214, 0.100027
358.138214, 1.107571, -1.975667
362.852814, 2.682473, 0.508213
367.567413, 2.596411, -1.406018
372.282013, 1.444288, -0.075948
376.986603, 1.232319, -1.882370
381.701202, 2.560011, 0.430883
386.415802, 2.125484, -1.624505
391.130402, 1.850376, 0.103321
395.845001, 1.092712, -1.975198
400.549591, 2.681187, 0.509796
405.264191, 2.599284, -1.406626
409.978790, 1.444760, -0.073549
414.693390, 1.217704, -1.882532
419.397980, 2.559170, 0.432743
424.112579, 2.129769, -1.624184
428.827179, 1.849705, 0.105508
433.541779, 1.097265, -1.975375
438.256378, 2.685067, 0.504467
442.960968, 2.602617, -1.407039
447.675568, 1.444898, -0.071353
452.390167, 1.222111, -1.882510
457.104767, 2.562423, 0.426896
461.809357, 2.133513, -1.624115
466.523956, 1.849506, 0.107883
471.238556, 1.101880, -1.975585
475.953156, 2.683896, 0.506091
480.667755, 2.591842, -1.405604
485.372345, 1.445073, -0.069132
490.086945, 1.226502, -1.882494
494.801544, 2.561434, 0.428673
499.516144, 2.121059, -1.624411
504.220734, 1.849267, 0.110239
508.935333, 1.106481, -1.975781
513.649902, 2.682750, 0.507750
518.364502, 2.595327, -1.405972
523.079102, 1.444360, -0.076489
527.783691, 1.231031, -1.882420
532.498291, 2.560356, 0.430429
537.212891, 2.124636, -1.624440
541.927490, 1.850268, 0.102604
546.642090, 1.091432, -1.975120
551.346680, 2.681511, 0.509350
556.061279, 2.598393, -1.406501
560.775879, 1.444705, -0.074165
565.490479, 1.216510, -1.882528
570.195068, 2.559438, 0.432253
574.909668, 2.128702, -1.624222
579.624268, 1.849798, 0.104870
584.338867, 1.096002, -1.975321
589.053467, 2.685387, 0.504021
593.758057, 2.601732, -1.406912
598.472656, 1.444841, -0.071968
603.187256, 1.220918, -1.882509
607.901855, 2.562685, 0.426402
612.606445, 2.132440, -1.624155
617.321045, 1.849598, 0.107245
622.035645, 1.100616, -1.975531
626.750244, 2.684214, 0.505643
631.464844, 2.590936, -1.405489
636.169434, 1.445031, -0.069738
640.884033, 1.225282, -1.882504
645.598633, 2.561723, 0.428194
650.313232, 2.120065, -1.624413
655.017822, 1.849284, 0.109575
659.732422, 1.105207, -1.975726
664.447021, 2.683054, 0.507273
669.161621, 2.594267, -1.405897
673.876221, 1.444390, -0.077076
678.580811, 1.229714, -1.882459
683.295410, 2.560691, 0.429947
688.010010, 2.123728, -1.624381
692.724609, 1.850167, 0.101860
697.429199, 1.109828, -1.975925
702.143799, 2.681867, 0.508890
706.858398, 2.597486, -1.406358
711.572998, 1.444619, -0.074824
716.287598, 1.215262, -1.882520
720.992188, 2.559712, 0.431734
725.706787, 2.127567, -1.624268
730.421387, 1.849904, 0.104206
735.135986, 1.094679, -1.975263
739.840576, 2.680683, 0.510510
744.555176, 2.600775, -1.406792
749.269775, 1.444799, -0.072603
753.984375, 1.219646, -1.882517
758.698975, 2.562971, 0.425893
763.403564, 2.131368, -1.624173
768.118164, 1.849654, 0.106559
772.832764, 1.099273, -1.975467
777.547363, 2.684548, 0.505159
782.251953, 2.603987, -1.407250
786.966553, 1.445009, -0.070374
791.681152, 1.223986, -1.882516
796.395752, 2.562019, 0.427674
801.110352, 2.118966, -1.624433
805.814941, 1.849345, 0.108877
810.529541, 1.103852, -1.975667
815.244141, 2.683395, 0.506792
819.958740, 2.593282, -1.405778
824.663330, 1.445127, -0.068189
829.377930, 1.228419, -1.882472
834.092529, 2.560986, 0.429427
838.807129, 2.122619, -1.624405
843.521729, 1.850232, 0.101163
848.226318, 1.108477, -1.975869
852.940918, 2.682204, 0.508408
857.655518, 2.596497, -1.406242
862.370117, 1.444588, -0.075465
867.074707, 1.232771, -1.882461
871.789307, 2.560028, 0.431223
876.503906, 2.126529, -1.624257
881.218506, 1.849901, 0.103484
885.933105, 1.093314, -1.975193
890.637695, 2.681040, 0.510037
895.352295, 2.599843, -1.406649
900.066895, 1.444718, -0.073273
904.781494, 1.218372, -1.882508
909.486084, 2.558989, 0.432977
914.200684, 2.130193, -1.624229
918.915283, 1.849779, 0.105890
923.629883, 1.097937, -1.975415
928.344482, 2.684893, 0.504699
933.049072, 2.603078, -1.407107
937.763672, 1.444932, -0.071026
942.478271, 1.222747, -1.882507
947.192871, 2.562277, 0.427147
951.907471, 2.117786, -1.624498
956.612061, 1.849495, 0.108228
961.326660, 1.102531, -1.975616
966.041260, 2.683726, 0.506322
970.755859, 2.592316, -1.405665
975.460449, 1.445096, -0.068814
980.175049, 1.227136, -1.882488
984.889648, 2.561285, 0.428924
989.604248, 2.121567, -1.624414
994.318848, 1.850265, 0.100471
