time,theta,omega
202.627914, 1.363942, -0.162019
207.345322, 1.192774, -1.886863
212.052734, 2.610900, 0.461134
216.770142, 2.256469, -1.570995
221.477554, 1.756307, 0.069964
226.194962, 1.038206, -1.988062
230.902374, 2.758931, 0.557136
235.619781, 2.908067, -1.287268
240.327194, 1.371222, -0.247643
245.044601, 1.132883, -1.906221
249.752014, 2.659921, 0.490103
254.469421, 2.447579, -1.481841
259.181671, 1.584418, -0.004937
263.896271, 1.097906, -1.947264
268.610870, 2.694876, 0.508112
273.315460, 2.607975, -1.412574
278.030060, 1.457815, -0.070173
282.744659, 1.164620, -1.909692
287.459259, 2.634316, 0.470764
292.163849, 2.360965, -1.525668
296.878448, 1.664441, 0.032640
301.593048, 1.074262, -1.966400
306.307648, 2.720813, 0.527580
311.022247, 2.720176, -1.358070
315.726837, 1.381698, -0.131560
320.441437, 1.208973, -1.885193
325.156036, 2.595441, 0.448887
329.870636, 2.205791, -1.592451
334.575226, 1.792158, 0.086723
339.289825, 1.059902, -1.988433
344.004425, 2.741446, 0.544594
348.719025, 2.829381, -1.315817
353.433624, 1.349921, -0.203918
358.138214, 1.208467, -1.881830
362.852814, 2.596206, 0.451102
367.567413, 2.214802, -1.589976
372.282013, 1.788004, 0.077061
376.986603, 1.064582, -1.988076
381.701202, 2.739903, 0.545892
386.415802, 2.830950, -1.317223
391.130402, 1.350472, -0.200901
395.845001, 1.194532, -1.881675
400.549591, 2.594756, 0.452591
405.264191, 2.217046, -1.590648
409.978790, 1.789136, 0.079941
414.693390, 1.049322, -1.987377
419.397980, 2.738713, 0.547495
424.112579, 2.834412, -1.317901
428.827179, 1.350931, -0.199125
433.541779, 1.198786, -1.881727
438.256378, 2.598284, 0.446958
442.960968, 2.221137, -1.590457
447.675568, 1.788618, 0.082169
452.390167, 1.053952, -1.987610
457.104767, 2.742855, 0.542411
461.809357, 2.837405, -1.318762
466.523956, 1.351405, -0.197036
471.238556, 1.203207, -1.881719
475.953156, 2.597221, 0.448676
480.667755, 2.208844, -1.590537
485.372345, 1.788524, 0.084567
490.086945, 1.058588, -1.987886
494.801544, 2.741595, 0.543957
499.516144, 2.827315, -1.316036
504.220734, 1.351871, -0.195000
508.935333, 1.207597, -1.881713
513.649902, 2.596213, 0.450447
518.364502, 2.212740, -1.590461
523.079102, 1.788976, 0.076770
527.783691, 1.063286, -1.988127
532.498291, 2.740309, 0.545512
537.212891, 2.830389, -1.316887
541.927490, 1.350323, -0.201647
546.642090, 1.193242, -1.881696
551.346680, 2.595113, 0.452154
556.061279, 2.216261, -1.590539
560.775879, 1.788977, 0.079207
565.490479, 1.048054, -1.987271
570.195068, 2.739050, 0.547058
574.909668, 2.833480, -1.317707
579.624268, 1.350800, -0.199625
584.338867, 1.197621, -1.881710
589.053467, 2.598539, 0.446464
593.758057, 2.220011, -1.590510
598.472656, 1.788762, 0.081557
603.187256, 1.052676, -1.987548
607.901855, 2.743203, 0.541991
612.606445, 2.836571, -1.318531
617.321045, 1.351274, -0.197601
622.035645, 1.201998, -1.881721
626.750244, 2.597506, 0.448200
631.464844, 2.207822, -1.590539
636.169434, 1.788581, 0.083920
640.884033, 1.057317, -1.987814
645.598633, 2.741942, 0.543531
650.313232, 2.826491, -1.315803
655.017822, 1.351745, -0.195571
659.732422, 1.206392, -1.881715
664.447021, 2.596465, 0.449931
669.161621, 2.211526, -1.590533
673.876221, 1.789155, 0.076140
678.580811, 1.061950, -1.988072
683.295410, 2.740681, 0.545075
688.010010, 2.829556, -1.316629
692.724609, 1.350184, -0.202268
697.429199, 1.210767, -1.881706
702.143799, 2.595441, 0.451672
706.858398, 2.215299, -1.590493
711.572998, 1.788925, 0.078487
716.287598, 1.046715, -1.987179
720.992188, 2.739407, 0.546611
725.706787, 2.832587, -1.317472
730.421387, 1.350667, -0.200204
735.135986, 1.196355, -1.881711
739.840576, 2.594374, 0.453393
744.555176, 2.218933, -1.590519
749.269775, 1.788823, 0.080880
753.984375, 1.051342, -1.987469
758.698975, 2.743563, 0.541546
763.403564, 2.835699, -1.318284
768.118164, 1.351140, -0.198196
772.832764, 1.200705, -1.881721
777.547363, 2.597816, 0.447693
782.251953, 2.222665, -1.590487
786.966553, 1.788607, 0.083215
791.681152, 1.055958, -1.987733
796.395752, 2.742306, 0.543074
801.110352, 2.825547, -1.315577
805.814941, 1.351606, -0.196140
810.529541, 1.205109, -1.881715
815.244141, 2.596765, 0.449419
819.958740, 2.210404, -1.590549
824.663330, 1.788477, 0.085600
829.377930, 1.060594, -1.987998
834.092529, 2.741048, 0.544619
838.807129, 2.828627, -1.316397
843.521729, 1.350043, -0.202851
848.226318, 1.209498, -1.881703
852.940918, 2.595731, 0.451151
857.655518, 2.214142, -1.590526
862.370117, 1.789037, 0.077814
867.074707, 1.065239, -1.988243
871.789307, 2.739772, 0.546152
876.503906, 2.831634, -1.317247
881.218506, 1.350527, -0.200772
885.933105, 1.195088, -1.881700
890.637695, 2.594672, 0.452875
895.352295, 2.217805, -1.590539
900.066895, 1.788907, 0.080198
904.781494, 1.049986, -1.987392
909.486084, 2.738516, 0.547703
914.200684, 2.834757, -1.318057
918.915283, 1.351000, -0.198768
923.629883, 1.199453, -1.881715
928.344482, 2.598102, 0.447189
933.049072, 2.221542, -1.590514
937.763672, 1.788706, 0.082553
942.478271, 1.054620, -1.987662
947.192871, 2.742675, 0.542635
951.907471, 2.824703, -1.315326
956.612061, 1.351471, -0.196750
961.326660, 1.203843, -1.881716
966.041260, 2.597072, 0.448924
970.755859, 2.209377, -1.590534
975.460449, 1.788490, 0.084905
980.175049, 1.059254, -1.987922
984.889648, 2.741407, 0.544173
989.604248, 2.827730, -1.316164
994.318848, 1.349905, -0.203431
