time,theta,omega
202.627914, 2.077861, 0.183831
207.345322, 1.590867, -1.751210
212.052734, 2.077875, 0.183794
216.770142, 1.590794, -1.751215
221.477554, 2.077882, 0.183752
226.194962, 1.590728, -1.751217
230.902374, 2.077883, 0.183710
235.619781, 1.590652, -1.751225
240.327194, 2.077897, 0.183672
245.044601, 1.590578, -1.751231
249.752014, 2.077904, 0.183633
254.469421, 1.590508, -1.751233
259.181671, 2.075187, 0.179708
263.896271, 1.601866, -1.744815
268.610870, 2.061955, 0.170277
273.315460, 1.603078, -1.746155
278.030060, 2.066950, 0.177842
282.744659, 1.598896, -1.745900
287.459259, 2.065256, 0.172680
292.163849, 1.607180, -1.745511
296.878448, 2.065315, 0.178449
301.593048, 1.600076, -1.745951
306.307648, 2.065651, 0.174026
311.022247, 1.592107, -1.746581
315.726837, 2.064867, 0.179484
320.441437, 1.601962, -1.745837
325.156036, 2.065559, 0.175193
329.870636, 1.594207, -1.746419
334.575226, 2.064619, 0.180595
339.289825, 1.603975, -1.745686
344.004425, 2.065372, 0.176325
348.719025, 1.596253, -1.746266
353.433624, 2.066128, 0.172054
358.138214, 1.606002, -1.745534
362.852814, 2.065182, 0.177455
367.567413, 1.598293, -1.746116
372.282013, 2.065924, 0.173182
376.986603, 1.608043, -1.745373
381.701202, 2.064971, 0.178577
386.415802, 1.600332, -1.745955
391.130402, 2.065723, 0.174298
395.845001, 1.592591, -1.746538
400.549591, 2.064779, 0.179701
405.264191, 1.602350, -1.745812
409.978790, 2.065539, 0.175431
414.693390, 1.594634, -1.746387
419.397980, 2.064571, 0.180824
424.112579, 1.604388, -1.745656
428.827179, 2.065337, 0.176558
433.541779, 1.596669, -1.746239
438.256378, 2.066096, 0.172288
442.960968, 1.606432, -1.745498
447.675568, 2.065130, 0.177684
452.390167, 1.598715, -1.746083
457.104767, 2.065885, 0.173413
461.809357, 1.608460, -1.745339
466.523956, 2.064932, 0.178811
471.238556, 1.600746, -1.745933
475.953156, 2.065698, 0.174546
480.667755, 1.593035, -1.746503
485.372345, 2.064728, 0.179936
490.086945, 1.602784, -1.745778
494.801544, 2.065495, 0.175671
499.516144, 1.595067, -1.746356
504.220734, 2.064527, 0.181063
508.935333, 1.604818, -1.745625
513.649902, 2.065320, 0.176829
518.364502, 1.597171, -1.746197
523.079102, 2.066030, 0.172552
527.783691, 1.606896, -1.745467
532.498291, 2.065104, 0.177959
537.212891, 1.599200, -1.746048
541.927490, 2.065839, 0.173683
546.642090, 1.591473, -1.746620
551.346680, 2.064890, 0.179081
556.061279, 1.601225, -1.745899
560.775879, 2.065654, 0.174814
565.490479, 1.593519, -1.746467
570.195068, 2.064681, 0.180205
574.909668, 1.603262, -1.745743
579.624268, 2.065449, 0.175940
584.338867, 1.595556, -1.746319
589.053467, 2.066188, 0.171665
593.758057, 1.605309, -1.745585
598.472656, 2.065245, 0.177066
603.187256, 1.597600, -1.746166
607.901855, 2.065992, 0.172793
612.606445, 1.607336, -1.745430
617.321045, 2.065056, 0.178196
622.035645, 1.599634, -1.746014
626.750244, 2.065795, 0.173921
631.464844, 1.591912, -1.746585
636.169434, 2.064844, 0.179320
640.884033, 1.601664, -1.745863
645.598633, 2.065608, 0.175054
650.313232, 1.593950, -1.746437
655.017822, 2.064643, 0.180446
659.732422, 1.603705, -1.745708
664.447021, 2.065408, 0.176179
669.161621, 1.595991, -1.746284
673.876221, 2.066150, 0.171904
678.580811, 1.605736, -1.745552
683.295410, 2.065206, 0.177306
688.010010, 1.598031, -1.746132
692.724609, 2.065953, 0.173032
697.429199, 1.607774, -1.745394
702.143799, 2.065001, 0.178432
706.858398, 1.600063, -1.745983
711.572998, 2.065757, 0.174162
716.287598, 1.592345, -1.746552
720.992188, 2.064800, 0.179558
725.706787, 1.602097, -1.745831
730.421387, 2.065568, 0.175292
735.135986, 1.594384, -1.746405
739.840576, 2.064594, 0.180683
744.555176, 1.604131, -1.745676
749.269775, 2.065360, 0.176417
753.984375, 1.596415, -1.746257
758.698975, 2.066119, 0.172148
763.403564, 1.606171, -1.745519
768.118164, 2.065167, 0.177544
772.832764, 1.598439, -1.746102
777.547363, 2.065913, 0.173256
782.251953, 1.608184, -1.745363
786.966553, 2.064960, 0.178656
791.681152, 1.600464, -1.745953
796.395752, 2.065717, 0.174386
801.110352, 1.592751, -1.746524
805.814941, 2.064756, 0.179781
810.529541, 1.602494, -1.745803
815.244141, 2.065532, 0.175518
819.958740, 1.594794, -1.746373
824.663330, 2.064546, 0.180907
829.377930, 1.604541, -1.745640
834.092529, 2.065317, 0.176639
838.807129, 1.596825, -1.746225
843.521729, 2.066065, 0.172369
848.226318, 1.606578, -1.745486
852.940918, 2.065115, 0.177767
857.655518, 1.598859, -1.746074
862.370117, 2.065883, 0.173500
867.074707, 1.608616, -1.745328
871.789307, 2.064916, 0.178895
876.503906, 1.600903, -1.745918
881.218506, 2.065673, 0.174625
885.933105, 1.593176, -1.746495
890.637695, 2.064716, 0.180021
895.352295, 1.602937, -1.745768
900.066895, 2.065484, 0.175756
904.781494, 1.595230, -1.746340
909.486084, 2.064504, 0.181144
914.200684, 1.604968, -1.745613
918.915283, 2.065280, 0.176882
923.629883, 1.597255, -1.746192
928.344482, 2.066033, 0.172611
933.049072, 1.607008, -1.745455
937.763672, 2.065080, 0.178009
942.478271, 1.599302, -1.746038
947.192871, 2.065830, 0.173736
951.907471, 1.591581, -1.746606
956.612061, 2.064872, 0.179131
961.326660, 1.601326, -1.745889
966.041260, 2.065636, 0.174866
970.755859, 1.593612, -1.746462
975.460449, 2.064677, 0.180262
980.175049, 1.603361, -1.745737
984.889648, 2.065449, 0.175997
989.604248, 1.595663, -1.746310
994.318848, 2.066180, 0.171719
