time,theta,omega
202.627914, 1.606765, -0.044231
207.345322, 0.987201, -1.989590
212.052734, 2.823850, 0.598684
216.770142, -3.069379, -1.203302
221.477554, 2.630432, 0.142159
226.194962, 1.625713, -1.871382
230.902374, 2.342044, 0.330715
235.619781, 1.476270, -1.914594
240.327194, 2.460581, 0.391882
245.044601, 1.758388, -1.805559
249.752014, 2.222983, 0.270242
254.469421, 1.265794, -1.980166
259.181671, 2.626629, 0.482620
263.896271, 2.315707, -1.551283
268.610870, 1.718674, 0.046086
273.315460, 1.013852, -2.000532
278.030060, 2.807390, 0.588643
282.744659, 3.134112, -1.223788
287.459259, 1.970378, -0.218767
292.163849, 0.723576, -2.087125
296.878448, 3.041936, 0.747366
301.593048, -1.358197, -1.523900
306.307648, -2.126332, 1.563158
311.022247, -1.851795, -0.092630
315.726837, -1.007295, 2.018761
320.441437, -2.819200, -0.598246
325.156036, 3.078956, 1.205287
329.870636, -2.537184, -0.077220
334.575226, -1.390515, 1.961637
339.289825, -2.537964, -0.436518
344.004425, -2.012574, 1.693853
348.719025, -1.995120, -0.162708
353.433624, -1.050162, 2.019117
358.138214, -2.778417, -0.576748
362.852814, -3.003957, 1.265957
367.567413, -1.490862, 0.296393
372.282013, -0.927604, 1.985148
376.986603, -2.850740, -0.616074
381.701202, 2.901812, 1.172466
386.415802, 0.969760, -1.844064
391.130402, 2.771582, 0.543817
395.845001, 2.884944, -1.303521
400.549591, 1.380486, -0.228754
405.264191, 1.094731, -1.928830
409.978790, 2.720428, 0.526778
414.693390, 2.681556, -1.385859
419.397980, 1.425005, -0.102124
424.112579, 1.126470, -1.927445
428.827179, 2.698851, 0.515559
433.541779, 2.591239, -1.425974
438.256378, 1.486337, -0.064870
442.960968, 1.097824, -1.945905
447.675568, 2.727361, 0.535283
452.390167, 2.727139, -1.368645
457.104767, 1.401228, -0.132524
461.809357, 1.140273, -1.921212
466.523956, 2.688532, 0.511198
471.238556, 2.553718, -1.444548
475.953156, 1.517950, -0.044142
480.667755, 1.067302, -1.954248
485.372345, 2.740595, 0.546318
490.086945, 2.799755, -1.341164
494.801544, 1.376188, -0.171918
499.516144, 1.127607, -1.916263
504.220734, 2.683951, 0.510287
508.935333, 2.541325, -1.451989
513.649902, 1.530662, -0.034934
518.364502, 1.065883, -1.957954
523.079102, 2.750366, 0.544998
527.783691, 2.830297, -1.331239
532.498291, 1.372245, -0.187297
537.212891, 1.126376, -1.917372
541.927490, 2.692202, 0.507594
546.642090, 2.549055, -1.442327
551.346680, 1.515817, -0.040887
556.061279, 1.077614, -1.954017
560.775879, 2.742412, 0.542124
565.490479, 2.787535, -1.341436
570.195068, 1.378211, -0.164528
574.909668, 1.137206, -1.916486
579.624268, 2.686220, 0.506389
584.338867, 2.531907, -1.451920
589.053467, 1.531804, -0.039420
593.758057, 1.074387, -1.958754
598.472656, 2.748416, 0.548447
603.187256, 2.826079, -1.328214
607.901855, 1.370970, -0.193865
612.606445, 1.134447, -1.917794
617.321045, 2.690542, 0.511230
622.035645, 2.558784, -1.441778
626.750244, 1.513201, -0.047415
631.464844, 1.068340, -1.952871
636.169434, 2.738826, 0.544504
640.884033, 2.788637, -1.345038
645.598633, 1.378642, -0.166099
650.313232, 1.127452, -1.916321
655.017822, 2.683576, 0.509467
659.732422, 2.537483, -1.453192
664.447021, 1.532963, -0.034329
669.161621, 1.063490, -1.958521
673.876221, 2.751734, 0.545224
678.580811, 2.834327, -1.329093
683.295410, 1.371746, -0.191081
688.010010, 1.123552, -1.917730
692.724609, 2.693783, 0.507876
697.429199, 2.567832, -1.441554
702.143799, 1.511613, -0.043911
706.858398, 1.078328, -1.952785
711.572998, 2.740877, 0.540436
716.287598, 2.777475, -1.344905
720.992188, 1.380543, -0.159449
725.706787, 1.136653, -1.916633
730.421387, 2.686126, 0.505710
735.135986, 2.529202, -1.452592
739.840576, 1.533566, -0.029534
744.555176, 1.072419, -1.959076
749.269775, 2.749384, 0.548406
753.984375, 2.828140, -1.326825
758.698975, 1.370638, -0.196369
763.403564, 1.132201, -1.918021
768.118164, 2.691655, 0.511232
772.832764, 2.561150, -1.440162
777.547363, 1.510539, -0.049573
782.251953, 1.087805, -1.952936
786.966553, 2.738000, 0.543267
791.681152, 2.781915, -1.347135
796.395752, 1.380187, -0.163142
801.110352, 1.126485, -1.916447
805.814941, 2.683754, 0.508920
810.529541, 2.535841, -1.453372
815.244141, 1.533459, -0.034723
819.958740, 1.061893, -1.958595
824.663330, 2.746897, 0.551487
829.377930, 2.834574, -1.328397
834.092529, 1.371546, -0.192441
838.807129, 1.121845, -1.917799
843.521729, 2.694441, 0.507591
848.226318, 2.568192, -1.440835
852.940918, 1.510524, -0.045181
857.655518, 1.077518, -1.952424
862.370117, 2.740741, 0.539654
867.074707, 2.787578, -1.348896
871.789307, 1.381145, -0.158572
876.503906, 1.135454, -1.916685
881.218506, 2.686439, 0.505225
885.933105, 2.528093, -1.452539
890.637695, 1.533634, -0.030156
895.352295, 1.071024, -1.959042
900.066895, 2.749815, 0.547992
904.781494, 2.827523, -1.326463
909.486084, 1.372455, -0.188351
914.200684, 1.130785, -1.918019
918.915283, 2.692080, 0.510807
923.629883, 2.560519, -1.439898
928.344482, 1.510238, -0.050375
933.049072, 1.086624, -1.952809
937.763672, 2.738237, 0.542742
942.478271, 2.780415, -1.347159
947.192871, 1.380252, -0.163380
951.907471, 1.125230, -1.916431
956.612061, 2.684082, 0.508453
961.326660, 2.534829, -1.453283
966.041260, 1.533461, -0.035365
970.755859, 1.060572, -1.958535
975.460449, 2.747268, 0.551050
980.175049, 2.833705, -1.328145
984.889648, 1.371410, -0.193045
989.604248, 1.120569, -1.917762
994.318848, 2.694762, 0.507121
