time,theta,omega
202.627914, 1.921055, 0.117661
207.345322, 1.682489, -1.663460
212.052734, 1.921064, 0.117621
216.770142, 1.682426, -1.663462
221.477554, 1.921056, 0.117576
226.194962, 1.682356, -1.663470
230.902374, 1.921066, 0.117534
235.619781, 1.682282, -1.663478
240.327194, 1.921074, 0.117495
245.044601, 1.682215, -1.663485
249.752014, 1.921076, 0.117451
254.469421, 1.682142, -1.663494
259.181671, 1.918477, 0.113765
263.896271, 1.694454, -1.656346
268.610870, 1.904599, 0.104945
273.315460, 1.702644, -1.654031
278.030060, 1.903971, 0.110279
282.744659, 1.695163, -1.654846
287.459259, 1.904553, 0.105910
292.163849, 1.704417, -1.653909
296.878448, 1.903976, 0.111484
301.593048, 1.697109, -1.654660
306.307648, 1.904436, 0.107075
311.022247, 1.689789, -1.655398
315.726837, 1.903851, 0.112646
320.441437, 1.699029, -1.654467
325.156036, 1.904325, 0.108244
329.870636, 1.691730, -1.655203
334.575226, 1.903720, 0.113806
339.289825, 1.700970, -1.654263
344.004425, 1.904189, 0.109403
348.719025, 1.693648, -1.655013
353.433624, 1.904650, 0.104995
358.138214, 1.702900, -1.654065
362.852814, 1.904072, 0.110567
367.567413, 1.695578, -1.654818
372.282013, 1.904533, 0.106160
376.986603, 1.704827, -1.653868
381.701202, 1.903953, 0.111731
386.415802, 1.697527, -1.654608
391.130402, 1.904393, 0.107309
395.845001, 1.690191, -1.655354
400.549591, 1.903823, 0.112884
405.264191, 1.699428, -1.654425
409.978790, 1.904301, 0.108482
414.693390, 1.692115, -1.655167
419.397980, 1.903708, 0.114048
424.112579, 1.701356, -1.654227
428.827179, 1.904180, 0.109646
433.541779, 1.694050, -1.654972
438.256378, 1.904629, 0.105235
442.960968, 1.703291, -1.654028
447.675568, 1.904052, 0.110808
452.390167, 1.695978, -1.654778
457.104767, 1.904511, 0.106400
461.809357, 1.705220, -1.653829
466.523956, 1.903922, 0.111971
471.238556, 1.697906, -1.654582
475.953156, 1.904395, 0.107566
480.667755, 1.690597, -1.655319
485.372345, 1.903803, 0.113133
490.086945, 1.699836, -1.654384
494.801544, 1.904276, 0.108727
499.516144, 1.692541, -1.655119
504.220734, 1.903657, 0.114289
508.935333, 1.701772, -1.654180
513.649902, 1.904163, 0.109917
518.364502, 1.694503, -1.654930
523.079102, 1.904605, 0.105515
527.783691, 1.703751, -1.653981
532.498291, 1.904019, 0.111086
537.212891, 1.696441, -1.654730
541.927490, 1.904480, 0.106676
546.642090, 1.689129, -1.655463
551.346680, 1.903892, 0.112248
556.061279, 1.698367, -1.654533
560.775879, 1.904361, 0.107842
565.490479, 1.691057, -1.655271
570.195068, 1.903771, 0.113410
574.909668, 1.700288, -1.654340
579.624268, 1.904246, 0.109007
584.338867, 1.692980, -1.655083
589.053467, 1.904695, 0.104595
593.758057, 1.702225, -1.654140
598.472656, 1.904118, 0.110170
603.187256, 1.694924, -1.654882
607.901855, 1.904567, 0.105758
612.606445, 1.704160, -1.653937
617.321045, 1.903998, 0.111333
622.035645, 1.696848, -1.654689
626.750244, 1.904456, 0.106924
631.464844, 1.689536, -1.655424
636.169434, 1.903878, 0.112496
640.884033, 1.698783, -1.654491
645.598633, 1.904331, 0.108087
650.313232, 1.691466, -1.655231
655.017822, 1.903745, 0.113656
659.732422, 1.700700, -1.654299
664.447021, 1.904226, 0.109256
669.161621, 1.693400, -1.655039
673.876221, 1.904662, 0.104841
678.580811, 1.702640, -1.654094
683.295410, 1.904093, 0.110416
688.010010, 1.695326, -1.654844
692.724609, 1.904544, 0.106007
697.429199, 1.704569, -1.653894
702.143799, 1.903967, 0.111578
706.858398, 1.697259, -1.654647
711.572998, 1.904428, 0.107170
716.287598, 1.689940, -1.655386
720.992188, 1.903848, 0.112743
725.706787, 1.699186, -1.654452
730.421387, 1.904310, 0.108336
735.135986, 1.691881, -1.655189
739.840576, 1.903709, 0.113901
744.555176, 1.701122, -1.654250
749.269775, 1.904189, 0.109499
753.984375, 1.693805, -1.654997
758.698975, 1.904647, 0.105090
763.403564, 1.703048, -1.654054
768.118164, 1.904073, 0.110663
772.832764, 1.695721, -1.654800
777.547363, 1.904514, 0.106236
782.251953, 1.704954, -1.653855
786.966553, 1.903945, 0.111810
791.681152, 1.697646, -1.654606
796.395752, 1.904404, 0.107404
801.110352, 1.690329, -1.655345
805.814941, 1.903816, 0.112973
810.529541, 1.699572, -1.654410
815.244141, 1.904283, 0.108566
819.958740, 1.692261, -1.655151
824.663330, 1.903694, 0.114136
829.377930, 1.701504, -1.654214
834.092529, 1.904161, 0.109732
838.807129, 1.694188, -1.654960
843.521729, 1.904618, 0.105322
848.226318, 1.703438, -1.654009
852.940918, 1.904038, 0.110894
857.655518, 1.696123, -1.654759
862.370117, 1.904499, 0.106486
867.074707, 1.705358, -1.653815
871.789307, 1.903915, 0.112058
876.503906, 1.698054, -1.654567
881.218506, 1.904381, 0.107651
885.933105, 1.690739, -1.655304
890.637695, 1.903789, 0.113219
895.352295, 1.699982, -1.654369
900.066895, 1.904259, 0.108814
904.781494, 1.692673, -1.655108
909.486084, 1.903663, 0.114380
914.200684, 1.701910, -1.654172
918.915283, 1.904141, 0.109978
923.629883, 1.694601, -1.654917
928.344482, 1.904595, 0.105569
933.049072, 1.703845, -1.653969
937.763672, 1.904014, 0.111141
942.478271, 1.696546, -1.654714
947.192871, 1.904465, 0.106730
951.907471, 1.689214, -1.655456
956.612061, 1.903893, 0.112305
961.326660, 1.698474, -1.654519
966.041260, 1.904349, 0.107895
970.755859, 1.691154, -1.655260
975.460449, 1.903761, 0.113465
980.175049, 1.700396, -1.654325
984.889648, 1.904234, 0.109061
989.604248, 1.693087, -1.655067
994.318848, 1.904678, 0.104647
