time,theta,omega
202.627914, -1.103601, 1.936213
207.345322, -2.735991, -0.535988
212.052734, -2.742904, 1.368628
216.770142, -1.405184, 0.133988
221.477554, -1.107221, 1.933417
226.194962, -2.732214, -0.533376
230.902374, -2.724403, 1.376192
235.619781, -1.414255, 0.123666
240.327194, -1.103978, 1.935713
245.044601, -2.735388, -0.535416
249.752014, -2.739338, 1.369949
254.469421, -1.406735, 0.132235
259.181671, -1.109517, 1.929831
263.896271, -2.715058, -0.523053
268.610870, -2.646572, 1.401589
273.315460, -1.449637, 0.085339
278.030060, -1.098903, 1.940110
282.744659, -2.727705, -0.532747
287.459259, -2.710774, 1.375226
292.163849, -1.412799, 0.117484
296.878448, -1.117740, 1.929694
301.593048, -2.711153, -0.523075
306.307648, -2.637914, 1.407284
311.022247, -1.456912, 0.086640
315.726837, -1.099517, 1.942597
320.441437, -2.730157, -0.536721
325.156036, -2.731488, 1.368588
329.870636, -1.403135, 0.134416
334.575226, -1.125215, 1.927585
339.289825, -2.706933, -0.522661
344.004425, -2.627309, 1.413828
348.719025, -1.466720, 0.077600
353.433624, -1.079867, 1.944790
358.138214, -2.733367, -0.541192
362.852814, -2.755980, 1.360526
367.567413, -1.394147, 0.144640
372.282013, -1.112718, 1.925051
376.986603, -2.703247, -0.522565
381.701202, -2.619121, 1.419330
386.415802, -1.475061, 0.069821
391.130402, -1.080323, 1.947339
395.845001, -2.741287, -0.538597
400.549591, -2.777381, 1.353866
405.264191, -1.387778, 0.153451
409.978790, -1.117763, 1.923959
414.693390, -2.706289, -0.516652
419.397980, -2.618032, 1.421731
424.112579, -1.478403, 0.065485
428.827179, -1.083272, 1.948452
433.541779, -2.741528, -0.541122
438.256378, -2.774235, 1.348505
442.960968, -1.385857, 0.155738
447.675568, -1.122061, 1.923772
452.390167, -2.705082, -0.518196
457.104767, -2.607006, 1.420206
461.809357, -1.478664, 0.063185
466.523956, -1.087770, 1.948664
471.238556, -2.740314, -0.542691
475.953156, -2.777578, 1.349175
480.667755, -1.384539, 0.162770
485.372345, -1.126535, 1.923880
490.086945, -2.703888, -0.519789
494.801544, -2.610344, 1.420673
499.516144, -1.478094, 0.070552
504.220734, -1.092326, 1.948832
508.935333, -2.739048, -0.544228
513.649902, -2.780667, 1.349978
518.364502, -1.384960, 0.160578
523.079102, -1.111859, 1.923473
527.783691, -2.702658, -0.521394
532.498291, -2.613660, 1.421179
537.212891, -1.478297, 0.068265
541.927490, -1.077431, 1.948231
546.642090, -2.743166, -0.539184
551.346680, -2.783906, 1.350696
556.061279, -1.385317, 0.158533
560.775879, -1.116348, 1.923603
565.490479, -2.706604, -0.516164
570.195068, -2.616956, 1.421669
574.909668, -1.478478, 0.066020
579.624268, -1.081971, 1.948432
584.338867, -2.741921, -0.540730
589.053467, -2.773603, 1.348207
593.758057, -1.385686, 0.156455
598.472656, -1.120833, 1.923726
603.187256, -2.705404, -0.517752
607.901855, -2.606054, 1.420094
612.606445, -1.478648, 0.063779
617.321045, -1.086497, 1.948626
622.035645, -2.740678, -0.542280
626.750244, -2.776806, 1.348931
631.464844, -1.384403, 0.163402
636.169434, -1.125305, 1.923844
640.884033, -2.704219, -0.519352
645.598633, -2.609438, 1.420540
650.313232, -1.478042, 0.071170
655.017822, -1.091071, 1.948787
659.732422, -2.739397, -0.543805
664.447021, -2.779841, 1.349728
669.161621, -1.384825, 0.161232
673.876221, -1.110560, 1.923433
678.580811, -2.703012, -0.520940
683.295410, -2.612741, 1.421025
688.010010, -1.478224, 0.068924
692.724609, -1.076133, 1.948166
697.429199, -2.738132, -0.545345
702.143799, -2.782974, 1.350488
706.858398, -1.385210, 0.159122
711.572998, -1.115063, 1.923564
716.287598, -2.706947, -0.515704
720.992188, -2.615990, 1.421536
725.706787, -1.478441, 0.066657
730.421387, -1.080645, 1.948384
735.135986, -2.742299, -0.540298
739.840576, -2.786262, 1.351190
744.555176, -1.385550, 0.157109
749.269775, -1.119530, 1.923691
753.984375, -2.705762, -0.517303
758.698975, -2.605159, 1.419931
763.403564, -1.478563, 0.064448
768.118164, -1.085210, 1.948559
772.832764, -2.741011, -0.541803
777.547363, -2.775718, 1.348777
782.251953, -1.385981, 0.154913
786.966553, -1.123993, 1.923817
791.681152, -2.704571, -0.518884
796.395752, -2.608457, 1.420402
801.110352, -1.477998, 0.071824
805.814941, -1.089719, 1.948742
810.529541, -2.739779, -0.543360
815.244141, -2.778968, 1.349487
819.958740, -1.384697, 0.161883
824.663330, -1.128476, 1.923921
829.377930, -2.703368, -0.520473
834.092529, -2.611774, 1.420879
838.807129, -1.478169, 0.069587
843.521729, -1.074798, 1.948105
848.226318, -2.738505, -0.544892
852.940918, -2.782052, 1.350265
857.655518, -1.385101, 0.159743
862.370117, -1.113725, 1.923531
867.074707, -2.702161, -0.522062
871.789307, -2.615089, 1.421361
876.503906, -1.478333, 0.067350
881.218506, -1.079352, 1.948305
885.933105, -2.742632, -0.539819
890.637695, -2.785163, 1.351036
895.352295, -1.385489, 0.157621
900.066895, -1.118216, 1.923662
904.781494, -2.706109, -0.516832
909.486084, -2.618363, 1.421862
914.200684, -1.478532, 0.065096
918.915283, -1.083878, 1.948507
923.629883, -2.741395, -0.541373
928.344482, -2.774900, 1.348526
933.049072, -1.385846, 0.155572
937.763672, -1.122691, 1.923782
942.478271, -2.704919, -0.518428
947.192871, -2.607507, 1.420264
951.907471, -1.477944, 0.072471
956.612061, -1.088422, 1.948687
961.326660, -2.740132, -0.542910
966.041260, -2.778022, 1.349286
970.755859, -1.384601, 0.162464
975.460449, -1.127168, 1.923899
980.175049, -2.703725, -0.520023
984.889648, -2.610864, 1.420723
989.604248, -1.478086, 0.070253
994.318848, -1.073505, 1.948036
