time,theta,omega
202.627914, -0.902582, 2.030922
207.345322, -2.951693, -0.681998
212.052734, 2.292998, 1.197864
216.770142, 3.021429, -1.255892
221.477554, 1.584508, -0.284355
226.194962, 0.760911, -2.044604
230.902374, 3.047942, 0.750275
235.619781, -1.358937, -1.533531
240.327194, -2.073640, 1.607712
245.044601, -1.950170, -0.135419
249.752014, -0.948524, 2.057521
254.469421, -2.928986, -0.671127
259.181671, 2.441784, 1.171304
263.896271, -2.823357, -1.158729
268.610870, 0.456320, 1.876097
273.315460, 2.403040, -1.336894
278.030060, 1.597422, -0.029156
282.744659, 0.943488, -2.010710
287.459259, 2.899126, 0.645617
292.163849, -2.660377, -1.167330
296.878448, 1.781745, 1.345808
301.593048, 2.222667, -1.568633
306.307648, 1.818749, 0.083879
311.022247, 0.916839, -2.043305
315.726837, 2.921488, 0.670395
320.441437, -2.471964, -1.169764
325.156036, 2.709422, 1.151271
329.870636, -1.556810, -1.436430
334.575226, -2.112736, 1.605991
339.289825, -1.916443, -0.128119
344.004425, -0.946595, 2.051176
348.719025, -2.913230, -0.660938
353.433624, 2.555272, 1.158553
358.138214, -2.393324, -1.171162
362.852814, 2.993076, 1.188735
367.567413, 2.488780, -0.992886
372.282013, 1.480604, -0.181808
376.986603, 0.952085, -1.995591
381.701202, 2.891290, 0.644263
386.415802, -2.698196, -1.164195
391.130402, 1.559490, 1.436463
395.845001, 2.099907, -1.606320
400.549591, 1.915413, 0.129066
405.264191, 0.948974, -2.051398
409.978790, 2.912581, 0.661768
414.693390, -2.552438, -1.160069
419.397980, 2.397902, 1.171942
424.112579, -2.972667, -1.186086
428.827179, -2.161505, 1.226167
433.541779, -1.702375, 0.006179
438.256378, -0.892824, 2.033714
442.960968, -2.935158, -0.677971
447.675568, 2.378684, 1.180823
452.390167, -3.019270, -1.191839
457.104767, -2.868286, 0.708726
461.809357, 2.832990, -0.743757
466.523956, 2.750359, 0.232392
471.238556, 2.027771, -1.709483
475.953156, 2.021808, 0.176302
480.667755, 0.999093, -2.047541
485.372345, 2.865795, 0.637265
490.086945, -2.823985, -1.175843
494.801544, 0.254121, 1.926151
499.516144, 2.517205, -1.246757
504.220734, 1.498157, -0.092546
508.935333, 0.985962, -1.988989
513.649902, 2.863349, 0.624627
518.364502, -2.879707, -1.180032
523.079102, -0.547272, 1.945107
527.783691, 3.123465, -0.813595
532.498291, -0.444535, 1.964107
537.212891, 3.027851, -0.877310
541.927490, -2.602355, 0.910210
546.642090, -1.526728, 0.252720
551.346680, -0.859125, 2.021204
556.061279, -2.966182, -0.692753
560.775879, 2.171983, 1.218211
565.490479, 2.737962, -1.353894
570.195068, 1.422450, -0.134946
574.909668, 1.029184, -1.966337
579.624268, 2.822894, 0.596426
584.338867, -3.120961, -1.229742
589.053467, 2.178508, -0.120287
593.758057, 0.759046, -2.113841
598.472656, 3.069140, 0.771499
603.187256, -1.041472, -1.674049
607.901855, -2.122186, 1.545914
612.606445, -1.871330, -0.105790
617.321045, -0.932962, 2.050296
622.035645, -2.923857, -0.669219
626.750244, 2.473295, 1.165733
631.464844, -2.723591, -1.148268
636.169434, 1.470727, 1.482172
640.884033, 2.089519, -1.607898
645.598633, 1.929631, 0.129344
650.313232, 0.943575, -2.050924
655.017822, 2.906209, 0.662919
659.732422, -2.565722, -1.165266
664.447021, 2.315937, 1.179674
669.161621, 3.053476, -1.244741
673.876221, 1.677344, -0.287418
678.580811, 0.716312, -2.066041
683.295410, 3.084575, 0.775553
688.010010, -0.863043, -1.747178
692.724609, -2.184709, 1.495241
697.429199, -1.804962, -0.075721
702.143799, -0.922204, 2.044863
706.858398, -2.929579, -0.672283
711.572998, 2.434919, 1.169741
716.287598, -2.857203, -1.160717
720.992188, 0.003607, 1.965119
725.706787, 2.688478, -1.124671
730.421387, 1.444613, -0.209019
735.135986, 0.952356, -1.985330
739.840576, 2.875157, 0.635300
744.555176, -2.790651, -1.173194
749.269775, 0.666267, 1.816464
753.984375, 2.274576, -1.427276
758.698975, 1.714664, 0.025070
763.403564, 0.926709, -2.033284
768.118164, 2.922995, 0.667844
772.832764, -2.478736, -1.166991
777.547363, 2.695212, 1.148577
782.251953, -1.663723, -1.398147
786.966553, -2.155842, 1.593716
791.681152, -1.879074, -0.111134
796.395752, -0.931849, 2.048848
801.110352, -2.921330, -0.663769
805.814941, 2.501543, 1.170224
810.529541, -2.582167, -1.152983
815.244141, 2.285342, 1.184938
819.958740, 2.973015, -1.269476
824.663330, 1.496971, -0.272588
829.377930, 0.868350, -2.014739
834.092529, 2.956996, 0.685805
838.807129, -2.248426, -1.200171
843.521729, -2.901966, 1.292419
848.226318, -1.425745, 0.236592
852.940918, -0.961148, 1.983402
857.655518, -2.877839, -0.631555
862.370117, 2.801685, 1.168856
867.074707, -0.598400, -1.842898
871.789307, -2.312166, 1.403969
876.503906, -1.683748, -0.015107
881.218506, -0.920684, 2.027169
885.933105, -2.921268, -0.661075
890.637695, 2.510851, 1.169909
895.352295, -2.543231, -1.154845
900.066895, 2.459164, 1.159128
904.781494, -2.795583, -1.155825
909.486084, 0.773862, 1.783164
914.200684, 2.225765, -1.469387
918.915283, 1.771644, 0.056492
923.629883, 0.912938, -2.040211
928.344482, 2.931783, 0.669472
933.049072, -2.431908, -1.176952
937.763672, 2.835808, 1.164408
942.478271, -0.216295, -1.933422
947.192871, -2.542200, 1.228558
951.907471, -1.480965, 0.116751
956.612061, -0.991178, 1.985458
961.326660, -2.858332, -0.621298
966.041260, 2.909686, 1.184904
970.755859, 1.085656, -1.807168
975.460449, 2.704696, 0.510969
980.175049, 2.548759, -1.462369
984.889648, 1.554981, -0.030663
989.604248, 0.971332, -1.997671
994.318848, 2.873317, 0.626877
