time,theta,omega
202.627914, 1.777348, 0.080612
207.345322, 1.192682, -1.920393
212.052734, 2.547912, 0.423645
216.770142, 2.156399, -1.588665
221.477554, 1.777231, 0.080482
226.194962, 1.192527, -1.920374
230.902374, 2.547938, 0.423574
235.619781, 2.156241, -1.588681
240.327194, 1.777264, 0.080405
245.044601, 1.192364, -1.920375
249.752014, 2.547973, 0.423511
254.469421, 2.156110, -1.588684
259.181671, 1.774544, 0.076574
263.896271, 1.206290, -1.914259
268.610870, 2.529865, 0.406437
273.315460, 2.113171, -1.611017
278.030060, 1.814940, 0.093233
282.744659, 1.206891, -1.919950
287.459259, 2.532925, 0.409942
292.163849, 2.126894, -1.605448
296.878448, 1.804460, 0.090549
301.593048, 1.209243, -1.918627
306.307648, 2.531790, 0.410325
311.022247, 2.110405, -1.606970
315.726837, 1.806366, 0.092478
320.441437, 1.211444, -1.918910
325.156036, 2.531453, 0.411341
329.870636, 2.112754, -1.606689
334.575226, 1.805853, 0.093507
339.289825, 1.213685, -1.918873
344.004425, 2.530950, 0.412228
348.719025, 2.114534, -1.606672
353.433624, 1.806675, 0.084570
358.138214, 1.215916, -1.918898
362.852814, 2.530488, 0.413143
367.567413, 2.116452, -1.606593
372.282013, 1.806546, 0.085743
376.986603, 1.218162, -1.918901
381.701202, 2.529999, 0.414043
386.415802, 2.118303, -1.606537
391.130402, 1.806456, 0.086922
395.845001, 1.201192, -1.918764
400.549591, 2.529536, 0.414949
405.264191, 2.120181, -1.606476
409.978790, 1.806360, 0.088105
414.693390, 1.203436, -1.918787
419.397980, 2.529047, 0.415850
424.112579, 2.122025, -1.606429
428.827179, 1.806287, 0.089299
433.541779, 1.205673, -1.918816
438.256378, 2.532656, 0.408978
442.960968, 2.123908, -1.606365
447.675568, 1.806176, 0.090478
452.390167, 1.207904, -1.918835
457.104767, 2.532183, 0.409886
461.809357, 2.125778, -1.606307
466.523956, 1.806083, 0.091662
471.238556, 1.210136, -1.918857
475.953156, 2.531723, 0.410801
480.667755, 2.111631, -1.606740
485.372345, 1.805939, 0.092829
490.086945, 1.212382, -1.918867
494.801544, 2.531233, 0.411700
499.516144, 2.113461, -1.606699
504.220734, 1.805876, 0.094025
508.935333, 1.214622, -1.918885
513.649902, 2.530780, 0.412645
518.364502, 2.115473, -1.606597
523.079102, 1.806546, 0.085064
527.783691, 1.216917, -1.918889
532.498291, 2.530262, 0.413537
537.212891, 2.117231, -1.606591
541.927490, 1.806549, 0.086286
546.642090, 1.199964, -1.918755
551.346680, 2.529794, 0.414450
556.061279, 2.119136, -1.606517
560.775879, 1.806429, 0.087461
565.490479, 1.202196, -1.918780
570.195068, 2.529324, 0.415361
574.909668, 2.121047, -1.606439
579.624268, 1.806295, 0.088632
584.338867, 1.204450, -1.918795
589.053467, 2.532910, 0.408475
593.758057, 2.122864, -1.606405
598.472656, 1.806247, 0.089835
603.187256, 1.206671, -1.918828
607.901855, 2.532447, 0.409390
612.606445, 2.124767, -1.606329
617.321045, 1.806121, 0.091007
622.035645, 1.208910, -1.918843
626.750244, 2.531976, 0.410297
631.464844, 2.110576, -1.606783
636.169434, 1.806016, 0.092188
640.884033, 1.211146, -1.918863
645.598633, 2.531507, 0.411210
650.313232, 2.112462, -1.606717
655.017822, 1.805907, 0.093365
659.732422, 1.213382, -1.918879
664.447021, 2.531020, 0.412113
669.161621, 2.114305, -1.606673
673.876221, 1.806669, 0.084411
678.580811, 1.215633, -1.918888
683.295410, 2.530541, 0.413017
688.010010, 2.116169, -1.606618
692.724609, 1.806584, 0.085599
697.429199, 1.217865, -1.918905
702.143799, 2.530067, 0.413929
706.858398, 2.118062, -1.606550
711.572998, 1.806475, 0.086778
716.287598, 1.200908, -1.918765
720.992188, 2.529603, 0.414838
725.706787, 2.119965, -1.606475
730.421387, 1.806357, 0.087952
735.135986, 1.203146, -1.918787
739.840576, 2.529114, 0.415741
744.555176, 2.121808, -1.606430
749.269775, 1.806287, 0.089146
753.984375, 1.205395, -1.918809
758.698975, 2.532711, 0.408862
763.403564, 2.123664, -1.606378
768.118164, 1.806200, 0.090334
772.832764, 1.207601, -1.918833
777.547363, 2.532250, 0.409760
782.251953, 2.125524, -1.606310
786.966553, 1.806094, 0.091498
791.681152, 1.209835, -1.918852
796.395752, 2.531774, 0.410668
801.110352, 2.111329, -1.606768
805.814941, 1.805990, 0.092681
810.529541, 1.212079, -1.918866
815.244141, 2.531294, 0.411574
819.958740, 2.113178, -1.606718
824.663330, 1.805909, 0.093868
829.377930, 1.214309, -1.918889
834.092529, 2.530839, 0.412491
838.807129, 2.115117, -1.606629
843.521729, 1.806597, 0.084886
848.226318, 1.216541, -1.918893
852.940918, 2.530349, 0.413394
857.655518, 2.116956, -1.606586
862.370117, 1.806538, 0.086082
867.074707, 1.218777, -1.918910
871.789307, 2.529875, 0.414302
876.503906, 2.118836, -1.606523
881.218506, 1.806435, 0.087263
885.933105, 1.201842, -1.918770
890.637695, 2.529379, 0.415201
895.352295, 2.120666, -1.606483
900.066895, 1.806381, 0.088461
904.781494, 1.204076, -1.918800
909.486084, 2.528910, 0.416114
914.200684, 2.122576, -1.606406
918.915283, 1.806243, 0.089633
923.629883, 1.206316, -1.918818
928.344482, 2.532512, 0.409235
933.049072, 2.124411, -1.606364
937.763672, 1.806181, 0.090829
942.478271, 1.208548, -1.918844
947.192871, 2.532046, 0.410145
951.907471, 2.110245, -1.606803
956.612061, 1.806056, 0.092002
961.326660, 1.210785, -1.918860
966.041260, 2.531571, 0.411054
970.755859, 2.112124, -1.606741
975.460449, 1.805948, 0.093181
980.175049, 1.213022, -1.918876
984.889648, 2.531104, 0.411966
989.604248, 2.114020, -1.606674
994.318848, 1.806667, 0.084209
