time,theta,omega
202.627914, 2.289148, 0.287100
207.345322, 1.645270, -1.785787
212.052734, 2.147870, 0.223665
216.770142, 1.461185, -1.847733
221.477554, 2.289203, 0.287040
226.194962, 1.645166, -1.785780
230.902374, 2.147855, 0.223570
235.619781, 1.460983, -1.847755
240.327194, 2.289267, 0.286983
245.044601, 1.645085, -1.785763
249.752014, 2.147825, 0.223469
254.469421, 1.460781, -1.847775
259.181671, 2.286447, 0.282728
263.896271, 1.653195, -1.780668
268.610870, 2.133878, 0.210332
273.315460, 1.470462, -1.844746
278.030060, 2.280502, 0.281334
282.744659, 1.646606, -1.783770
287.459259, 2.140460, 0.214353
292.163849, 1.479146, -1.842788
296.878448, 2.275333, 0.280144
301.593048, 1.641158, -1.786439
306.307648, 2.146124, 0.217995
311.022247, 1.468678, -1.841820
315.726837, 2.270690, 0.279206
320.441437, 1.636623, -1.788755
325.156036, 2.151070, 0.221332
329.870636, 1.476062, -1.840206
334.575226, 2.266477, 0.278469
339.289825, 1.632817, -1.790790
344.004425, 2.155436, 0.224423
348.719025, 1.482940, -1.838718
353.433624, 2.265322, 0.268866
358.138214, 1.629628, -1.792590
362.852814, 2.159302, 0.227306
367.567413, 1.489388, -1.837342
372.282013, 2.261791, 0.268443
376.986603, 1.626967, -1.794191
381.701202, 2.162753, 0.230012
386.415802, 1.495467, -1.836048
391.130402, 2.258510, 0.268130
395.845001, 1.606716, -1.796706
400.549591, 2.165897, 0.232577
405.264191, 1.501241, -1.834847
409.978790, 2.255472, 0.267940
414.693390, 1.604854, -1.798007
419.397980, 2.168697, 0.235004
424.112579, 1.506716, -1.833723
428.827179, 2.252651, 0.267853
433.541779, 1.603313, -1.799187
438.256378, 2.173528, 0.227943
442.960968, 1.511952, -1.832660
447.675568, 2.250017, 0.267850
452.390167, 1.602066, -1.800261
457.104767, 2.175872, 0.230175
461.809357, 1.516961, -1.831660
466.523956, 2.247541, 0.267923
471.238556, 1.601082, -1.801235
475.953156, 2.178004, 0.232318
480.667755, 1.503445, -1.831607
485.372345, 2.245226, 0.268071
490.086945, 1.600337, -1.802124
494.801544, 2.179954, 0.234379
499.516144, 1.508082, -1.830730
504.220734, 2.243028, 0.268276
508.935333, 1.599787, -1.802939
513.649902, 2.181766, 0.236405
518.364502, 1.512625, -1.829888
523.079102, 2.243535, 0.259440
527.783691, 1.599462, -1.803688
532.498291, 2.183388, 0.238336
537.212891, 1.516935, -1.829100
541.927490, 2.241594, 0.259758
546.642090, 1.581239, -1.805388
551.346680, 2.184875, 0.240198
556.061279, 1.521100, -1.828351
560.775879, 2.239753, 0.260123
565.490479, 1.581203, -1.806020
570.195068, 2.186251, 0.242010
574.909668, 1.525149, -1.827636
579.624268, 2.238000, 0.260533
584.338867, 1.581298, -1.806607
589.053467, 2.189872, 0.234450
593.758057, 1.529094, -1.826947
598.472656, 2.236326, 0.260977
603.187256, 1.581535, -1.807141
607.901855, 2.191054, 0.236179
612.606445, 1.532912, -1.826296
617.321045, 2.234746, 0.261463
622.035645, 1.581884, -1.807635
626.750244, 2.192135, 0.237866
631.464844, 1.518359, -1.826587
636.169434, 2.233242, 0.261987
640.884033, 1.582361, -1.808083
645.598633, 2.193125, 0.239510
650.313232, 1.521982, -1.826008
655.017822, 2.231811, 0.262544
659.732422, 1.582944, -1.808495
664.447021, 2.194031, 0.241117
669.161621, 1.525511, -1.825457
673.876221, 2.232989, 0.253967
678.580811, 1.583618, -1.808871
683.295410, 2.194864, 0.242692
688.010010, 1.528966, -1.824923
692.724609, 2.231690, 0.254582
697.429199, 1.584373, -1.809219
702.143799, 2.195634, 0.244239
706.858398, 1.532339, -1.824415
711.572998, 2.230448, 0.255226
716.287598, 1.567113, -1.810539
720.992188, 2.196323, 0.245752
725.706787, 1.535640, -1.823926
730.421387, 2.229262, 0.255892
735.135986, 1.568020, -1.810840
739.840576, 2.196966, 0.247245
744.555176, 1.538891, -1.823449
749.269775, 2.228116, 0.256579
753.984375, 1.568999, -1.811117
758.698975, 2.199953, 0.239423
763.403564, 1.542063, -1.822995
768.118164, 2.227027, 0.257290
772.832764, 1.570043, -1.811359
777.547363, 2.200485, 0.240850
782.251953, 1.545131, -1.822567
786.966553, 2.225997, 0.258015
791.681152, 1.571156, -1.811588
796.395752, 2.200982, 0.242276
801.110352, 1.529964, -1.823087
805.814941, 2.224981, 0.258763
810.529541, 1.572323, -1.811795
815.244141, 2.201430, 0.243683
819.958740, 1.532974, -1.822694
824.663330, 2.224020, 0.259534
829.377930, 1.573555, -1.811980
834.092529, 2.201829, 0.245066
838.807129, 1.535923, -1.822318
843.521729, 2.225601, 0.251126
848.226318, 1.574826, -1.812150
852.940918, 2.202194, 0.246436
857.655518, 1.538849, -1.821948
862.370117, 2.224701, 0.251927
867.074707, 1.576145, -1.812301
871.789307, 2.202518, 0.247785
876.503906, 1.541714, -1.821595
881.218506, 2.223849, 0.252747
885.933105, 1.559387, -1.813427
890.637695, 2.202807, 0.249119
895.352295, 1.544543, -1.821253
900.066895, 2.223017, 0.253578
904.781494, 1.560800, -1.813555
909.486084, 2.203062, 0.250439
914.200684, 1.547328, -1.820923
918.915283, 2.222223, 0.254424
923.629883, 1.562244, -1.813671
928.344482, 2.205712, 0.242479
933.049072, 1.550089, -1.820600
937.763672, 2.221444, 0.255279
942.478271, 1.563731, -1.813769
947.192871, 2.205918, 0.243776
951.907471, 1.534599, -1.821230
956.612061, 2.220690, 0.256147
961.326660, 1.565234, -1.813863
966.041260, 2.206108, 0.245066
970.755859, 1.537295, -1.820937
975.460449, 2.219963, 0.257024
980.175049, 1.566797, -1.813935
984.889648, 2.206255, 0.246337
989.604248, 1.539958, -1.820653
994.318848, 2.221746, 0.248703
