time,theta,omega
202.627914, -1.081873, 1.948920
207.345322, -2.756513, -0.549484
212.052734, -2.843051, 1.328793
216.770142, -1.377871, 0.195527
221.477554, -1.099023, 1.931458
226.194962, -2.737068, -0.535882
230.902374, -2.745895, 1.367344
235.619781, -1.403745, 0.135847
240.327194, -1.107462, 1.933074
245.044601, -2.731831, -0.533030
249.752014, -2.722214, 1.377029
254.469421, -1.415331, 0.122590
259.181671, -1.106508, 1.932034
263.896271, -2.718084, -0.525065
268.610870, -2.660679, 1.395508
273.315460, -1.440580, 0.092554
278.030060, -1.103264, 1.937480
282.744659, -2.723568, -0.530038
287.459259, -2.691270, 1.383441
292.163849, -1.423364, 0.106778
296.878448, -1.113435, 1.932595
301.593048, -2.715369, -0.525851
306.307648, -2.657455, 1.398849
311.022247, -1.443942, 0.096457
315.726837, -1.105811, 1.938826
320.441437, -2.724211, -0.532828
325.156036, -2.703305, 1.380342
329.870636, -1.417549, 0.118693
334.575226, -1.120004, 1.931359
339.289825, -2.712142, -0.526108
344.004425, -2.651405, 1.403405
348.719025, -1.450269, 0.089528
353.433624, -1.088003, 1.940040
358.138214, -2.725748, -0.536205
362.852814, -2.719633, 1.375497
367.567413, -1.410867, 0.123774
372.282013, -1.107924, 1.929042
376.986603, -2.708253, -0.525926
381.701202, -2.642310, 1.409271
386.415802, -1.458795, 0.081136
391.130402, -1.088422, 1.942630
395.845001, -2.733676, -0.533602
400.549591, -2.741062, 1.368621
405.264191, -1.402285, 0.131979
409.978790, -1.115351, 1.926944
414.693390, -2.709245, -0.518725
419.397980, -2.631801, 1.415749
424.112579, -1.468559, 0.072133
428.827179, -1.088189, 1.945596
433.541779, -2.736914, -0.538094
438.256378, -2.752002, 1.357556
442.960968, -1.393544, 0.142346
447.675568, -1.121892, 1.925043
452.390167, -2.705749, -0.518744
457.104767, -2.610326, 1.418747
461.809357, -1.476273, 0.064775
466.523956, -1.088955, 1.947972
471.238556, -2.739203, -0.541961
475.953156, -2.772201, 1.351346
480.667755, -1.386250, 0.159503
485.372345, -1.126710, 1.924097
490.086945, -2.703860, -0.519803
494.801544, -2.610296, 1.420694
499.516144, -1.478127, 0.070529
504.220734, -1.092315, 1.948839
508.935333, -2.739058, -0.544234
513.649902, -2.780717, 1.349959
518.364502, -1.384947, 0.160609
523.079102, -1.111861, 1.923469
527.783691, -2.702655, -0.521392
532.498291, -2.613646, 1.421185
537.212891, -1.478307, 0.068256
541.927490, -1.077424, 1.948236
546.642090, -2.743175, -0.539189
551.346680, -2.783946, 1.350680
556.061279, -1.385301, 0.158558
560.775879, -1.116344, 1.923602
565.490479, -2.706609, -0.516167
570.195068, -2.616976, 1.421660
574.909668, -1.478461, 0.066030
579.624268, -1.081972, 1.948429
584.338867, -2.741919, -0.540728
589.053467, -2.773592, 1.348210
593.758057, -1.385689, 0.156449
598.472656, -1.120824, 1.923730
603.187256, -2.705414, -0.517759
607.901855, -2.606094, 1.420077
612.606445, -1.478623, 0.063797
617.321045, -1.086521, 1.948614
622.035645, -2.740659, -0.542267
626.750244, -2.776705, 1.348974
631.464844, -1.384433, 0.163340
636.169434, -1.125300, 1.923851
640.884033, -2.704224, -0.519355
645.598633, -2.609464, 1.420530
650.313232, -1.478025, 0.071179
655.017822, -1.091081, 1.948781
659.732422, -2.739387, -0.543799
664.447021, -2.779797, 1.349746
669.161621, -1.384839, 0.161205
673.876221, -1.110574, 1.923428
678.580811, -2.702999, -0.520933
683.295410, -2.612687, 1.421049
688.010010, -1.478259, 0.068898
692.724609, -1.076119, 1.948177
697.429199, -2.738148, -0.545355
702.143799, -2.783048, 1.350460
706.858398, -1.385193, 0.159167
711.572998, -1.115041, 1.923568
716.287598, -2.706963, -0.515714
720.992188, -2.616061, 1.421505
725.706787, -1.478386, 0.066691
730.421387, -1.080681, 1.948364
735.135986, -2.742267, -0.540276
739.840576, -2.786109, 1.351251
744.555176, -1.385596, 0.157016
749.269775, -1.119538, 1.923696
753.984375, -2.705760, -0.517302
758.698975, -2.605147, 1.419937
763.403564, -1.478569, 0.064443
768.118164, -1.085209, 1.948560
772.832764, -2.741012, -0.541803
777.547363, -2.775718, 1.348777
782.251953, -1.385981, 0.154913
786.966553, -1.123993, 1.923817
791.681152, -2.704571, -0.518884
796.395752, -2.608457, 1.420402
801.110352, -1.477998, 0.071824
805.814941, -1.089719, 1.948742
810.529541, -2.739779, -0.543360
815.244141, -2.778968, 1.349487
819.958740, -1.384697, 0.161883
824.663330, -1.128476, 1.923921
829.377930, -2.703368, -0.520473
834.092529, -2.611774, 1.420879
838.807129, -1.478169, 0.069587
843.521729, -1.074798, 1.948105
848.226318, -2.738505, -0.544892
852.940918, -2.782052, 1.350265
857.655518, -1.385101, 0.159743
862.370117, -1.113725, 1.923531
867.074707, -2.702161, -0.522062
871.789307, -2.615089, 1.421361
876.503906, -1.478333, 0.067350
881.218506, -1.079352, 1.948305
885.933105, -2.742632, -0.539819
890.637695, -2.785163, 1.351036
895.352295, -1.385489, 0.157621
900.066895, -1.118216, 1.923662
904.781494, -2.706109, -0.516832
909.486084, -2.618363, 1.421862
914.200684, -1.478532, 0.065096
918.915283, -1.083878, 1.948507
923.629883, -2.741395, -0.541373
928.344482, -2.774900, 1.348526
933.049072, -1.385846, 0.155572
937.763672, -1.122691, 1.923782
942.478271, -2.704919, -0.518428
947.192871, -2.607507, 1.420264
951.907471, -1.477944, 0.072471
956.612061, -1.088422, 1.948687
961.326660, -2.740132, -0.542910
966.041260, -2.778022, 1.349286
970.755859, -1.384601, 0.162464
975.460449, -1.127168, 1.923899
980.175049, -2.703725, -0.520023
984.889648, -2.610864, 1.420723
989.604248, -1.478086, 0.070253
994.318848, -1.073505, 1.948036
