time,theta,omega
202.627914, 1.396974, -0.107181
207.345322, 1.231609, -1.872761
212.052734, 2.558348, 0.429235
216.770142, 2.099382, -1.636940
221.477554, 1.879060, 0.119113
226.194962, 1.084181, -1.984107
230.902374, 2.704934, 0.523494
235.619781, 2.682776, -1.369315
240.327194, 1.392399, -0.111347
245.044601, 1.233835, -1.871194
249.752014, 2.556028, 0.427656
254.469421, 2.090997, -1.640710
259.181671, 1.883482, 0.117898
263.896271, 1.099109, -1.979011
268.610870, 2.686353, 0.505384
273.315460, 2.605878, -1.405714
278.030060, 1.443048, -0.073384
282.744659, 1.219220, -1.883332
287.459259, 2.565634, 0.428355
292.163849, 2.140812, -1.620878
296.878448, 1.843548, 0.105017
301.593048, 1.097593, -1.976194
306.307648, 2.688030, 0.508159
311.022247, 2.605850, -1.399527
315.726837, 1.435508, -0.076205
320.441437, 1.228227, -1.880604
325.156036, 2.560370, 0.427543
329.870636, 2.113889, -1.627894
334.575226, 1.856171, 0.112440
339.289825, 1.103838, -1.977495
344.004425, 2.686215, 0.509580
348.719025, 2.606859, -1.400972
353.433624, 1.436480, -0.082423
358.138214, 1.231650, -1.881144
362.852814, 2.560271, 0.429859
367.567413, 2.120695, -1.626402
372.282013, 1.854287, 0.103631
376.986603, 1.108074, -1.977472
381.701202, 2.685190, 0.511255
386.415802, 2.610720, -1.401158
391.130402, 1.436240, -0.080496
395.845001, 1.217482, -1.881043
400.549591, 2.559027, 0.431479
405.264191, 2.123645, -1.626698
409.978790, 1.854792, 0.106277
414.693390, 1.093006, -1.976859
419.397980, 2.683963, 0.512848
424.112579, 2.613779, -1.401709
428.827179, 1.436582, -0.078182
433.541779, 1.221779, -1.881090
438.256378, 2.562380, 0.425688
442.960968, 2.127735, -1.626468
447.675568, 1.854291, 0.108530
452.390167, 1.097580, -1.977054
457.104767, 2.687861, 0.507536
461.809357, 2.617115, -1.402138
466.523956, 1.436726, -0.076004
471.238556, 1.226200, -1.881054
475.953156, 2.561359, 0.427447
480.667755, 2.115145, -1.626822
485.372345, 1.854149, 0.110928
490.086945, 1.102206, -1.977266
494.801544, 2.686682, 0.509152
499.516144, 2.606361, -1.400642
504.220734, 1.436925, -0.073787
508.935333, 1.230568, -1.881037
513.649902, 2.560407, 0.429269
518.364502, 2.119147, -1.626658
523.079102, 1.854787, 0.103148
527.783691, 1.106849, -1.977455
532.498291, 2.685502, 0.510799
537.212891, 2.609729, -1.401076
541.927490, 1.436254, -0.081060
546.642090, 1.216240, -1.881067
551.346680, 2.559341, 0.431012
556.061279, 2.122714, -1.626670
560.775879, 1.854755, 0.105588
565.490479, 1.091718, -1.976792
570.195068, 2.684302, 0.512411
574.909668, 2.612934, -1.401559
579.624268, 1.436494, -0.078816
584.338867, 1.220585, -1.881083
589.053467, 2.562639, 0.425194
593.758057, 2.126663, -1.626507
598.472656, 1.854382, 0.107894
603.187256, 1.096319, -1.976996
607.901855, 2.688184, 0.507089
612.606445, 2.616205, -1.402017
617.321045, 1.436685, -0.076605
622.035645, 1.224991, -1.881062
626.750244, 2.561630, 0.426960
631.464844, 2.114112, -1.626843
636.169434, 1.854206, 0.110277
640.884033, 1.100940, -1.977209
645.598633, 2.686999, 0.508706
650.313232, 2.605428, -1.400531
655.017822, 1.436899, -0.074378
659.732422, 1.229352, -1.881051
664.447021, 2.560661, 0.428750
669.161621, 2.117974, -1.626723
673.876221, 1.854926, 0.102496
678.580811, 1.105532, -1.977405
683.295410, 2.685836, 0.510331
688.010010, 2.608769, -1.400953
692.724609, 1.436213, -0.081690
697.429199, 1.233771, -1.881002
702.143799, 2.559640, 0.430511
706.858398, 2.121670, -1.626676
711.572998, 1.854780, 0.104893
716.287598, 1.090395, -1.976723
720.992188, 2.684638, 0.511942
725.706787, 2.611985, -1.401433
730.421387, 1.436445, -0.079450
735.135986, 1.219332, -1.881084
739.840576, 2.558656, 0.432294
744.555176, 2.125506, -1.626564
749.269775, 1.854514, 0.107239
753.984375, 1.094994, -1.976942
758.698975, 2.688518, 0.506624
763.403564, 2.615248, -1.401891
768.118164, 1.436642, -0.077236
772.832764, 1.223686, -1.881076
777.547363, 2.561937, 0.426446
782.251953, 2.129308, -1.626457
786.966553, 1.854246, 0.109571
791.681152, 1.099566, -1.977151
796.395752, 2.687363, 0.508239
801.110352, 2.604549, -1.400363
805.814941, 1.436790, -0.075064
810.529541, 1.228087, -1.881042
815.244141, 2.560927, 0.428212
819.958740, 2.116759, -1.626794
824.663330, 1.854064, 0.111951
829.377930, 1.104192, -1.977355
834.092529, 2.686171, 0.509849
838.807129, 2.607756, -1.400842
843.521729, 1.436185, -0.082318
848.226318, 1.232458, -1.881025
852.940918, 2.559952, 0.429998
857.655518, 2.120620, -1.626670
862.370117, 1.854791, 0.104174
867.074707, 1.108803, -1.977538
871.789307, 2.684989, 0.511466
876.503906, 2.611019, -1.401297
881.218506, 1.436391, -0.080101
885.933105, 1.218026, -1.881091
890.637695, 2.558971, 0.431783
895.352295, 2.124459, -1.626558
900.066895, 1.854522, 0.106520
904.781494, 1.093634, -1.976873
909.486084, 2.683807, 0.513085
914.200684, 2.614309, -1.401747
918.915283, 1.436568, -0.077896
923.629883, 1.222429, -1.881074
928.344482, 2.562211, 0.425930
933.049072, 2.128196, -1.626493
937.763672, 1.854327, 0.108897
942.478271, 1.098246, -1.977091
947.192871, 2.687696, 0.507768
951.907471, 2.603583, -1.400244
956.612061, 1.436754, -0.075688
961.326660, 1.226825, -1.881052
966.041260, 2.561219, 0.427704
970.755859, 2.115700, -1.626803
975.460449, 1.854105, 0.111262
980.175049, 1.102859, -1.977295
984.889648, 2.686509, 0.509383
989.604248, 2.606803, -1.400718
994.318848, 1.436136, -0.082952
