time,theta,omega
202.627914, 2.580624, 0.442631
207.345322, 2.217821, -1.571605
212.052734, 1.749949, 0.069445
216.770142, 1.133737, -1.945073
221.477554, 2.627936, 0.472614
226.194962, 2.394184, -1.488885
230.902374, 1.594205, 0.007906
235.619781, 1.180569, -1.909691
240.327194, 2.581704, 0.443123
245.044601, 2.221100, -1.569942
249.752014, 1.746815, 0.068071
254.469421, 1.133856, -1.944526
259.181671, 2.624427, 0.467547
263.896271, 2.387320, -1.490545
268.610870, 1.592889, 0.000831
273.315460, 1.205144, -1.903806
278.030060, 2.561033, 0.429963
282.744659, 2.164057, -1.595959
287.459259, 1.791547, 0.079432
292.163849, 1.157112, -1.946210
296.878448, 2.611898, 0.463657
301.593048, 2.350822, -1.509290
306.307648, 1.627787, 0.017402
311.022247, 1.175948, -1.913167
315.726837, 2.573739, 0.440150
320.441437, 2.214701, -1.573939
325.156036, 1.749755, 0.065946
329.870636, 1.145792, -1.939432
334.575226, 2.605757, 0.461775
339.289825, 2.334552, -1.518646
344.004425, 1.645163, 0.026701
348.719025, 1.173948, -1.917649
353.433624, 2.583251, 0.438212
358.138214, 2.239919, -1.563818
362.852814, 1.730485, 0.061009
367.567413, 1.153312, -1.936156
372.282013, 2.605811, 0.453824
376.986603, 2.325129, -1.524785
381.701202, 1.656538, 0.033574
386.415802, 1.174510, -1.920495
391.130402, 2.586016, 0.442324
395.845001, 2.241299, -1.557575
400.549591, 1.718524, 0.058831
405.264191, 1.160056, -1.934018
409.978790, 2.602319, 0.453934
414.693390, 2.304293, -1.528849
419.397980, 1.664503, 0.039082
424.112579, 1.176364, -1.922475
428.827179, 2.587546, 0.445677
433.541779, 2.254059, -1.553292
438.256378, 1.710811, 0.047954
442.960968, 1.166286, -1.932509
447.675568, 2.599456, 0.454479
452.390167, 2.301109, -1.532070
457.104767, 1.670697, 0.033663
461.809357, 1.179009, -1.923921
466.523956, 2.588318, 0.448559
471.238556, 2.264164, -1.550258
475.953156, 1.704962, 0.048114
480.667755, 1.152773, -1.931038
485.372345, 2.597054, 0.455334
490.086945, 2.299703, -1.534456
494.801544, 1.675032, 0.037740
499.516144, 1.162936, -1.924682
504.220734, 2.588578, 0.451122
508.935333, 2.272465, -1.548077
513.649902, 1.700728, 0.048908
518.364502, 1.158305, -1.930300
523.079102, 2.599477, 0.449018
527.783691, 2.299639, -1.536230
532.498291, 1.678214, 0.041401
537.212891, 1.166538, -1.925501
541.927490, 2.592912, 0.446021
546.642090, 2.264028, -1.546427
551.346680, 1.697611, 0.050117
556.061279, 1.163557, -1.929761
560.775879, 2.597665, 0.450255
565.490479, 2.285026, -1.537419
570.195068, 1.680626, 0.044731
574.909668, 1.170305, -1.926141
579.624268, 2.592600, 0.448218
584.338867, 2.270241, -1.545223
589.053467, 1.695618, 0.041458
593.758057, 1.168638, -1.929357
598.472656, 2.596033, 0.451609
603.187256, 2.286459, -1.538469
607.901855, 1.682809, 0.037709
612.606445, 1.174272, -1.926631
617.321045, 2.592091, 0.450292
622.035645, 2.275771, -1.544343
626.750244, 1.693823, 0.043165
631.464844, 1.154284, -1.928693
636.169434, 2.594537, 0.453055
640.884033, 2.288405, -1.539276
645.598633, 1.684178, 0.040635
650.313232, 1.159095, -1.926682
655.017822, 2.591449, 0.452284
659.732422, 2.280838, -1.543682
664.447021, 1.692430, 0.045028
669.161621, 1.159113, -1.928522
673.876221, 2.597625, 0.447139
678.580811, 2.290770, -1.539886
683.295410, 1.685181, 0.043418
688.010010, 1.163281, -1.927013
692.724609, 2.595172, 0.446769
697.429199, 2.285539, -1.543194
702.143799, 1.691359, 0.047011
706.858398, 1.163865, -1.928405
711.572998, 2.596335, 0.448711
716.287598, 2.278039, -1.540205
720.992188, 1.685899, 0.046093
725.706787, 1.167563, -1.927274
730.421387, 2.594355, 0.448647
735.135986, 2.274511, -1.542723
739.840576, 1.690548, 0.049096
744.555176, 1.168550, -1.928333
749.269775, 2.595105, 0.450324
753.984375, 2.280927, -1.540569
758.698975, 1.686813, 0.038569
763.403564, 1.171885, -1.927487
768.118164, 2.593487, 0.450489
772.832764, 2.278702, -1.542462
777.547363, 1.690310, 0.041105
782.251953, 1.173168, -1.928286
786.966553, 2.593912, 0.451949
791.681152, 2.283938, -1.540864
796.395752, 1.687227, 0.041110
801.110352, 1.156941, -1.927309
805.814941, 2.592589, 0.452301
810.529541, 2.282812, -1.542253
815.244141, 1.689772, 0.043293
819.958740, 1.158498, -1.927917
824.663330, 2.592756, 0.453610
829.377930, 2.287136, -1.541086
834.092529, 1.687492, 0.043609
838.807129, 1.161340, -1.927484
843.521729, 2.596100, 0.446657
848.226318, 2.286748, -1.542125
852.940918, 1.689381, 0.045539
857.655518, 1.163070, -1.927948
862.370117, 2.596102, 0.447857
867.074707, 2.290431, -1.541257
871.789307, 1.687662, 0.046071
876.503906, 1.165766, -1.927629
881.218506, 2.595134, 0.448437
885.933105, 2.275175, -1.541906
890.637695, 1.689056, 0.047810
895.352295, 1.167631, -1.927982
900.066895, 2.595003, 0.449553
904.781494, 2.278374, -1.541262
909.486084, 1.687775, 0.048511
914.200684, 1.170205, -1.927754
918.915283, 2.594158, 0.450213
923.629883, 2.278999, -1.541830
928.344482, 1.689155, 0.039969
933.049072, 1.172171, -1.928016
937.763672, 2.593913, 0.451257
942.478271, 2.281800, -1.541375
947.192871, 1.688226, 0.040808
951.907471, 1.155391, -1.927489
956.612061, 2.593139, 0.451966
961.326660, 2.282690, -1.541816
966.041260, 1.688989, 0.042301
970.755859, 1.157426, -1.927712
975.460449, 2.592835, 0.452969
980.175049, 2.285277, -1.541461
984.889648, 1.688245, 0.043211
989.604248, 1.159857, -1.927612
994.318848, 2.596575, 0.446273
