time,theta,omega
202.627914, 2.188614, 0.238647
207.345322, 1.551219, -1.806805
212.052734, 2.192690, 0.240373
216.770142, 1.555828, -1.805282
221.477554, 2.189159, 0.238798
226.194962, 1.551673, -1.806616
230.902374, 2.192255, 0.240097
235.619781, 1.555154, -1.805461
240.327194, 2.189576, 0.238891
245.044601, 1.551975, -1.806477
249.752014, 2.191924, 0.239869
254.469421, 1.554600, -1.805601
259.181671, 2.187080, 0.234874
263.896271, 1.562279, -1.800639
268.610870, 2.176483, 0.225964
273.315460, 1.559733, -1.804117
278.030060, 2.184715, 0.235273
282.744659, 1.562253, -1.801195
287.459259, 2.177819, 0.227742
292.163849, 1.563574, -1.803433
296.878448, 2.183139, 0.235797
301.593048, 1.562898, -1.801545
306.307648, 2.178656, 0.229306
311.022247, 1.548827, -1.803962
315.726837, 2.181972, 0.236499
320.441437, 1.563985, -1.801754
325.156036, 2.179163, 0.230729
329.870636, 1.551787, -1.803572
334.575226, 2.181063, 0.237310
339.289825, 1.565372, -1.801863
344.004425, 2.179439, 0.232051
348.719025, 1.554491, -1.803262
353.433624, 2.182628, 0.228867
358.138214, 1.566980, -1.801898
362.852814, 2.179542, 0.233299
367.567413, 1.556994, -1.803014
372.282013, 2.182072, 0.229829
376.986603, 1.568754, -1.801877
381.701202, 2.179520, 0.234495
386.415802, 1.559389, -1.802794
391.130402, 2.181572, 0.230811
395.845001, 1.552559, -1.802879
400.549591, 2.179450, 0.235660
405.264191, 1.561681, -1.802615
409.978790, 2.181170, 0.231842
414.693390, 1.554501, -1.802815
419.397980, 2.179296, 0.236799
424.112579, 1.563907, -1.802450
428.827179, 2.180812, 0.232889
433.541779, 1.556495, -1.802732
438.256378, 2.181392, 0.228580
442.960968, 1.566097, -1.802298
447.675568, 2.180473, 0.233948
452.390167, 1.558525, -1.802635
457.104767, 2.181185, 0.229695
461.809357, 1.568265, -1.802151
466.523956, 2.180154, 0.235017
471.238556, 1.560563, -1.802535
475.953156, 2.180976, 0.230808
480.667755, 1.552392, -1.803051
485.372345, 2.179848, 0.236087
490.086945, 1.562627, -1.802426
494.801544, 2.180737, 0.231909
499.516144, 1.554526, -1.802925
504.220734, 2.179561, 0.237167
508.935333, 1.564717, -1.802305
513.649902, 2.180503, 0.233034
518.364502, 1.556712, -1.802795
523.079102, 2.181549, 0.228934
527.783691, 1.566848, -1.802187
532.498291, 2.180225, 0.234130
537.212891, 1.558814, -1.802674
541.927490, 2.181286, 0.230025
546.642090, 1.550909, -1.803101
551.346680, 2.179958, 0.235219
556.061279, 1.560922, -1.802552
560.775879, 2.181014, 0.231112
565.490479, 1.553004, -1.802989
570.195068, 2.179703, 0.236311
574.909668, 1.563040, -1.802424
579.624268, 2.180734, 0.232196
584.338867, 1.555091, -1.802876
589.053467, 2.181728, 0.228063
593.758057, 1.565154, -1.802298
598.472656, 2.180466, 0.233285
603.187256, 1.557198, -1.802756
607.901855, 2.181462, 0.229153
612.606445, 1.567257, -1.802173
617.321045, 2.180200, 0.234373
622.035645, 1.559298, -1.802638
626.750244, 2.181201, 0.230244
631.464844, 1.551329, -1.803084
636.169434, 2.179926, 0.235460
640.884033, 1.561402, -1.802516
645.598633, 2.180936, 0.231333
650.313232, 1.553423, -1.802973
655.017822, 2.179665, 0.236554
659.732422, 1.563509, -1.802391
664.447021, 2.180663, 0.232421
669.161621, 1.555535, -1.802852
673.876221, 2.181672, 0.228294
678.580811, 1.565607, -1.802270
683.295410, 2.180406, 0.233513
688.010010, 1.557634, -1.802733
692.724609, 2.181411, 0.229386
697.429199, 1.567702, -1.802145
702.143799, 2.180137, 0.234602
706.858398, 1.559739, -1.802614
711.572998, 2.181145, 0.230478
716.287598, 1.551782, -1.803059
720.992188, 2.179858, 0.235687
725.706787, 1.561831, -1.802495
730.421387, 2.180889, 0.231569
735.135986, 1.553889, -1.802939
739.840576, 2.179594, 0.236776
744.555176, 1.563935, -1.802373
749.269775, 2.180624, 0.232659
753.984375, 1.555993, -1.802822
758.698975, 2.181604, 0.228522
763.403564, 1.566043, -1.802245
768.118164, 2.180345, 0.233745
772.832764, 1.558066, -1.802704
777.547363, 2.181346, 0.229599
782.251953, 1.568119, -1.802122
786.966553, 2.180086, 0.234821
791.681152, 1.560167, -1.802586
796.395752, 2.181089, 0.230692
801.110352, 1.552186, -1.803039
805.814941, 2.179826, 0.235912
810.529541, 1.562269, -1.802466
815.244141, 2.180826, 0.231781
819.958740, 1.554299, -1.802920
824.663330, 2.179551, 0.236996
829.377930, 1.564368, -1.802343
834.092529, 2.180560, 0.232871
838.807129, 1.556396, -1.802804
843.521729, 2.181564, 0.228744
848.226318, 1.566461, -1.802222
852.940918, 2.180295, 0.233963
857.655518, 1.558509, -1.802680
862.370117, 2.181291, 0.229831
867.074707, 1.568565, -1.802095
871.789307, 2.180031, 0.235051
876.503906, 1.560608, -1.802563
881.218506, 2.181041, 0.230924
885.933105, 1.552644, -1.803011
890.637695, 2.179758, 0.236138
895.352295, 1.562707, -1.802441
900.066895, 2.180775, 0.232015
904.781494, 1.554750, -1.802894
909.486084, 2.179480, 0.237223
914.200684, 1.564801, -1.802321
918.915283, 2.180515, 0.233109
923.629883, 1.556855, -1.802775
928.344482, 2.181499, 0.228971
933.049072, 1.566907, -1.802194
937.763672, 2.180241, 0.234194
942.478271, 1.558951, -1.802658
947.192871, 2.181244, 0.230064
951.907471, 1.550980, -1.803104
956.612061, 2.179974, 0.235283
961.326660, 1.561052, -1.802537
966.041260, 2.180980, 0.231155
970.755859, 1.553095, -1.802985
975.460449, 2.179699, 0.236369
980.175049, 1.563153, -1.802417
984.889648, 2.180717, 0.232247
989.604248, 1.555187, -1.802872
994.318848, 2.181712, 0.228116
