time,theta,omega
202.627914, 2.226810, 0.257460
207.345322, 1.569126, -1.809006
212.052734, 2.197419, 0.244343
216.770142, 1.531959, -1.821386
221.477554, 2.225754, 0.256901
226.194962, 1.567543, -1.809505
230.902374, 2.198546, 0.244751
235.619781, 1.533145, -1.820959
240.327194, 2.224766, 0.256370
245.044601, 1.566074, -1.809961
249.752014, 2.199576, 0.245121
254.469421, 1.534218, -1.820569
259.181671, 2.221005, 0.251752
263.896271, 1.574235, -1.804872
268.610870, 2.185694, 0.231820
273.315460, 1.540485, -1.818837
278.030060, 2.217811, 0.251760
282.744659, 1.572871, -1.805921
287.459259, 2.188082, 0.234072
292.163849, 1.545637, -1.817747
296.878448, 2.215230, 0.251815
301.593048, 1.572056, -1.806794
306.307648, 2.190053, 0.236141
311.022247, 1.532165, -1.817758
315.726837, 2.212976, 0.252018
320.441437, 1.571672, -1.807519
325.156036, 2.191688, 0.238065
329.870636, 1.536503, -1.816935
334.575226, 2.211020, 0.252355
339.289825, 1.571686, -1.808106
344.004425, 2.193018, 0.239854
348.719025, 1.540504, -1.816218
353.433624, 2.211741, 0.243557
358.138214, 1.572006, -1.808589
362.852814, 2.194113, 0.241541
367.567413, 1.544234, -1.815581
372.282013, 2.210232, 0.244091
376.986603, 1.572587, -1.808983
381.701202, 2.195006, 0.243138
386.415802, 1.547752, -1.815003
391.130402, 2.208882, 0.244688
395.845001, 1.555258, -1.810314
400.549591, 2.195739, 0.244659
405.264191, 1.551028, -1.814516
409.978790, 2.207719, 0.245378
414.693390, 1.556270, -1.810566
419.397980, 2.196294, 0.246108
424.112579, 1.554151, -1.814069
428.827179, 2.206668, 0.246119
433.541779, 1.557442, -1.810766
438.256378, 2.199104, 0.238214
442.960968, 1.557122, -1.813668
447.675568, 2.205730, 0.246906
452.390167, 1.558749, -1.810918
457.104767, 2.199445, 0.239570
461.809357, 1.559969, -1.813309
466.523956, 2.204895, 0.247744
471.238556, 1.560181, -1.811028
475.953156, 2.199694, 0.240884
480.667755, 1.544563, -1.813973
485.372345, 2.204145, 0.248615
490.086945, 1.561718, -1.811106
494.801544, 2.199861, 0.242162
499.516144, 1.547220, -1.813685
504.220734, 2.203451, 0.249513
508.935333, 1.563327, -1.811156
513.649902, 2.199987, 0.243445
518.364502, 1.549873, -1.813414
523.079102, 2.205202, 0.241195
527.783691, 1.565046, -1.811182
532.498291, 2.200026, 0.244676
537.212891, 1.552378, -1.813172
541.927490, 2.204634, 0.242147
546.642090, 1.548681, -1.812172
551.346680, 2.200014, 0.245876
556.061279, 1.554815, -1.812951
560.775879, 2.204104, 0.243118
565.490479, 1.550483, -1.812163
570.195068, 2.199969, 0.247060
574.909668, 1.557216, -1.812739
579.624268, 2.203604, 0.244100
584.338867, 1.552336, -1.812139
589.053467, 2.202275, 0.238952
593.758057, 1.559571, -1.812542
598.472656, 2.203141, 0.245101
603.187256, 1.554221, -1.812102
607.901855, 2.202167, 0.240109
612.606445, 1.561890, -1.812353
617.321045, 2.202708, 0.246113
622.035645, 1.556149, -1.812048
626.750244, 2.202037, 0.241255
631.464844, 1.546055, -1.813162
636.169434, 2.202286, 0.247134
640.884033, 1.558094, -1.811988
645.598633, 2.201890, 0.242396
650.313232, 1.548325, -1.813002
655.017822, 2.201882, 0.248160
659.732422, 1.560066, -1.811917
664.447021, 2.201720, 0.243526
669.161621, 1.550574, -1.812845
673.876221, 2.203896, 0.239925
678.580811, 1.562058, -1.811840
683.295410, 2.201532, 0.244648
688.010010, 1.552793, -1.812696
692.724609, 2.203542, 0.240971
697.429199, 1.564072, -1.811755
702.143799, 2.201327, 0.245762
706.858398, 1.554999, -1.812551
711.572998, 2.203199, 0.242025
716.287598, 1.547979, -1.812652
720.992188, 2.201106, 0.246869
725.706787, 1.557184, -1.812414
730.421387, 2.202869, 0.243084
735.135986, 1.550019, -1.812567
739.840576, 2.200878, 0.247974
744.555176, 1.559368, -1.812273
749.269775, 2.202532, 0.244139
753.984375, 1.552077, -1.812473
758.698975, 2.203038, 0.239799
763.403564, 1.561540, -1.812137
768.118164, 2.202211, 0.245200
772.832764, 1.554119, -1.812374
777.547363, 2.202798, 0.240883
782.251953, 1.563661, -1.812006
786.966553, 2.201901, 0.246256
791.681152, 1.556187, -1.812276
796.395752, 2.202557, 0.241982
801.110352, 1.547689, -1.812865
805.814941, 2.201588, 0.247322
810.529541, 1.558258, -1.812175
815.244141, 2.202313, 0.243079
819.958740, 1.549843, -1.812742
824.663330, 2.201277, 0.248389
829.377930, 1.560340, -1.812068
834.092529, 2.202058, 0.244171
838.807129, 1.551986, -1.812620
843.521729, 2.203370, 0.240187
848.226318, 1.562422, -1.811960
852.940918, 2.201810, 0.245263
857.655518, 1.554134, -1.812496
862.370117, 2.203075, 0.241260
867.074707, 1.564516, -1.811845
871.789307, 2.201535, 0.246350
876.503906, 1.556259, -1.812376
881.218506, 2.202786, 0.242337
885.933105, 1.548491, -1.812726
890.637695, 2.201259, 0.247432
895.352295, 1.558384, -1.812255
900.066895, 2.202499, 0.243415
904.781494, 1.550584, -1.812623
909.486084, 2.200999, 0.248521
914.200684, 1.560518, -1.812132
918.915283, 2.202204, 0.244490
923.629883, 1.552680, -1.812515
928.344482, 2.203130, 0.240336
933.049072, 1.562661, -1.812003
937.763672, 2.201901, 0.245559
942.478271, 1.554769, -1.812409
947.192871, 2.202867, 0.241426
951.907471, 1.546664, -1.812865
956.612061, 2.201599, 0.246634
961.326660, 1.556861, -1.812302
966.041260, 2.202610, 0.242516
970.755859, 1.548789, -1.812751
975.460449, 2.201319, 0.247713
980.175049, 1.558975, -1.812184
984.889648, 2.202329, 0.243596
989.604248, 1.550894, -1.812644
994.318848, 2.203433, 0.239522
