time,theta,omega
202.627914, 2.608686, 0.460200
207.345322, 2.322203, -1.522094
212.052734, 1.656277, 0.033275
216.770142, 1.158980, -1.924600
221.477554, 2.601132, 0.455321
226.194962, 2.293713, -1.535398
230.902374, 1.681350, 0.043012
235.619781, 1.150981, -1.930375
240.327194, 2.608844, 0.460126
245.044601, 2.322235, -1.521954
249.752014, 1.656026, 0.033005
254.469421, 1.158743, -1.924531
259.181671, 2.598066, 0.450575
263.896271, 2.290075, -1.535553
268.610870, 1.677135, 0.034564
273.315460, 1.176695, -1.924026
278.030060, 2.587207, 0.446222
282.744659, 2.257136, -1.551837
287.459259, 1.707838, 0.047581
292.163849, 1.170980, -1.930653
296.878448, 2.594764, 0.452251
301.593048, 2.288243, -1.538097
306.307648, 1.681834, 0.038773
311.022247, 1.160580, -1.924827
315.726837, 2.587523, 0.448820
320.441437, 2.265617, -1.549565
325.156036, 1.703421, 0.048293
329.870636, 1.157190, -1.929482
334.575226, 2.592679, 0.453315
339.289825, 2.288017, -1.539921
344.004425, 1.685126, 0.042442
348.719025, 1.164129, -1.925661
353.433624, 2.591857, 0.443688
358.138214, 2.272598, -1.548001
362.852814, 1.700334, 0.049510
367.567413, 1.162405, -1.928963
372.282013, 2.595361, 0.447133
376.986603, 2.288906, -1.541220
381.701202, 1.687431, 0.045728
386.415802, 1.167963, -1.926263
391.130402, 2.591473, 0.445837
395.845001, 2.263043, -1.546852
400.549591, 1.698177, 0.051073
405.264191, 1.167403, -1.928618
409.978790, 2.593810, 0.448530
414.693390, 2.275185, -1.542006
419.397980, 1.689003, 0.048726
424.112579, 1.171987, -1.926711
428.827179, 2.590909, 0.447876
433.541779, 2.268337, -1.546079
438.256378, 1.697004, 0.042726
442.960968, 1.172262, -1.928382
447.675568, 2.592402, 0.450030
452.390167, 2.277442, -1.542665
457.104767, 1.690495, 0.041421
461.809357, 1.176163, -1.927037
466.523956, 2.590190, 0.449817
471.238556, 2.273097, -1.545559
475.953156, 1.695894, 0.044700
480.667755, 1.157741, -1.927882
485.372345, 2.591092, 0.451595
490.086945, 2.280068, -1.543148
494.801544, 1.691268, 0.044117
499.516144, 1.161175, -1.926958
504.220734, 2.589372, 0.451697
508.935333, 2.277513, -1.545199
513.649902, 1.695099, 0.046813
518.364502, 1.162462, -1.927836
523.079102, 2.594317, 0.445792
527.783691, 2.283078, -1.543471
532.498291, 1.691736, 0.046726
537.212891, 1.165569, -1.927173
541.927490, 2.592924, 0.446103
546.642090, 2.266265, -1.544868
551.346680, 1.694490, 0.048989
556.061279, 1.167093, -1.927813
560.775879, 2.593150, 0.447447
565.490479, 2.270768, -1.543609
570.195068, 1.692055, 0.049248
574.909668, 1.169950, -1.927344
579.624268, 2.592002, 0.447914
584.338867, 2.270277, -1.544699
589.053467, 1.694436, 0.041078
593.758057, 1.171689, -1.927812
598.472656, 2.592013, 0.449121
603.187256, 2.274000, -1.543808
607.901855, 1.692689, 0.041605
612.606445, 1.174364, -1.927485
617.321045, 2.591055, 0.449709
622.035645, 2.274200, -1.544572
626.750244, 1.694067, 0.043337
631.464844, 1.156973, -1.927465
636.169434, 2.590902, 0.450815
640.884033, 2.277352, -1.543951
645.598633, 1.692821, 0.044058
650.313232, 1.159528, -1.927261
655.017822, 2.590067, 0.451482
659.732422, 2.278011, -1.544499
664.447021, 1.693787, 0.045630
669.161621, 1.161514, -1.927524
673.876221, 2.594268, 0.445071
678.580811, 2.280802, -1.544045
683.295410, 1.692864, 0.046472
688.010010, 1.163988, -1.927384
692.724609, 2.593526, 0.445793
697.429199, 2.281773, -1.544446
702.143799, 1.693547, 0.047935
706.858398, 1.166046, -1.927582
711.572998, 2.593194, 0.446783
716.287598, 2.268807, -1.544037
720.992188, 1.692902, 0.048885
725.706787, 1.168450, -1.927497
730.421387, 2.592518, 0.447552
735.135986, 2.270025, -1.544323
739.840576, 1.693362, 0.050262
744.555176, 1.170570, -1.927642
749.269775, 2.592129, 0.448503
753.984375, 2.272291, -1.544117
758.698975, 1.693312, 0.041157
763.403564, 1.172921, -1.927590
768.118164, 2.591504, 0.449304
772.832764, 2.273694, -1.544302
777.547363, 1.693599, 0.042451
782.251953, 1.175056, -1.927697
786.966553, 2.591074, 0.450216
791.681152, 2.275793, -1.544176
796.395752, 1.693291, 0.043531
801.110352, 1.158098, -1.927325
805.814941, 2.590485, 0.451042
810.529541, 2.277358, -1.544300
815.244141, 1.693453, 0.044795
819.958740, 1.160290, -1.927418
824.663330, 2.590021, 0.451946
829.377930, 2.279369, -1.544214
834.092529, 1.693224, 0.045903
838.807129, 1.162593, -1.927425
843.521729, 2.593893, 0.445326
848.226318, 2.280953, -1.544327
852.940918, 1.693364, 0.047159
857.655518, 1.164789, -1.927510
862.370117, 2.593435, 0.446231
867.074707, 2.282958, -1.544244
871.789307, 1.693135, 0.048269
876.503906, 1.167081, -1.927515
881.218506, 2.592875, 0.447073
885.933105, 2.269159, -1.544226
890.637695, 1.693221, 0.049502
895.352295, 1.169295, -1.927583
900.066895, 2.592385, 0.447963
904.781494, 2.271076, -1.544183
909.486084, 1.693070, 0.050641
914.200684, 1.171561, -1.927601
918.915283, 2.591850, 0.448820
923.629883, 2.272808, -1.544227
928.344482, 1.693492, 0.041718
933.049072, 1.173794, -1.927650
937.763672, 2.591347, 0.449699
942.478271, 2.274668, -1.544211
947.192871, 1.693394, 0.042881
951.907471, 1.156785, -1.927311
956.612061, 2.590813, 0.450557
961.326660, 2.276404, -1.544254
966.041260, 1.693407, 0.044086
970.755859, 1.159016, -1.927375
975.460449, 2.590307, 0.451436
980.175049, 2.278269, -1.544237
984.889648, 1.693307, 0.045246
989.604248, 1.161279, -1.927411
994.318848, 2.594212, 0.444840
