time,theta,omega
202.627914, 2.581369, 0.443458
207.345322, 2.241783, -1.555285
212.052734, 1.717091, 0.057472
216.770142, 1.166843, -1.926351
221.477554, 2.584597, 0.445439
226.194962, 2.253090, -1.549910
230.902374, 1.706972, 0.053543
235.619781, 1.169027, -1.924284
240.327194, 2.582206, 0.443818
245.044601, 2.244235, -1.554010
249.752014, 1.714695, 0.056391
254.469421, 1.167056, -1.925862
259.181671, 2.581070, 0.440412
263.896271, 2.248631, -1.550437
268.610870, 1.703456, 0.045323
273.315460, 1.194385, -1.917997
278.030060, 2.560987, 0.430334
282.744659, 2.185472, -1.580868
287.459259, 1.760829, 0.068128
292.163849, 1.186203, -1.928858
296.878448, 2.571986, 0.438687
301.593048, 2.227234, -1.562127
306.307648, 1.725456, 0.056033
311.022247, 1.174761, -1.922260
315.726837, 2.565123, 0.435384
320.441437, 2.206760, -1.572568
325.156036, 1.745122, 0.064646
329.870636, 1.173533, -1.925951
334.575226, 2.568435, 0.438759
339.289825, 2.221925, -1.566298
344.004425, 1.733261, 0.061390
348.719025, 1.177747, -1.923841
353.433624, 2.570033, 0.430616
358.138214, 2.216043, -1.569893
362.852814, 1.740010, 0.065144
367.567413, 1.178809, -1.925138
372.282013, 2.570858, 0.432364
376.986603, 2.222464, -1.567720
381.701202, 1.735871, 0.064794
386.415802, 1.181760, -1.924415
391.130402, 2.569562, 0.432721
395.845001, 2.205816, -1.569169
400.549591, 1.738265, 0.066895
405.264191, 1.183554, -1.924910
409.978790, 2.569554, 0.433927
414.693390, 2.209362, -1.568344
419.397980, 1.736682, 0.067508
424.112579, 1.186054, -1.924664
428.827179, 2.568759, 0.434622
433.541779, 2.210157, -1.568809
438.256378, 1.738104, 0.058881
442.960968, 1.188143, -1.924858
447.675568, 2.568434, 0.435620
452.390167, 2.212622, -1.568493
457.104767, 1.737480, 0.059857
461.809357, 1.190488, -1.924780
466.523956, 2.567819, 0.436430
471.238556, 2.214062, -1.568656
475.953156, 1.737756, 0.061173
480.667755, 1.173432, -1.924590
485.372345, 2.567368, 0.437353
490.086945, 2.216085, -1.568548
494.801544, 1.737521, 0.062292
499.516144, 1.175701, -1.924601
504.220734, 2.566843, 0.438221
508.935333, 2.217839, -1.568562
513.649902, 1.737544, 0.063530
518.364502, 1.177972, -1.924662
523.079102, 2.570666, 0.431566
527.783691, 2.219808, -1.568501
532.498291, 1.737369, 0.064684
537.212891, 1.180249, -1.924675
541.927490, 2.570140, 0.432432
546.642090, 2.205857, -1.568689
551.346680, 1.737380, 0.065898
556.061279, 1.182483, -1.924719
560.775879, 2.569649, 0.433322
565.490479, 2.207719, -1.568654
570.195068, 1.737281, 0.067070
574.909668, 1.184728, -1.924749
579.624268, 2.569143, 0.434206
584.338867, 2.209537, -1.568640
589.053467, 1.737797, 0.058103
593.758057, 1.186974, -1.924778
598.472656, 2.568644, 0.435090
603.187256, 2.211383, -1.568613
607.901855, 1.737720, 0.059283
612.606445, 1.189215, -1.924804
617.321045, 2.568141, 0.435974
622.035645, 2.213206, -1.568597
626.750244, 1.737663, 0.060471
631.464844, 1.172208, -1.924547
636.169434, 2.567643, 0.436862
640.884033, 2.215052, -1.568571
645.598633, 1.737580, 0.061649
650.313232, 1.174454, -1.924587
655.017822, 2.567135, 0.437745
659.732422, 2.216887, -1.568550
664.447021, 1.737512, 0.062833
669.161621, 1.176720, -1.924619
673.876221, 2.570922, 0.431035
678.580811, 2.218652, -1.568560
683.295410, 1.737498, 0.064037
688.010010, 1.178953, -1.924666
692.724609, 2.570431, 0.431926
697.429199, 2.220517, -1.568523
702.143799, 1.737399, 0.065209
706.858398, 1.181185, -1.924701
711.572998, 2.569952, 0.432820
716.287598, 2.206712, -1.568643
720.992188, 1.737283, 0.066374
725.706787, 1.183445, -1.924725
730.421387, 2.569432, 0.433696
735.135986, 2.208483, -1.568651
739.840576, 1.737262, 0.067576
744.555176, 1.185682, -1.924763
749.269775, 2.568934, 0.434582
753.984375, 2.210336, -1.568621
758.698975, 1.737750, 0.058598
763.403564, 1.187924, -1.924789
768.118164, 2.568431, 0.435464
772.832764, 2.212135, -1.568605
777.547363, 1.737696, 0.059771
782.251953, 1.190138, -1.924816
786.966553, 2.567939, 0.436340
791.681152, 2.213976, -1.568580
796.395752, 1.737619, 0.060952
801.110352, 1.173146, -1.924559
805.814941, 2.567424, 0.437216
810.529541, 2.215769, -1.568580
815.244141, 1.737591, 0.062148
819.958740, 1.175370, -1.924611
824.663330, 2.566930, 0.438109
829.377930, 2.217657, -1.568534
834.092529, 1.737467, 0.063315
838.807129, 1.177633, -1.924637
843.521729, 2.570721, 0.431403
848.226318, 2.219422, -1.568546
852.940918, 1.737454, 0.064519
857.655518, 1.179863, -1.924685
862.370117, 2.570239, 0.432300
867.074707, 2.221318, -1.568493
871.789307, 1.737324, 0.065679
876.503906, 1.182121, -1.924705
881.218506, 2.569723, 0.433174
885.933105, 2.207404, -1.568665
890.637695, 1.737303, 0.066881
895.352295, 1.184350, -1.924749
900.066895, 2.569237, 0.434066
904.781494, 2.209275, -1.568625
909.486084, 1.737198, 0.068050
914.200684, 1.186614, -1.924767
918.915283, 2.568709, 0.434937
923.629883, 2.211025, -1.568644
928.344482, 1.737780, 0.059108
933.049072, 1.188837, -1.924810
937.763672, 2.568229, 0.435834
942.478271, 2.212929, -1.568587
947.192871, 1.737655, 0.060269
951.907471, 1.171848, -1.924535
956.612061, 2.567719, 0.436713
961.326660, 2.214744, -1.568577
966.041260, 1.737599, 0.061459
970.755859, 1.174096, -1.924577
975.460449, 2.567212, 0.437595
980.175049, 2.216560, -1.568565
984.889648, 1.737543, 0.062647
989.604248, 1.176332, -1.924623
994.318848, 2.571016, 0.430900
