0.001000, 1.98093
0.002000, 1.98093
0.003000, 1.98093
0.004000, 1.98093
0.005000, 1.98093
0.006000, 1.98093
0.007000, 1.98093
0.008000, 1.98093
0.009000, 1.98093
0.010000, 1.98093
0.011000, 1.98093
0.012000, 1.98093
0.013000, 1.98093
0.014000, 1.98093
0.015000, 1.98093
0.016000, 1.98093
0.017000, 1.98093
0.018000, 1.98093
0.019000, 1.98093
0.020000, 1.98094
0.021000, 1.98094
0.022000, 1.98094
0.023000, 1.98094
0.024000, 1.98094
0.025000, 1.98094
0.026000, 1.98094
0.027000, 1.98094
0.028000, 1.98094
0.029000, 1.98094
0.030000, 1.98094
0.031000, 1.98094
0.032000, 1.98094
0.033000, 1.98094
0.034000, 1.98094
0.035000, 1.98094
0.036000, 1.98094
0.037000, 1.98094
0.038000, 1.98094
0.039000, 1.98094
0.040000, 1.98094
0.041000, 1.98094
0.042000, 1.98094
0.043000, 1.98094
0.044000, 1.98094
0.045000, 1.98094
0.046000, 1.98094
0.047000, 1.98094
0.048000, 1.98094
0.049000, 1.98094
0.050000, 1.98094
0.051000, 1.98094
0.052000, 1.98094
0.053000, 1.98094
0.054000, 1.98094
0.055000, 1.98094
0.056000, 1.98094
0.057000, 1.98094
0.058000, 1.98094
0.059000, 1.98094
0.060000, 1.98094
0.061000, 1.98094
0.062000, 1.98094
0.063000, 1.98094
0.064000, 1.98094
0.065000, 1.98094
0.066000, 1.98094
0.067000, 1.98094
0.068000, 1.98094
0.069000, 1.98094
0.070000, 1.98094
0.071000, 1.98094
0.072000, 1.98094
0.073000, 1.98094
0.074000, 1.98094
0.075000, 1.98094
0.076000, 1.98094
0.077000, 1.98094
0.078000, 1.98094
0.079000, 1.98094
0.080000, 1.98094
0.081000, 1.98094
0.082000, 1.98094
0.083000, 1.98094
0.084000, 1.98094
0.085000, 1.98094
0.086000, 1.98094
0.087000, 1.98094
0.088000, 1.98094
0.089000, 1.98094
0.090000, 1.98094
0.091000, 1.98094
0.092000, 1.98094
0.093000, 1.98094
0.094000, 1.98094
0.095000, 1.98094
0.096000, 1.98094
0.097000, 1.98094
0.098000, 1.98094
0.099000, 1.98094
0.100000, 1.98094
0.101000, 1.98094
0.102000, 1.98094
0.103000, 1.98094
0.104000, 1.98094
0.105000, 1.98094
0.106000, 1.98094
0.107000, 1.98094
0.108000, 1.98094
0.109000, 1.98094
0.110000, 1.98094
0.111000, 1.98094
0.112000, 1.98094
0.113000, 1.98094
0.114000, 1.98094
0.115000, 1.98094
0.116000, 1.98094
0.117000, 1.98094
0.118000, 1.98094
0.119000, 1.98094
0.120000, 1.98094
0.121000, 1.98094
0.122000, 1.98094
0.123000, 1.98094
0.124000, 1.98094
0.125000, 1.98094
0.126000, 1.98094
0.127000, 1.98094
0.128000, 1.98094
0.129000, 1.98094
0.130000, 1.98094
0.131000, 1.98094
0.132000, 1.98094
0.133000, 1.98094
0.134000, 1.98094
0.135000, 1.98094
0.136000, 1.98094
0.137000, 1.98094
0.138000, 1.98094
0.139000, 1.98094
0.140000, 1.98094
0.141000, 1.98094
0.142000, 1.98094
0.143000, 1.98094
0.144000, 1.98094
0.145000, 1.98094
0.146000, 1.98094
0.147000, 1.98094
0.148000, 1.98094
0.149000, 1.98094
0.150000, 1.98094
0.151000, 1.98094
0.152000, 1.98094
0.153000, 1.98094
0.154000, 1.98094
0.155000, 1.98094
0.156000, 1.98094
0.157000, 1.98094
0.158000, 1.98094
0.159000, 1.98094
0.160000, 1.98094
0.161000, 1.98094
0.162000, 1.98094
0.163000, 1.98094
0.164000, 1.98094
0.165000, 1.98094
0.166000, 1.98094
0.167000, 1.98094
0.168000, 1.98094
0.169000, 1.98094
0.170000, 1.98094
0.171000, 1.98094
0.172000, 1.98094
0.173000, 1.98094
0.174000, 1.98094
0.175000, 1.98094
0.176000, 1.98094
0.177000, 1.98094
0.178000, 1.98094
0.179000, 1.98094
0.180000, 1.98094
0.181000, 1.98094
0.182000, 1.98094
0.183000, 1.98094
0.184000, 1.98094
0.185000, 1.98094
0.186000, 1.98094
0.187000, 1.98094
0.188000, 1.98094
0.189000, 1.98094
0.190000, 1.98094
0.191000, 1.98094
0.192000, 1.98094
0.193000, 1.98094
0.194000, 1.98094
0.195000, 1.98094
0.196000, 1.98094
0.197000, 1.98094
0.198000, 1.98094
0.199000, 1.98094
0.200000, 1.98094
0.201000, 1.98094
0.202000, 1.98094
0.203000, 1.98094
0.204000, 1.98094
0.205000, 1.98093
0.206000, 1.98094
0.207000, 1.98094
0.208000, 1.98094
0.209000, 1.98094
0.210000, 1.98094
0.211000, 1.98094
0.212000, 1.98094
0.213000, 1.98094
0.214000, 1.98094
0.215000, 1.98094
0.216000, 1.98094
0.217000, 1.98094
0.218000, 1.98094
0.219000, 1.98094
0.220000, 1.98094
0.221000, 1.98094
0.222000, 1.98094
0.223000, 1.98094
0.224000, 1.98094
0.225000, 1.98094
0.226000, 1.98094
0.227000, 1.98094
0.228000, 1.98094
0.229000, 1.98094
0.230000, 1.98094
0.231000, 1.98094
0.232000, 1.98094
0.233000, 1.98094
0.234000, 1.98094
0.235000, 1.98094
0.236000, 1.98094
0.237000, 1.98094
0.238000, 1.98094
0.239000, 1.98094
0.240000, 1.98094
0.241000, 1.98094
0.242000, 1.98094
0.243000, 1.98094
0.244000, 1.98094
0.245000, 1.98094
0.246000, 1.98094
0.247000, 1.98094
0.248000, 1.98094
0.249000, 1.98094
0.250000, 1.98094
0.251000, 1.98094
0.252000, 1.98094
0.253000, 1.98094
0.254000, 1.98094
0.255000, 1.98094
0.256000, 1.98094
0.257000, 1.98094
0.258000, 1.98094
0.259000, 1.98094
0.260000, 1.98094
0.261000, 1.98094
0.262000, 1.98094
0.263000, 1.98094
0.264000, 1.98094
0.265000, 1.98094
0.266000, 1.98094
0.267000, 1.98094
0.268000, 1.98094
0.269000, 1.98094
0.270000, 1.98094
0.271000, 1.98094
0.272000, 1.98094
0.273000, 1.98094
0.274000, 1.98094
0.275000, 1.98094
0.276000, 1.98094
0.277000, 1.98094
0.278000, 1.98094
0.279000, 1.98094
0.280000, 1.98094
0.281000, 1.98094
0.282000, 1.98094
0.283000, 1.98094
0.284000, 1.98094
0.285000, 1.98094
0.286000, 1.98094
0.287000, 1.98094
0.288000, 1.98094
0.289000, 1.98094
0.290000, 1.98094
0.291000, 1.98094
0.292000, 1.98094
0.293000, 1.98094
0.294000, 1.98094
0.295000, 1.98094
0.296000, 1.98094
0.297000, 1.98094
0.298000, 1.98094
0.299000, 1.98094
0.300000, 1.98094
0.301000, 1.98094
0.302000, 1.98094
0.303000, 1.98094
0.304000, 1.98094
0.305000, 1.98094
0.306000, 1.98094
0.307000, 1.98094
0.308000, 1.98094
0.309000, 1.98094
0.310000, 1.98094
0.311000, 1.98094
0.312000, 1.98094
0.313000, 1.98094
0.314000, 1.98094
0.314999, 1.98094
0.315999, 1.98094
0.316999, 1.98094
0.317999, 1.98094
0.318999, 1.98094
0.319999, 1.98094
0.320999, 1.98094
0.321999, 1.98094
0.322999, 1.98094
0.323999, 1.98094
0.324999, 1.98094
0.325999, 1.98094
0.326999, 1.98094
0.327999, 1.98094
0.328999, 1.98094
0.329999, 1.98094
0.330999, 1.98094
0.331999, 1.98094
0.332999, 1.98094
0.333999, 1.98094
0.334999, 1.98094
0.335999, 1.98094
0.336999, 1.98094
0.337999, 1.98094
0.338999, 1.98094
0.339999, 1.98094
0.340999, 1.98094
0.341999, 1.98094
0.342999, 1.98094
0.343999, 1.98094
0.344999, 1.98094
0.345999, 1.98094
0.346999, 1.98094
0.347999, 1.98094
0.348999, 1.98094
0.349999, 1.98094
0.350999, 1.98094
0.351999, 1.98094
0.352999, 1.98094
0.353999, 1.98094
0.354999, 1.98094
0.355999, 1.98094
0.356999, 1.98094
0.357999, 1.98094
0.358999, 1.98094
0.359999, 1.98094
0.360999, 1.98094
0.361999, 1.98094
0.362999, 1.98094
0.363999, 1.98094
0.364999, 1.98094
0.365999, 1.98094
0.366999, 1.98094
0.367999, 1.98094
0.368999, 1.98094
0.369999, 1.98094
0.370999, 1.98094
0.371999, 1.98094
0.372999, 1.98094
0.373999, 1.98094
0.374999, 1.98094
0.375999, 1.98094
0.376999, 1.98094
0.377999, 1.98094
0.378999, 1.98094
0.379999, 1.98094
0.380999, 1.98094
0.381999, 1.98094
0.382999, 1.98094
0.383999, 1.98094
0.384999, 1.98094
0.385999, 1.98094
0.386999, 1.98094
0.387999, 1.98094
0.388999, 1.98094
0.389999, 1.98094
0.390999, 1.98094
0.391998, 1.98094
0.392998, 1.98094
0.393998, 1.98094
0.394998, 1.98094
0.395998, 1.98094
0.396998, 1.98094
0.397998, 1.98094
0.398998, 1.98094
0.399998, 1.98094
0.400998, 1.98094
0.401998, 1.98094
0.402998, 1.98094
0.403998, 1.98094
0.404998, 1.98094
0.405998, 1.98094
0.406998, 1.98094
0.407998, 1.98094
0.408998, 1.98094
0.409998, 1.39237
0.410998, 1.98094
0.411998, 1.98093
0.412998, 1.98093
0.413998, 1.98093
0.414998, 1.98093
0.415998, 1.98093
0.416998, 1.98093
0.417998, 1.98093
0.418998, 1.98093
0.419998, 1.98093
0.420998, 1.98093
0.421998, 1.98093
0.422998, 1.98093
0.423998, 1.98093
0.424998, 1.98093
0.425998, 1.98093
0.426998, 1.98093
0.427998, 1.98093
0.428998, 1.98093
0.429998, 1.98093
0.430998, 1.98093
0.431998, 1.98093
0.432998, 1.98093
0.433998, 1.98093
0.434998, 1.98093
0.435998, 1.98093
0.436998, 1.98093
0.437998, 1.98093
0.438998, 1.98093
0.439998, 1.98093
0.440998, 1.98093
0.441998, 1.98093
0.442998, 1.98093
0.443998, 1.98093
0.444998, 1.98093
0.445998, 1.98093
0.446998, 1.98093
0.447998, 1.98093
0.448998, 1.98093
0.449998, 1.98093
0.450998, 1.98093
0.451998, 1.98093
0.452998, 1.98093
0.453998, 1.98093
0.454998, 1.98093
0.455998, 1.98093
0.456998, 1.98093
0.457998, 1.98093
0.458998, 1.98093
0.459998, 1.98093
0.460998, 1.98093
0.461998, 1.98093
0.462998, 1.98093
0.463998, 1.98093
0.464998, 1.98093
0.465998, 1.98093
0.466998, 1.98093
0.467998, 1.98093
0.468998, 1.98093
0.469997, 1.98093
0.470997, 1.98093
0.471997, 1.98093
0.472997, 1.98093
0.473997, 1.98093
0.474997, 1.98093
0.475997, 1.98093
0.476997, 1.98093
0.477997, 1.98093
0.478997, 1.98093
0.479997, 1.98093
0.480997, 1.98093
0.481997, 1.98093
0.482997, 1.98093
0.483997, 1.98093
0.484997, 1.98093
0.485997, 1.98093
0.486997, 1.98093
0.487997, 1.98093
0.488997, 1.98093
0.489997, 1.98093
0.490997, 1.98093
0.491997, 1.98093
0.492997, 1.98093
0.493997, 1.98093
0.494997, 1.98093
0.495997, 1.98093
0.496997, 1.98093
0.497997, 1.98093
0.498997, 1.98093
0.499997, 1.98093
0.500997, 1.98093
0.501997, 1.98093
0.502997, 1.98093
0.503997, 1.98093
0.504997, 1.98093
0.505997, 1.98093
0.506997, 1.98093
0.507997, 1.98093
0.508997, 1.98093
0.509997, 1.98093
0.510997, 1.98093
0.511997, 1.98093
0.512997, 1.98093
0.513997, 1.98093
0.514997, 1.98093
0.515997, 1.98093
0.516997, 1.98093
0.517997, 1.98093
0.518997, 1.98093
0.519997, 1.98093
0.520997, 1.98093
0.521997, 1.98093
0.522997, 1.98093
0.523997, 1.98093
0.524997, 1.98093
0.525997, 1.98093
0.526997, 1.98093
0.527997, 1.98093
0.528997, 1.98093
0.529997, 1.98093
0.530997, 1.98093
0.531997, 1.98093
0.532997, 1.98093
0.533997, 1.98093
0.534997, 1.98093
0.535997, 1.98093
0.536997, 1.98093
0.537997, 1.98093
0.538997, 1.98093
0.539997, 1.98093
0.540997, 1.98093
0.541997, 1.98093
0.542997, 1.98093
0.543997, 1.98093
0.544997, 1.98093
0.545997, 1.98093
0.546997, 1.98093
0.547997, 1.98093
0.548997, 1.98093
0.549996, 1.98093
0.550996, 1.98093
0.551996, 1.98093
0.552996, 1.98093
0.553996, 1.98093
0.554996, 1.98093
0.555996, 1.98093
0.556996, 1.98093
0.557996, 1.98093
0.558996, 1.98093
0.559996, 1.98093
0.560996, 1.98093
0.561996, 1.98093
0.562996, 1.98093
0.563996, 1.98093
0.564996, 1.98093
0.565996, 1.98093
0.566996, 1.98093
0.567996, 1.98093
0.568996, 1.98093
0.569996, 1.98093
0.570996, 1.98093
0.571996, 1.98093
0.572996, 1.98093
0.573996, 1.98093
0.574996, 1.98093
0.575996, 1.98093
0.576996, 1.98093
0.577996, 1.98093
0.578996, 1.98093
0.579996, 1.98093
0.580996, 1.98093
0.581996, 1.98093
0.582996, 1.98093
0.583996, 1.98093
0.584996, 1.98093
0.585996, 1.98093
0.586996, 1.98093
0.587996, 1.98093
0.588996, 1.98093
0.589996, 1.98093
0.590996, 1.98093
0.591996, 1.98093
0.592996, 1.98093
0.593996, 1.98093
0.594996, 1.98093
0.595996, 1.98093
0.596996, 1.98093
0.597996, 1.98093
0.598996, 1.98093
0.599996, 1.98093
0.600996, 1.98093
0.601996, 1.98093
0.602996, 1.98093
0.603996, 1.98093
0.604996, 1.98093
0.605996, 1.98093
0.606996, 1.98093
0.607996, 1.98093
0.608996, 1.98093
0.609996, 1.98093
0.610996, 1.98093
0.611996, 1.98093
0.612996, 1.98093
0.613996, 1.98093
0.614996, 1.98093
0.615996, 1.98093
0.616996, 1.98093
0.617996, 1.98093
0.618996, 1.98093
0.619996, 1.98093
0.620996, 1.98093
0.621996, 1.98093
0.622996, 1.98093
0.623996, 1.98093
0.624996, 1.98093
0.625996, 1.98093
0.626996, 1.98093
0.627995, 1.98093
0.628995, 1.98093
0.629995, 1.98093
0.630995, 1.98093
0.631995, 1.98093
0.632995, 1.98093
0.633995, 1.98093
0.634995, 1.98093
0.635995, 1.98093
0.636995, 1.98093
0.637995, 1.98093
0.638995, 1.98093
0.639995, 1.98093
0.640995, 1.98093
0.641995, 1.98093
0.642995, 1.98093
0.643995, 1.98093
0.644995, 1.98093
0.645995, 1.98093
0.646995, 1.98093
0.647995, 1.98093
0.648995, 1.98093
0.649995, 1.98093
0.650995, 1.98093
0.651995, 1.98093
0.652995, 1.98093
0.653995, 1.98093
0.654995, 1.98093
0.655995, 1.98093
0.656995, 1.98093
0.657995, 1.98093
0.658995, 1.98093
0.659995, 1.98093
0.660995, 1.98093
0.661995, 1.98093
0.662995, 1.98093
0.663995, 1.98093
0.664995, 1.98093
0.665995, 1.98093
0.666995, 1.98093
0.667995, 1.98093
0.668995, 1.98093
0.669995, 1.98093
0.670995, 1.98093
0.671995, 1.98093
0.672995, 1.98093
0.673995, 1.98093
0.674995, 1.98093
0.675995, 1.98093
0.676995, 1.98093
0.677995, 1.98093
0.678995, 1.98093
0.679995, 1.98093
0.680995, 1.98093
0.681995, 1.98093
0.682995, 1.98093
0.683995, 1.98093
0.684995, 1.98093
0.685995, 1.98093
0.686995, 1.98093
0.687995, 1.98093
0.688995, 1.98093
0.689995, 1.98093
0.690995, 1.98093
0.691995, 1.98093
0.692995, 1.98093
0.693995, 1.98093
0.694995, 1.98093
0.695995, 1.98093
0.696995, 1.98093
0.697995, 1.98093
0.698995, 1.98093
0.699995, 1.98093
0.700995, 1.98093
0.701995, 1.98093
0.702995, 1.98093
0.703995, 1.98093
0.704994, 1.98093
0.705994, 1.98093
0.706994, 1.98093
0.707994, 1.98093
0.708994, 1.98093
0.709994, 1.98093
0.710994, 1.98093
0.711994, 1.98093
0.712994, 1.98093
0.713994, 1.98093
0.714994, 1.98093
0.715994, 1.98093
0.716994, 1.98093
0.717994, 1.98093
0.718994, 1.98093
0.719994, 1.98093
0.720994, 1.98093
0.721994, 1.98093
0.722994, 1.98093
0.723994, 1.98093
0.724994, 1.98093
0.725994, 1.98093
0.726994, 1.98093
0.727994, 1.98093
0.728994, 1.98093
0.729994, 1.98093
0.730994, 1.98093
0.731994, 1.98093
0.732994, 1.98093
0.733994, 1.98093
0.734994, 1.98093
0.735994, 1.98093
0.736994, 1.98093
0.737994, 1.98093
0.738994, 1.98093
0.739994, 1.98093
0.740994, 1.98093
0.741994, 1.98093
0.742994, 1.98093
0.743994, 1.98093
0.744994, 1.98093
0.745994, 1.98093
0.746994, 1.98093
0.747994, 1.98093
0.748994, 1.98093
0.749994, 1.98093
0.750994, 1.98093
0.751994, 1.98093
0.752994, 1.98093
0.753994, 1.98093
0.754994, 1.98093
0.755994, 1.98093
0.756994, 1.98093
0.757994, 1.98093
0.758994, 1.98093
0.759994, 1.98093
0.760994, 1.98093
0.761994, 1.98093
0.762994, 1.98093
0.763994, 1.98093
0.764994, 1.98093
0.765994, 1.98093
0.766994, 1.98093
0.767994, 1.98093
0.768994, 1.98093
0.769994, 1.98093
0.770994, 1.98093
0.771994, 1.98093
0.772994, 1.98093
0.773994, 1.98093
0.774994, 1.98093
0.775994, 1.98093
0.776994, 1.98093
0.777994, 1.98093
0.778994, 1.98093
0.779994, 1.98093
0.780994, 1.98093
0.781994, 1.98093
0.782993, 1.98093
0.783993, 1.98093
0.784993, 1.98093
0.785993, 1.98093
0.786993, 1.98093
0.787993, 1.98093
0.788993, 1.98093
0.789993, 1.98093
0.790993, 1.98093
0.791993, 1.98093
0.792993, 1.98093
0.793993, 1.98093
0.794993, 1.98093
0.795993, 1.98093
0.796993, 1.98093
0.797993, 1.98093
0.798993, 1.98093
0.799993, 1.98093
0.800993, 1.98093
0.801993, 1.98093
0.802993, 1.98093
0.803993, 1.98093
0.804993, 1.98093
0.805993, 1.98093
0.806993, 1.98093
0.807993, 1.98093
0.808993, 1.98093
0.809993, 1.98093
0.810993, 1.98093
0.811993, 1.98093
0.812993, 1.98093
0.813993, 1.98093
0.814993, 1.98093
0.815993, 1.98093
0.816993, 1.98093
0.817993, 1.98093
0.818993, 1.98093
0.81 0.546662
0.820993, 1.98093
0.821993, 1.98093
0.822993, 1.98093
0.823993, 1.98093
0.824993, 1.98093
0.825993, 1.98093
0.826993, 1.98093
0.827993, 1.98093
0.828993, 1.98093
0.829993, 1.98093
0.830993, 1.98093
0.831993, 1.98093
0.832993, 1.98093
0.833993, 1.98093
0.834993, 1.98093
0.835993, 1.98093
0.836993, 1.98093
0.837993, 1.98093
0.838993, 1.98093
0.839993, 1.98093
0.840993, 1.98093
0.841993, 1.98093
0.842993, 1.98093
0.843993, 1.98093
0.844993, 1.98093
0.845993, 1.98093
0.846993, 1.98093
0.847993, 1.98093
0.848993, 1.98093
0.849993, 1.98093
0.850993, 1.98093
0.851993, 1.98093
0.852993, 1.97853
0.853993, 1.9758
0.854993, 1.97307
0.855993, 1.97035
0.856993, 1.96762
0.857993, 1.96489
0.858993, 1.96217
0.859993, 1.95944
0.860992, 1.95671
0.861992, 1.95399
0.862992, 1.95126
0.863992, 1.94854
0.864992, 1.94582
0.865992, 1.94309
0.866992, 1.94037
0.867992, 1.93764
0.868992, 1.93492
0.869992, 1.9322
0.870992, 1.92947
0.871992, 1.92675
0.872992, 1.92403
0.873992, 1.92131
0.874992, 1.91858
0.875992, 1.91586
0.876992, 1.91314
0.877992, 1.91042
0.878992, 1.9077
0.879992, 1.90498
0.880992, 1.90226
0.881992, 1.89954
0.882992, 1.89682
0.883992, 1.8941
0.884992, 1.89138
0.885992, 1.88866
0.886992, 1.88594
0.887992, 1.88322
0.888992, 1.88051
0.889992, 1.87779
0.890992, 1.87507
0.891992, 1.87235
0.892992, 1.86964
0.893992, 1.86692
0.894992, 1.8642
0.895992, 1.86149
0.896992, 1.85877
0.897992, 1.85606
0.898992, 1.85334
0.899992, 1.85063
0.900992, 1.84791
0.901992, 1.8452
0.902992, 1.84249
0.903992, 1.83977
0.904992, 1.83706
0.905992, 1.83435
0.906992, 1.83163
0.907992, 1.82892
0.908992, 1.82621
0.909992, 1.8235
0.910992, 1.82079
0.911992, 1.81808
0.912992, 1.81537
0.913992, 1.81265
0.914992, 1.80994
0.915992, 1.80724
0.916992, 1.80453
0.917992, 1.80182
0.918992, 1.79911
0.919992, 1.7964
0.920992, 1.79369
0.921992, 1.79099
0.922992, 1.78828
0.923992, 1.78557
0.924992, 1.78286
0.925992, 1.78016
0.926992, 1.77745
0.927992, 1.77475
0.928992, 1.77204
0.929992, 1.76934
0.930992, 1.76663
0.931992, 1.76393
0.932992, 1.76122
0.933992, 1.75852
0.934992, 1.75582
0.935992, 1.75311
0.936992, 1.75041
0.937991, 1.74771
0.938991, 1.74501
0.939991, 1.74231
0.940991, 1.73961
0.941991, 1.7369
0.942991, 1.7342
0.943991, 1.73151
0.944991, 1.72881
0.945991, 1.72611
0.946991, 1.72341
0.947991, 1.72071
0.948991, 1.71801
0.949991, 1.71531
0.950991, 1.71262
0.951991, 1.70992
0.952991, 1.70722
0.953991, 1.70453
0.954991, 1.70183
0.955991, 1.69914
0.956991, 1.69644
0.957991, 1.69375
0.958991, 1.69105
0.959991, 1.68836
0.960991, 1.68567
0.961991, 1.68297
0.962991, 1.68028
0.963991, 1.67759
0.964991, 1.6749
0.965991, 1.67221
0.966991, 1.66952
0.967991, 1.66683
0.968991, 1.66414
0.969991, 1.66145
0.970991, 1.65876
0.971991, 1.65607
0.972991, 1.65338
0.973991, 1.65069
0.974991, 1.648
0.975991, 1.64532
0.976991, 1.64263
0.977991, 1.63994
0.978991, 1.63726
0.979991, 1.63457
0.980991, 1.63189
0.981991, 1.62921
0.982991, 1.62652
0.983991, 1.62384
0.984991, 1.62115
0.985991, 1.61847
0.986991, 1.61579
0.987991, 1.61311
0.988991, 1.61043
0.989991, 1.60775
0.990991, 1.60507
0.991991, 1.60239
0.992991, 1.59971
0.993991, 1.59703
0.994991, 1.59435
0.995991, 1.59167
0.996991, 1.58899
0.997991, 1.58632
0.998991, 1.58364
0.999991, 1.58097
1.000991, 1.57829
1.001991, 1.57561
1.002991, 1.57293
1.003991, 1.57024
1.004991, 1.56754
1.005991, 1.56485
1.006991, 1.56215
1.007991, 1.55945
1.008991, 1.55675
1.009991, 1.55404
1.010991, 1.55134
1.011991, 1.54862
1.012991, 1.54591
1.013991, 1.54319
1.014991, 1.54047
1.015991, 1.53774
1.016991, 1.53502
1.017992, 1.53229
1.018992, 1.52955
1.019992, 1.52682
1.020992, 1.52408
1.021992, 1.52133
1.022992, 1.51859
1.023992, 1.51584
1.024992, 1.51309
1.025992, 1.51033
1.026992, 1.50758
1.027992, 1.50481
1.028992, 1.50205
1.029992, 1.49929
1.030992, 1.49652
1.031992, 1.49375
1.032992, 1.49099
1.033992, 1.48821
1.034992, 1.48543
1.035992, 1.48265
1.036992, 1.47986
1.037992, 1.47707
1.038993, 1.47428
1.039993, 1.47148
1.040993, 1.46869
1.041993, 1.46589
1.042993, 1.46309
1.043993, 1.46027
1.044993, 1.45747
1.045993, 1.45465
1.046993, 1.45183
1.047993, 1.44902
1.048993, 1.4462
1.049993, 1.44337
1.050993, 1.44054
1.051993, 1.43771
1.052993, 1.43487
1.053993, 1.43203
1.054993, 1.4292
1.055993, 1.42635
1.056993, 1.4235
1.057993, 1.42065
1.058993, 1.4178
1.059994, 1.41494
1.060994, 1.41209
1.061994, 1.40922
1.062994, 1.40636
1.063994, 1.4035
1.064994, 1.40063
1.065994, 1.39776
1.066994, 1.39489
1.067994, 1.39201
1.068994, 1.38913
1.069994, 1.38625
1.070994, 1.38336
1.071994, 1.38047
1.072994, 1.37758
1.073994, 1.37469
1.074994, 1.37179
1.075994, 1.3689
1.076994, 1.36599
1.077994, 1.36309
1.078994, 1.36018
1.079994, 1.35726
1.080994, 1.35435
1.081995, 1.35144
1.082995, 1.34851
1.083995, 1.34559
1.084995, 1.34267
1.085995, 1.33974
1.086995, 1.33681
1.087995, 1.33388
1.088995, 1.33095
1.089995, 1.328
1.090995, 1.32506
1.091995, 1.32212
1.092995, 1.31906
1.093995, 1.31611
1.094995, 1.31315
1.095995, 1.3102
1.096995, 1.30724
1.097995, 1.30428
1.098995, 1.30131
1.099995, 1.29834
1.100995, 1.29537
1.101995, 1.29241
1.102996, 1.28944
1.103996, 1.28645
1.104996, 1.28347
1.105996, 1.28049
1.106996, 1.2775
1.107996, 1.27452
1.108996, 1.27153
1.109996, 1.26853
1.110996, 1.26553
1.111996, 1.26254
1.112996, 1.25954
1.113996, 1.25653
1.114996, 1.25352
1.115996, 1.25051
1.116996, 1.24751
1.117996, 1.24449
1.118996, 1.24147
1.119996, 1.23845
1.120996, 1.23543
1.121996, 1.2324
1.122996, 1.22937
1.123996, 1.22634
1.124997, 1.22331
1.125997, 1.22027
1.126997, 1.21722
1.127997, 1.21418
1.128997, 1.21114
1.129997, 1.2081
1.130997, 1.20504
1.131997, 1.20199
1.132997, 1.19893
1.133997, 1.19588
1.134997, 1.19282
1.135997, 1.18975
1.136997, 1.18668
1.137997, 1.18362
1.138997, 1.18055
1.139997, 1.17748
1.140997, 1.1744
1.141997, 1.17132
1.142997, 1.16823
1.143997, 1.16515
1.144997, 1.16207
1.145998, 1.15899
1.146998, 1.15589
1.147998, 1.15279
1.148998, 1.1497
1.149998, 1.1466
1.150998, 1.1435
1.151998, 1.1404
1.152998, 1.13729
1.153998, 1.13418
1.154998, 1.13107
1.155998, 1.12796
1.156998, 1.12485
1.157998, 1.12173
1.158998, 1.1186
1.159998, 1.11547
1.160998, 1.11235
1.161998, 1.10922
1.162998, 1.1061
1.163998, 1.10296
1.164998, 1.09981
1.165998, 1.09667
1.166999, 1.09353
1.167999, 1.09039
1.168999, 1.08726
1.169999, 1.0841
1.170999, 1.08095
1.171999, 1.07779
1.172999, 1.07464
1.173999, 1.07148
1.174999, 1.06833
1.175999, 1.06516
1.176999, 1.06199
1.177999, 1.05882
1.178999, 1.05565
1.179999, 1.05248
1.180999, 1.04932
1.181999, 1.04613
1.182999, 1.04295
1.183999, 1.03976
1.184999, 1.03658
1.185999, 1.0334
1.186999, 1.03022
1.187999, 1.02701
1.189000, 1.02381
1.190000, 1.02062
1.191000, 1.01742
1.192000, 1.01422
1.193000, 1.01103
1.194000, 1.00781
1.195000, 1.0046
1.196000, 1.00138
1.197000, 0.998173
1.198000, 0.994961
1.199000, 0.991751
1.200000, 0.988535
1.201000, 0.985305
1.202000, 0.982075
1.203000, 0.978847
1.204000, 0.975618
1.205000, 0.97239
1.206000, 0.969163
1.207000, 0.965934
1.208000, 0.962689
1.209000, 0.959442
1.210001, 0.956197
1.211001, 0.952952
1.212001, 0.949708
1.213001, 0.946465
1.214001, 0.943224
1.215001, 0.939961
1.216001, 0.936699
1.217001, 0.933438
1.218001, 0.930177
1.219001, 0.926917
1.220001, 0.923658
1.221001, 0.9204
1.222001, 0.917131
1.223001, 0.913852
1.224001, 0.910573
1.225001, 0.907295
1.226001, 0.904019
1.227001, 0.900743
1.228001, 0.897468
1.229001, 0.894194
1.230001, 0.8909
1.231001, 0.887604
1.232002, 0.88431
1.233002, 0.881016
1.234002, 0.877724
1.235002, 0.874433
1.236002, 0.871141
1.237002, 0.867845
1.238002, 0.864533
1.239002, 0.861223
1.240002, 0.857913
1.241002, 0.854604
1.242002, 0.851295
1.243002, 0.847989
1.244002, 0.844682
1.245002, 0.84136
1.246002, 0.838034
1.247002, 0.834709
1.248002, 0.831385
1.249002, 0.82806
1.250002, 0.824738
1.251002, 0.821417
1.252002, 0.818086
1.253003, 0.814746
1.254003, 0.811406
1.255003, 0.808068
1.256003, 0.804729
1.257003, 0.801393
1.258003, 0.798058
1.259003, 0.794723
1.260003, 0.791368
1.261003, 0.788013
1.262003, 0.78466
1.263003, 0.781307
1.264003, 0.777956
1.265003, 0.774605
1.266003, 0.771254
1.267003, 0.767895
1.268003, 0.764526
1.269003, 0.761159
1.270003, 0.757791
1.271003, 0.754426
1.272003, 0.751061
1.273003, 0.747697
1.274004, 0.744332
1.275004, 0.740949
1.276004, 0.737567
1.277004, 0.734187
1.278004, 0.730806
1.279004, 0.727427
1.280004, 0.724049
1.281004, 0.720672
1.282004, 0.717285
1.283004, 0.713891
1.284004, 0.710496
1.285004, 0.707104
1.286004, 0.703713
1.287004, 0.700321
1.288004, 0.696932
1.289004, 0.693543
1.290004, 0.690135
1.291004, 0.686728
1.292004, 0.683323
1.293004, 0.679918
1.294004, 0.676515
1.295004, 0.673113
1.296005, 0.669712
1.297005, 0.666299
1.298005, 0.66288
1.299005, 0.659464
1.300005, 0.656049
1.301005, 0.652634
1.302005, 0.64922
1.303005, 0.645808
1.304005, 0.642389
1.305005, 0.63896
1.306005, 0.635531
1.307005, 0.632103
1.308005, 0.628677
1.309005, 0.625252
1.310005, 0.621829
1.311005, 0.618406
1.312005, 0.614966
1.313005, 0.611525
1.314005, 0.608088
1.315005, 0.60465
1.316005, 0.601214
1.317006, 0.597779
1.318006, 0.594346
1.319006, 0.590907
1.320006, 0.587456
1.321006, 0.584008
1.322006, 0.580561
1.323006, 0.577115
1.324006, 0.573671
1.325006, 0.57023
1.326006, 0.566789
1.327006, 0.563328
1.328006, 0.559872
1.329006, 0.556416
1.330006, 0.552961
1.331006, 0.549509
1.332006, 0.546058
1.333006, 0.54261
1.334006, 0.539151
1.335006, 0.535686
1.336006, 0.532223
1.337006, 0.528763
1.338006, 0.525303
1.339007, 0.521846
1.340007, 0.518391
1.341007, 0.514926
1.342007, 0.511456
1.343007, 0.507988
1.344007, 0.504522
1.345007, 0.501059
1.346007, 0.497597
1.347007, 0.494137
1.348007, 0.490668
1.349007, 0.487194
1.350007, 0.483723
1.351007, 0.480254
1.352007, 0.476788
1.353007, 0.473324
1.354007, 0.469857
1.355007, 0.466381
1.356007, 0.462906
1.357007, 0.459434
1.358007, 0.455965
1.359007, 0.452497
1.360008, 0.449033
1.361008, 0.445557
1.362008, 0.44208
1.363008, 0.438608
1.364008, 0.435137
1.365008, 0.431668
1.366008, 0.428204
1.367008, 0.424741
1.368008, 0.421263
1.369008, 0.417787
1.370008, 0.414315
1.371008, 0.410846
1.372008, 0.407379
1.373008, 0.403917
1.374008, 0.400457
1.375008, 0.396986
1.376008, 0.393513
1.377008, 0.390046
1.378008, 0.386581
1.379008, 0.38312
1.380008, 0.379663
1.381009, 0.376211
1.382009, 0.372747
1.383009, 0.369283
1.384009, 0.365822
1.385009, 0.362367
1.386009, 0.358914
1.387009, 0.355467
1.388009, 0.352025
1.389009, 0.34837
1.390009, 0.344914
1.391009, 0.341463
1.392009, 0.338018
1.393009, 0.334578
1.394009, 0.331143
1.395009, 0.327714
1.396009, 0.32429
1.397009, 0.320872
1.398009, 0.317448
1.399009, 0.314019
1.400009, 0.310596
1.401009, 0.307179
1.402009, 0.303768
1.403010, 0.300365
1.404010, 0.296969
1.405010, 0.29358
1.406010, 0.290199
1.407010, 0.286811
1.408010, 0.28342
1.409010, 0.280037
1.410010, 0.276663
1.411010, 0.273297
1.412010, 0.26994
1.413010, 0.266593
1.414010, 0.263256
1.415010, 0.25993
1.416010, 0.256606
1.417010, 0.253274
1.418010, 0.249953
1.419010, 0.246643
1.420010, 0.243345
1.421010, 0.24006
1.422010, 0.236789
1.423010, 0.233531
1.424011, 0.230287
1.425011, 0.227059
1.426011, 0.223817
1.427011, 0.220592
1.428011, 0.217382
1.429011, 0.21419
1.430011, 0.211016
1.431011, 0.207861
1.432011, 0.204726
1.433011, 0.201612
1.434011, 0.198519
1.435011, 0.195437
1.436011, 0.192359
1.437011, 0.189304
1.438011, 0.186276
1.439011, 0.183276
1.440011, 0.180303
1.441011, 0.17736
1.442011, 0.174449
1.443011, 0.17157
1.444011, 0.168725
1.445011, 0.165888
1.446012, 0.163084
1.447012, 0.16032
1.448012, 0.157598
1.449012, 0.15492
1.450012, 0.152288
1.451012, 0.149705
1.452012, 0.147172
1.453012, 0.144695
1.454012, 0.141976
1.455012, 0.13959
1.456012, 0.137268
1.457012, 0.135011
1.458012, 0.132823
1.459012, 0.130709
1.460012, 0.128671
1.461012, 0.126714
1.462012, 0.124841
1.463012, 0.123056
1.464012, 0.121362
1.465012, 0.119758
1.466012, 0.118217
1.467013, 0.11678
1.468013, 0.11545
1.469013, 0.114231
1.470013, 0.113127
1.471013, 0.11214
1.472013, 0.111275
1.473013, 0.110532
1.474013, 0.109916
1.475013, 0.109429
1.476013, 0.109046
1.477013, 0.108781
1.478013, 0.108648
1.479013, 0.108649
1.480013, 0.108784
1.481013, 0.109052
1.482013, 0.109452
1.483013, 0.109983
1.484013, 0.110643
1.485013, 0.111428
1.486013, 0.112326
1.487013, 0.113323
1.488014, 0.114439
1.489014, 0.115672
1.490014, 0.117016
1.491014, 0.118467
1.492014, 0.120025
1.493014, 0.121681
1.494014, 0.123434
1.495014, 0.12528
1.496014, 0.127206
1.497014, 0.129198
1.498014, 0.131271
1.499014, 0.133422
1.500014, 0.135647
1.501014, 0.137944
1.502014, 0.140307
1.503014, 0.142734
1.504014, 0.145223
1.505014, 0.147769
1.506014, 0.150574
1.507014, 0.153208
1.508014, 0.155893
1.509014, 0.158625
1.510015, 0.161403
1.511015, 0.164224
1.512015, 0.167085
1.513015, 0.169986
1.514015, 0.172923
1.515015, 0.175896
1.516015, 0.178902
1.517015, 0.181932
1.518015, 0.184984
1.519015, 0.188066
1.520015, 0.191176
1.521015, 0.194314
1.522015, 0.197477
1.523015, 0.200664
1.524015, 0.203873
1.525015, 0.207106
1.526015, 0.21036
1.527015, 0.213633
1.528015, 0.216916
1.529015, 0.220217
1.530015, 0.223534
1.531016, 0.22687
1.532016, 0.230223
1.533016, 0.233591
1.534016, 0.236975
1.535016, 0.240374
1.536016, 0.243785
1.537016, 0.24721
1.538016, 0.250649
1.539016, 0.25409
1.540016, 0.257545
1.541016, 0.261011
1.542016, 0.264489
1.543016, 0.267977
1.544016, 0.271477
1.545016, 0.274986
1.546016, 0.278505
1.547016, 0.282034
1.548016, 0.285572
1.549016, 0.289117
1.550016, 0.292665
1.551016, 0.296221
1.552016, 0.299786
1.553017, 0.303358
1.554017, 0.306938
1.555017, 0.310527
1.556017, 0.314122
1.557017, 0.317435
1.558017, 0.320599
1.559017, 0.323766
1.560017, 0.326931
1.561017, 0.330101
1.562017, 0.333274
1.563017, 0.336453
1.564017, 0.339636
1.565017, 0.342822
1.566017, 0.346013
1.567017, 0.349209
1.568017, 0.352406
1.569017, 0.355608
1.570017, 0.359122
1.571017, 0.36232
1.572017, 0.36552
1.573017, 0.368726
1.574018, 0.371932
1.575018, 0.375143
1.576018, 0.378355
1.577018, 0.38157
1.578018, 0.38479
1.579018, 0.38801
1.580018, 0.391233
1.581018, 0.394459
1.582018, 0.39768
1.583018, 0.400898
1.584018, 0.404116
1.585018, 0.407339
1.586018, 0.410563
1.587018, 0.413787
1.588018, 0.417015
1.589018, 0.420244
1.590018, 0.423476
1.591018, 0.426709
1.592018, 0.429943
1.593018, 0.433171
1.594018, 0.436395
1.595019, 0.43962
1.596019, 0.442847
1.597019, 0.446075
1.598019, 0.449304
1.599019, 0.452535
1.600019, 0.455767
1.601019, 0.459
1.602019, 0.462235
1.603019, 0.465471
1.604019, 0.468697
1.605019, 0.471919
1.606019, 0.475142
1.607019, 0.478366
1.608019, 0.481592
1.609019, 0.484818
1.610019, 0.488044
1.611019, 0.491273
1.612019, 0.494502
1.613019, 0.497732
1.614019, 0.500962
1.615019, 0.504175
1.616019, 0.507391
1.617020, 0.510606
1.618020, 0.513823
1.619020, 0.51704
1.620020, 0.520259
1.621020, 0.523478
1.622020, 0.526697
1.623020, 0.529918
1.624020, 0.533139
1.625020, 0.536683
1.626020, 0.539885
1.627020, 0.543087
1.628020, 0.54629
1.629020, 0.549493
1.630020, 0.552697
1.631020, 0.555902
1.632020, 0.559107
1.633020, 0.562312
1.634020, 0.565519
1.635020, 0.568724
1.636020, 0.571932
1.637020, 0.57513
1.638021, 0.578317
1.639021, 0.581504
1.640021, 0.584691
1.641021, 0.587878
1.642021, 0.591065
1.643021, 0.594254
1.644021, 0.597443
1.645021, 0.600631
1.646021, 0.603821
1.647021, 0.607011
1.648021, 0.6102
1.649021, 0.613368
1.650021, 0.616536
1.651021, 0.619704
1.652021, 0.622872
1.653021, 0.626041
1.654021, 0.629211
1.655021, 0.63238
1.656021, 0.635549
1.657021, 0.638719
1.658021, 0.641889
1.659021, 0.645059
1.660022, 0.648217
1.661022, 0.651364
1.662022, 0.654512
1.663022, 0.657658
1.664022, 0.660806
1.665022, 0.663952
1.666022, 0.667101
1.667022, 0.670248
1.668022, 0.673396
1.669022, 0.676544
1.670022, 0.679692
1.671022, 0.682837
1.672022, 0.685962
1.673022, 0.689086
1.674022, 0.692212
1.675022, 0.695336
1.676022, 0.698463
1.677022, 0.701588
1.678022, 0.704713
1.679022, 0.707839
1.680022, 0.710965
1.681023, 0.71409
1.682023, 0.717207
1.683023, 0.720308
1.684023, 0.72341
1.685023, 0.726511
1.686023, 0.729613
1.687023, 0.732716
1.688023, 0.735817
1.689023, 0.738919
1.690023, 0.742021
1.691023, 0.745123
1.692023, 0.748226
1.693023, 0.751319
1.694023, 0.754395
1.695023, 0.757471
1.696023, 0.760548
1.697023, 0.763623
1.698023, 0.766699
1.699023, 0.769776
1.700023, 0.772852
1.701023, 0.775928
1.702024, 0.779003
1.703024, 0.78208
1.704024, 0.785157
1.705024, 0.788209
1.706024, 0.791258
1.707024, 0.794307
1.708024, 0.797356
1.709024, 0.800405
1.710024, 0.803455
1.711024, 0.806504
1.712024, 0.809553
1.713024, 0.812602
1.714024, 0.815652
1.715024, 0.818702
1.716024, 0.82173
1.717024, 0.824752
1.718024, 0.827773
1.719024, 0.830796
1.720024, 0.833817
1.721024, 0.836838
1.722024, 0.839861
1.723024, 0.842882
1.724025, 0.845904
1.725025, 0.848926
1.726025, 0.851947
1.727025, 0.854955
1.728025, 0.857948
1.729025, 0.860941
1.730025, 0.863934
1.731025, 0.866926
1.732025, 0.869918
1.733025, 0.87291
1.734025, 0.875905
1.735025, 0.878896
1.736025, 0.881888
1.737025, 0.884881
1.738025, 0.887875
1.739025, 0.890843
1.740025, 0.893805
1.741025, 0.896767
1.742025, 0.89973
1.743025, 0.902692
1.744025, 0.905654
1.745026, 0.908617
1.746026, 0.911577
1.747026, 0.91454
1.748026, 0.917502
1.749026, 0.920465
1.750026, 0.92341
1.751026, 0.926343
1.752026, 0.929276
1.753026, 0.932209
1.754026, 0.935141
1.755026, 0.938073
1.756026, 0.941006
1.757026, 0.943939
1.758026, 0.946872
1.759026, 0.949803
1.760026, 0.952737
1.761026, 0.955645
1.762026, 0.958547
1.763026, 0.96145
1.764026, 0.964353
1.765026, 0.967256
1.766026, 0.970158
1.767027, 0.973062
1.768027, 0.975964
1.769027, 0.978867
1.770027, 0.98177
1.771027, 0.984673
1.772027, 0.987552
1.773027, 0.990423
1.774027, 0.993295
1.775027, 0.996167
1.776027, 0.999039
1.777027, 1.00191
1.778027, 1.00478
1.779027, 1.00765
1.780027, 1.01053
1.781027, 1.0134
1.782027, 1.01626
1.783027, 1.01911
1.784027, 1.02195
1.785027, 1.02479
1.786027, 1.02763
1.787027, 1.03048
1.788028, 1.03332
1.789028, 1.03616
1.790028, 1.039
1.791028, 1.04185
1.792028, 1.04469
1.793028, 1.0475
1.794028, 1.05031
1.795028, 1.05313
1.796028, 1.05594
1.797028, 1.05875
1.798028, 1.06156
1.799028, 1.06437
1.800028, 1.06719
1.801028, 1.07
1.802028, 1.07281
1.803028, 1.0756
1.804028, 1.07838
1.805028, 1.08116
1.806028, 1.08395
1.807028, 1.08673
1.808028, 1.08951
1.809029, 1.09229
1.810029, 1.09507
1.811029, 1.09786
1.812029, 1.10064
1.813029, 1.10341
1.814029, 1.10616
1.815029, 1.10891
1.816029, 1.11166
1.817029, 1.11441
1.818029, 1.11716
1.819029, 1.11991
1.820029, 1.12266
1.821029, 1.12541
1.822029, 1.12816
1.823029, 1.13091
1.824029, 1.13363
1.825029, 1.13635
1.826029, 1.13906
1.827029, 1.14178
1.828029, 1.1445
1.829029, 1.14722
1.830029, 1.14994
1.831030, 1.15266
1.832030, 1.15537
1.833030, 1.15809
1.834030, 1.1608
1.835030, 1.16349
1.836030, 1.16617
1.837030, 1.16886
1.838030, 1.17154
1.839030, 1.17423
1.840030, 1.17691
1.841030, 1.17959
1.842030, 1.18228
1.843030, 1.18496
1.844030, 1.18765
1.845030, 1.19032
1.846030, 1.19297
1.847030, 1.19562
1.848030, 1.19827
1.849030, 1.20092
1.850030, 1.20357
1.851030, 1.20623
1.852031, 1.20888
1.853031, 1.21153
1.854031, 1.21418
1.855031, 1.21683
1.856031, 1.21945
1.857031, 1.22207
1.858031, 1.22469
1.859031, 1.22731
1.860031, 1.22992
1.861031, 1.23254
1.862031, 1.23516
1.863031, 1.23778
1.864031, 1.24039
1.865031, 1.24301
1.866031, 1.24561
1.867031, 1.24819
1.868031, 1.25078
1.869031, 1.25337
1.870031, 1.25595
1.871031, 1.25854
1.872031, 1.26112
1.873031, 1.26371
1.874032, 1.26629
1.875032, 1.26888
1.876032, 1.27145
1.877032, 1.274
1.878032, 1.27655
1.879032, 1.2791
1.880032, 1.28165
1.881032, 1.28421
1.882032, 1.28676
1.883032, 1.28931
1.884032, 1.29186
1.885032, 1.29442
1.886032, 1.29696
1.887032, 1.29947
1.888032, 1.302
1.889032, 1.30451
1.890032, 1.30703
1.891032, 1.30955
1.892032, 1.31207
1.893032, 1.31459
1.894032, 1.31711
1.895033, 1.31963
1.896033, 1.32213
1.897033, 1.32462
1.898033, 1.3271
1.899033, 1.32959
1.900033, 1.33208
1.901033, 1.33457
1.902033, 1.33705
1.903033, 1.33954
1.904033, 1.34203
1.905033, 1.34451
1.906033, 1.34698
1.907033, 1.34943
1.908033, 1.35188
1.909033, 1.35434
1.910033, 1.35679
1.911033, 1.35925
1.912033, 1.3617
1.913033, 1.36415
1.914033, 1.36661
1.915033, 1.36906
1.916034, 1.37149
1.917034, 1.37391
1.918034, 1.37633
1.919034, 1.37875
1.920034, 1.38117
1.921034, 1.38359
1.922034, 1.38601
1.923034, 1.38843
1.924034, 1.39085
1.925034, 1.39326
1.926034, 1.39567
1.927034, 1.39805
1.928034, 1.40044
1.929034, 1.40282
1.930034, 1.40521
1.931034, 1.40759
1.932034, 1.40998
1.933034, 1.41236
1.934034, 1.41475
1.935034, 1.41714
1.936034, 1.4195
1.937034, 1.42185
1.938035, 1.4242
1.939035, 1.42656
1.940035, 1.42891
1.941035, 1.43126
1.942035, 1.43361
1.943035, 1.43596
1.944035, 1.43832
1.945035, 1.44066
1.946035, 1.44298
1.947035, 1.4453
1.948035, 1.44762
1.949035, 1.44994
1.950035, 1.45226
1.951035, 1.45459
1.952035, 1.45691
1.953035, 1.45923
1.954035, 1.46153
1.955035, 1.46382
1.956035, 1.46611
1.957035, 1.4684
1.958035, 1.47069
1.959036, 1.47298
1.960036, 1.47528
1.961036, 1.47757
1.962036, 1.47986
1.963036, 1.48212
1.964036, 1.48438
1.965036, 1.48664
1.966036, 1.4889
1.967036, 1.49116
1.968036, 1.49342
1.969036, 1.49568
1.970036, 1.49795
1.971036, 1.50019
1.972036, 1.50242
1.973036, 1.50465
1.974036, 1.50688
1.975036, 1.50911
1.976036, 1.51134
1.977036, 1.51357
1.978036, 1.5158
1.979036, 1.51803
1.980036, 1.52025
1.981037, 1.52244
1.982037, 1.52464
1.983037, 1.52684
1.984037, 1.52904
1.985037, 1.53124
1.986037, 1.53344
1.987037, 1.53564
1.988037, 1.53783
1.989037, 1.54
1.990037, 1.54217
1.991037, 1.54434
1.992037, 1.54651
1.993037, 1.54868
1.994037, 1.55085
1.995037, 1.55303
1.996037, 1.55534
1.997037, 1.55748
1.998037, 1.55961
1.999037, 1.56175
2.000037, 1.56389
2.001037, 1.56603
2.002037, 1.56817
2.003037, 1.57031
2.004037, 1.57244
2.005037, 1.57458
2.006037, 1.57669
2.007037, 1.5788
2.008037, 1.5809
2.009037, 1.58301
2.010037, 1.58511
2.011037, 1.58722
2.012037, 1.58932
2.013036, 1.59143
2.014036, 1.59353
2.015036, 1.59561
2.016036, 1.59768
2.017036, 1.59976
2.018036, 1.60183
2.019036, 1.6039
2.020036, 1.60598
2.021036, 1.60805
2.022036, 1.61013
2.023036, 1.61219
2.024036, 1.61423
2.025036, 1.61627
2.026036, 1.61832
2.027035, 1.62036
2.028035, 1.6224
2.029035, 1.62444
2.030035, 1.62648
2.031035, 1.62853
2.032035, 1.63055
2.033035, 1.63256
2.034035, 1.63457
2.035035, 1.63658
2.036035, 1.63859
2.037035, 1.6406
2.038035, 1.64261
2.039035, 1.64462
2.040035, 1.64663
2.041034, 1.64861
2.042034, 1.65059
2.043034, 1.65257
2.044034, 1.65455
2.045034, 1.65653
2.046034, 1.65851
2.047034, 1.66049
2.048034, 1.66247
2.049034, 1.66442
2.050034, 1.66637
2.051034, 1.66832
2.052034, 1.67027
2.053034, 1.67222
2.054034, 1.67417
2.055033, 1.67612
2.056033, 1.67807
2.057033, 1.68
2.058033, 1.68192
2.059033, 1.68383
2.060033, 1.68575
2.061033, 1.68767
2.062033, 1.68959
2.063033, 1.69151
2.064033, 1.69342
2.065033, 1.69534
2.066033, 1.69723
2.067033, 1.69911
2.068033, 1.701
2.069032, 1.70289
2.070032, 1.70477
2.071032, 1.70666
2.072032, 1.70855
2.073032, 1.71043
2.074032, 1.7123
2.075032, 1.71416
2.076032, 1.71601
2.077032, 1.71786
2.078032, 1.71972
2.079032, 1.72157
2.080032, 1.72342
2.081032, 1.72528
2.082031, 1.72713
2.083031, 1.72897
2.084031, 1.73079
2.085031, 1.73261
2.086031, 1.73443
2.087031, 1.73625
2.088031, 1.73807
2.089031, 1.73989
2.090031, 1.74171
2.091031, 1.74353
2.092031, 1.74532
2.093031, 1.74711
2.094031, 1.7489
2.095031, 1.75069
2.096030, 1.75248
2.097030, 1.75426
2.098030, 1.75605
2.099030, 1.75784
2.100030, 1.75962
2.101030, 1.76137
2.102030, 1.76313
2.103030, 1.76488
2.104030, 1.76664
2.105030, 1.7684
2.106030, 1.77015
2.107030, 1.77191
2.108030, 1.77367
2.109030, 1.7754
2.110029, 1.77712
2.111029, 1.77884
2.112029, 1.78057
2.113029, 1.78229
2.114029, 1.78401
2.115029, 1.78574
2.116029, 1.78746
2.117029, 1.78916
2.118029, 1.79086
2.119029, 1.79255
2.120029, 1.79425
2.121029, 1.79594
2.122029, 1.79763
2.123029, 1.79933
2.124028, 1.80102
2.125028, 1.8027
2.126028, 1.80436
2.127028, 1.80602
2.128028, 1.80768
2.129028, 1.80934
2.130028, 1.811
2.131028, 1.81266
2.132028, 1.81432
2.133028, 1.81598
2.134028, 1.81763
2.135028, 1.81926
2.136028, 1.82088
2.137028, 1.82251
2.138027, 1.82413
2.139027, 1.82576
2.140027, 1.82739
2.141027, 1.82901
2.142027, 1.83064
2.143027, 1.83225
2.144027, 1.83384
2.145027, 1.83543
2.146027, 1.83703
2.147027, 1.83862
2.148027, 1.84021
2.149027, 1.8418
2.150027, 1.8434
2.151026, 1.84499
2.152026, 1.84656
2.153026, 1.84812
2.154026, 1.84968
2.155026, 1.85123
2.156026, 1.85279
2.157026, 1.85435
2.158026, 1.85591
2.159026, 1.85747
2.160026, 1.85902
2.161026, 1.86055
2.162026, 1.86207
2.163026, 1.8636
2.164026, 1.86513
2.165025, 1.86666
2.166025, 1.86819
2.167025, 1.86972
2.168025, 1.87123
2.169025, 1.87273
2.170025, 1.87423
2.171025, 1.87573
2.172025, 1.87722
2.173025, 1.87872
2.174025, 1.88022
2.175025, 1.88172
2.176025, 1.88319
2.177025, 1.88466
2.178025, 1.88613
2.179024, 1.8876
2.180024, 1.88907
2.181024, 1.89054
2.182024, 1.89201
2.183024, 1.89347
2.184024, 1.89491
2.185024, 1.89635
2.186024, 1.89779
2.187024, 1.89923
2.188024, 1.90067
2.189024, 1.90211
2.190024, 1.90355
2.191024, 1.90496
2.192024, 1.90637
2.193023, 1.90778
2.194023, 1.9092
2.195023, 1.91061
2.196023, 1.91202
2.197023, 1.91343
2.198023, 1.91484
2.199023, 1.91622
2.200023, 1.9176
2.201023, 1.91898
2.202023, 1.92036
2.203023, 1.92174
2.204023, 1.92312
2.205023, 1.9245
2.206023, 1.92588
2.207022, 1.92723
2.208022, 1.92858
2.209022, 1.92993
2.210022, 1.93128
2.211022, 1.93263
2.212022, 1.93397
2.213022, 1.93532
2.214022, 1.93667
2.215022, 1.93799
2.216022, 1.93931
2.217022, 1.94063
2.218022, 1.94195
2.219022, 1.94327
2.220021, 1.94458
2.221021, 1.9459
2.222021, 1.94721
2.223021, 1.9485
2.224021, 1.94979
2.225021, 1.95108
2.226021, 1.95237
2.227021, 1.95365
2.228021, 1.95494
2.229021, 1.95623
2.230021, 1.95751
2.231021, 1.95877
2.232021, 1.96002
2.233021, 1.96128
2.234020, 1.96254
2.235020, 1.9638
2.236020, 1.96505
2.237020, 1.96631
2.238020, 1.96755
2.239020, 1.96878
2.240020, 1.97001
2.241020, 1.97124
2.242020, 1.97247
2.243020, 1.97369
2.244020, 1.97492
2.245020, 1.97615
2.246020, 1.97735
2.247020, 1.97855
2.248019, 1.97975
2.249019, 1.98095
2.250019, 1.98214
2.251019, 1.98334
2.252019, 1.98454
2.253019, 1.98573
2.254019, 1.9869
2.255019, 1.98807
2.256019, 1.98924
2.257019, 1.99041
2.258019, 1.99158
2.259019, 1.99275
2.260019, 1.99391
2.261019, 1.99505
2.262018, 1.9962
2.263018, 1.99734
2.264018, 1.99848
2.265018, 1.99962
2.266018, 2.00077
2.267018, 2.0019
2.268018, 2.00302
2.269018, 2.00413
2.270018, 2.00525
2.271018, 2.00637
2.272018, 2.00748
2.273018, 2.0086
2.274018, 2.00971
2.275017, 2.01079
2.276017, 2.01188
2.277017, 2.01297
2.278017, 2.01406
2.279017, 2.01514
2.280017, 2.01623
2.281017, 2.01732
2.282017, 2.01838
2.283017, 2.01944
2.284017, 2.0205
2.285017, 2.02156
2.286017, 2.02262
2.287017, 2.02368
2.288017, 2.02474
2.289016, 2.02578
2.290016, 2.02681
2.291016, 2.02784
2.292016, 2.02887
2.293016, 2.02991
2.294016, 2.03094
2.295016, 2.03197
2.296016, 2.03298
2.297016, 2.03399
2.298016, 2.03499
2.299016, 2.036
2.300016, 2.037
2.301016, 2.03801
2.302016, 2.03901
2.303015, 2.04001
2.304015, 2.04098
2.305015, 2.04196
2.306015, 2.04293
2.307015, 2.04391
2.308015, 2.04489
2.309015, 2.04586
2.310015, 2.04684
2.311015, 2.04778
2.312015, 2.04873
2.313015, 2.04968
2.314015, 2.05063
2.315015, 2.05158
2.316015, 2.05253
2.317014, 2.05347
2.318014, 2.0544
2.319014, 2.05532
2.320014, 2.05625
2.321014, 2.05717
2.322014, 2.05809
2.323014, 2.05901
2.324014, 2.05991
2.325014, 2.06082
2.326014, 2.06172
2.327014, 2.06262
2.328014, 2.06352
2.329014, 2.06441
2.330014, 2.06529
2.331013, 2.06617
2.332013, 2.06705
2.333013, 2.06793
2.334013, 2.06881
2.335013, 2.06968
2.336013, 2.07053
2.337013, 2.07139
2.338013, 2.07225
2.339013, 2.0731
2.340013, 2.07396
2.341013, 2.0748
2.342013, 2.07563
2.343013, 2.07647
2.344012, 2.0773
2.345012, 2.07814
2.346012, 2.07897
2.347012, 2.07979
2.348012, 2.0806
2.349012, 2.08141
2.350012, 2.08222
2.351012, 2.08304
2.352012, 2.08384
2.353012, 2.08463
2.354012, 2.08541
2.355012, 2.0862
2.356012, 2.08699
2.357012, 2.08778
2.358011, 2.08857
2.359011, 2.08934
2.360011, 2.0901
2.361011, 2.09087
2.362011, 2.09163
2.363011, 2.09239
2.364011, 2.09315
2.365011, 2.09392
2.366011, 2.09467
2.367011, 2.0954
2.368011, 2.09614
2.369011, 2.09687
2.370011, 2.09761
2.371011, 2.09834
2.372010, 2.09908
2.373010, 2.09981
2.374010, 2.10052
2.375010, 2.10122
2.376010, 2.10193
2.377010, 2.10264
2.378010, 2.10334
2.379010, 2.10405
2.380010, 2.10476
2.381010, 2.10545
2.382010, 2.10613
2.383010, 2.10681
2.384010, 2.10749
2.385010, 2.10817
2.386009, 2.10884
2.387009, 2.10952
2.388009, 2.1102
2.389009, 2.11085
2.390009, 2.1115
2.391009, 2.11215
2.392009, 2.1128
2.393009, 2.11345
2.394009, 2.1141
2.395009, 2.11475
2.396009, 2.11539
2.397009, 2.11601
2.398009, 2.11663
2.399009, 2.11725
2.400008, 2.11788
2.401008, 2.1185
2.402008, 2.11912
2.403008, 2.11974
2.404008, 2.12034
2.405008, 2.12093
2.406008, 2.12153
2.407008, 2.12212
2.408008, 2.12271
2.409008, 2.12331
2.410008, 2.1239
2.411008, 2.12448
2.412008, 2.12505
2.413007, 2.12561
2.414007, 2.12618
2.415007, 2.12675
2.416007, 2.12731
2.417007, 2.12788
2.418007, 2.12844
2.419007, 2.12898
2.420007, 2.12952
2.421007, 2.13006
2.422007, 2.1306
2.423007, 2.13114
2.424007, 2.13168
2.425007, 2.13222
2.426007, 2.13273
2.427006, 2.13325
2.428006, 2.13376
2.429006, 2.13428
2.430006, 2.13479
2.431006, 2.13531
2.432006, 2.13581
2.433006, 2.1363
2.434006, 2.13679
2.435006, 2.13728
2.436006, 2.13777
2.437006, 2.13826
2.438006, 2.13876
2.439006, 2.13923
2.440006, 2.13969
2.441005, 2.14016
2.442005, 2.14062
2.443005, 2.14109
2.444005, 2.14156
2.445005, 2.14202
2.446005, 2.14246
2.447005, 2.1429
2.448005, 2.14335
2.449005, 2.14379
2.450005, 2.14423
2.451005, 2.14468
2.452005, 2.1451
2.453005, 2.14552
2.454005, 2.14594
2.455004, 2.14636
2.456004, 2.14678
2.457004, 2.1472
2.458004, 2
