x,y
0.000000, 0.200000
0.037500, 0.199721
0.075000, 0.199202
0.112500, 0.198485
0.150000, 0.197608
0.187500, 0.196611
0.225000, 0.195531
0.262500, 0.194406
0.300000, 0.193273
0.337500, 0.192167
0.375000, 0.191125
0.412500, 0.190180
0.450000, 0.189364
0.487500, 0.188710
0.525000, 0.188249
0.562500, 0.188011
0.600000, 0.188025
0.637500, 0.188318
0.675000, 0.188916
0.712500, 0.189844
0.750000, 0.191127
0.787500, 0.192785
0.825000, 0.194841
0.862500, 0.197313
0.900000, 0.200221
0.937500, 0.203580
0.975000, 0.207407
1.012500, 0.211714
1.050000, 0.216516
1.087500, 0.221822
1.125000, 0.227643
1.162500, 0.233987
1.200000, 0.240859
1.237500, 0.248265
1.275000, 0.256211
1.312500, 0.264696
1.350001, 0.273723
1.387501, 0.283291
1.425001, 0.293399
1.462501, 0.304043
1.500001, 0.315218
1.537501, 0.326920
1.575001, 0.339140
1.612501, 0.351871
1.650001, 0.365103
1.687501, 0.378826
1.725001, 0.393028
1.762501, 0.407695
1.800001, 0.422815
1.837501, 0.438371
1.875001, 0.454349
1.912501, 0.470731
1.950001, 0.487500
1.987501, 0.504637
2.025001, 0.522124
2.062501, 0.539939
2.100001, 0.558063
2.137501, 0.576475
2.175000, 0.595152
2.212500, 0.614073
2.250000, 0.633214
2.287500, 0.652553
2.325000, 0.672066
2.362500, 0.691730
2.400000, 0.711520
2.437500, 0.731413
2.475000, 0.751383
2.512500, 0.771407
2.549999, 0.791460
2.587499, 0.811516
2.624999, 0.831553
2.662499, 0.851545
2.699999, 0.871466
2.737499, 0.891294
2.774999, 0.911004
2.812499, 0.930572
2.849999, 0.949973
2.887499, 0.969184
2.924999, 0.988181
2.962498, 1.006941
2.999998, 1.025440
3.037498, 1.043657
3.074998, 1.061568
3.112498, 1.079150
3.149998, 1.096382
3.187498, 1.113241
3.224998, 1.129707
3.262498, 1.145757
3.299998, 1.161371
3.337497, 1.176528
3.374997, 1.191207
3.412497, 1.205388
3.449997, 1.219051
3.487497, 1.232176
3.524997, 1.244742
3.562497, 1.256732
3.599997, 1.268125
3.637497, 1.278902
3.674997, 1.289045
3.712497, 1.298535
3.749996, 1.307353
3.787496, 1.315481
3.824996, 1.322902
3.862496, 1.329596
3.899996, 1.335547
3.937496, 1.340736
3.974996, 1.345146
4.012496, 1.348760
4.049996, 1.351561
4.087496, 1.353532
4.124996, 1.354656
4.162496, 1.354916
4.199996, 1.354297
4.237495, 1.352783
4.274995, 1.350358
4.312495, 1.347007
4.349995, 1.342713
4.387495, 1.337464
4.424995, 1.331243
4.462495, 1.324039
4.499995, 1.315837
4.537495, 1.306624
4.574995, 1.296388
4.612494, 1.285118
4.649994, 1.272803
4.687494, 1.259433
4.724994, 1.244997
4.762494, 1.229489
4.799994, 1.212899
4.837494, 1.195222
4.874994, 1.176452
4.912494, 1.156585
4.949994, 1.135619
4.987494, 1.113550
5.024993, 1.090380
5.062493, 1.066109
5.099993, 1.040740
5.137493, 1.014278
5.174993, 0.986729
5.212493, 0.958100
5.249993, 0.928402
5.287493, 0.897647
5.324993, 0.865848
5.362493, 0.833021
5.399992, 0.799185
5.437492, 0.764358
5.474992, 0.728565
5.512492, 0.691829
5.549992, 0.654176
5.587492, 0.615637
5.624992, 0.576240
5.662492, 0.536021
5.699992, 0.495013
5.737492, 0.453255
5.774992, 0.410784
5.812491, 0.367643
5.849991, 0.323873
5.887491, 0.279519
5.924991, 0.234626
5.962491, 0.189242
5.999991, 0.143413
6.037491, 0.097189
6.074991, 0.050618
6.112491, 0.003752
6.149991, -0.043359
6.187490, -0.090665
6.224990, -0.138115
6.262490, -0.185660
6.299990, -0.233250
6.337490, -0.280836
6.374990, -0.328370
6.412490, -0.375805
6.449990, -0.423096
6.487490, -0.470198
6.524990, -0.517070
6.562490, -0.563669
6.599989, -0.609956
6.637489, -0.655895
6.674989, -0.701450
6.712489, -0.746588
6.749989, -0.791278
6.787489, -0.835490
6.824989, -0.879198
6.862489, -0.922378
6.899989, -0.965006
6.937489, -1.007062
6.974988, -1.048528
7.012488, -1.089387
7.049988, -1.129625
7.087488, -1.169229
7.124988, -1.208188
7.162488, -1.246493
7.199988, -1.284136
7.237488, -1.321111
7.274988, -1.357414
7.312488, -1.393040
7.349988, -1.427989
7.387487, -1.462258
7.424987, -1.495847
7.462487, -1.528757
7.499987, -1.560990
7.537487, -1.592547
7.574987, -1.623431
7.612487, -1.653646
7.649987, -1.683194
7.687487, -1.712080
7.724987, -1.740307
7.762486, -1.767880
7.799986, -1.794802
7.837486, -1.821079
7.874986, -1.846714
7.912486, -1.871711
7.949986, -1.896073
7.987486, -1.919805
8.024986, -1.942910
8.062487, -1.965390
8.099987, -1.987248
8.137487, -2.008486
8.174988, -2.029105
8.212488, -2.049107
8.249989, -2.068493
8.287489, -2.087261
8.324989, -2.105412
8.362490, -2.122944
8.399990, -2.139856
8.437490, -2.156144
8.474991, -2.171807
8.512491, -2.186840
8.549992, -2.201239
8.587492, -2.214999
8.624992, -2.228114
8.662493, -2.240577
8.699993, -2.252382
8.737494, -2.263520
8.774994, -2.273982
8.812494, -2.283761
8.849995, -2.292845
8.887495, -2.301224
8.924995, -2.308886
8.962496, -2.315820
8.999996, -2.322012
9.037497, -2.327449
9.074997, -2.332118
9.112497, -2.336002
9.149998, -2.339087
9.187498, -2.341357
9.224998, -2.342795
9.262499, -2.343382
9.299999, -2.343102
9.337500, -2.341936
9.375000, -2.339864
9.412500, -2.336867
9.450001, -2.332924
9.487501, -2.328014
9.525002, -2.322116
9.562502, -2.315208
9.600002, -2.307267
9.637503, -2.298272
9.675003, -2.288198
9.712503, -2.277022
9.750004, -2.264720
9.787504, -2.251269
9.825005, -2.236643
9.862505, -2.220818
9.900005, -2.203770
9.937506, -2.185474
9.975006, -2.165906
10.012506, -2.145041
10.050007, -2.122854
10.087507, -2.099323
10.125008, -2.074424
10.162508, -2.048133
10.200008, -2.020428
10.237509, -1.991288
10.275009, -1.960694
10.312510, -1.928624
10.350010, -1.895063
10.387510, -1.859992
10.425011, -1.823397
10.462511, -1.785266
10.500011, -1.745588
10.537512, -1.704354
10.575012, -1.661558
10.612513, -1.617199
10.650013, -1.571276
10.687513, -1.523793
10.725014, -1.474758
10.762514, -1.424181
10.800014, -1.372077
10.837515, -1.318467
10.875015, -1.263375
10.912516, -1.206829
10.950016, -1.148865
10.987516, -1.089520
11.025017, -1.028839
11.062517, -0.966873
11.100018, -0.903675
11.137518, -0.839307
11.175018, -0.773832
11.212519, -0.707322
11.250019, -0.639853
11.287519, -0.571503
11.325020, -0.502356
11.362520, -0.432500
11.400021, -0.362027
11.437521, -0.291028
11.475021, -0.219602
11.512522, -0.147846
11.550022, -0.075858
11.587523, -0.003737
11.625023, 0.068417
11.662523, 0.140507
11.700024, 0.212436
11.737524, 0.284111
11.775024, 0.355438
11.812525, 0.426332
11.850025, 0.496706
11.887526, 0.566481
11.925026, 0.635582
11.962526, 0.703938
12.000027, 0.771485
12.037527, 0.838162
12.075027, 0.903915
12.112528, 0.968695
12.150028, 1.032461
12.187529, 1.095174
12.225029, 1.156802
12.262529, 1.217319
12.300030, 1.276703
12.337530, 1.334937
12.375031, 1.392010
12.412531, 1.447913
12.450031, 1.502643
12.487532, 1.556199
12.525032, 1.608586
12.562532, 1.659810
12.600033, 1.709880
12.637533, 1.758809
12.675034, 1.806610
12.712534, 1.853299
12.750034, 1.898895
12.787535, 1.943416
12.825035, 1.986883
12.862535, 2.029317
12.900036, 2.070740
12.937536, 2.111174
12.975037, 2.150643
13.012537, 2.189170
13.050037, 2.226777
13.087538, 2.263488
13.125038, 2.299324
13.162539, 2.334309
13.200039, 2.368465
13.237539, 2.401812
13.275040, 2.434373
13.312540, 2.466165
13.350040, 2.497210
13.387541, 2.527526
13.425041, 2.557130
13.462542, 2.586038
13.500042, 2.614269
13.537542, 2.641836
13.575043, 2.668754
13.612543, 2.695038
13.650043, 2.720697
13.687544, 2.745745
13.725044, 2.770193
13.762545, 2.794049
13.800045, 2.817323
13.837545, 2.840024
13.875046, 2.862157
13.912546, 2.883729
13.950047, 2.904746
13.987547, 2.925212
14.025047, 2.945131
14.062548, 2.964506
14.100048, 2.983339
14.137548, 3.001632
14.175049, 3.019386
14.212549, 3.036600
14.250050, 3.053274
14.287550, 3.069406
14.325050, 3.084996
14.362551, 3.100039
14.400051, 3.114534
14.437551, 3.128476
14.475052, -3.141324
14.512552, -3.128500
14.550053, -3.116244
14.587553, -3.104559
14.625053, -3.093454
14.662554, -3.082934
14.700054, -3.073006
14.737555, -3.063679
14.775055, -3.054959
14.812555, -3.046856
14.850056, -3.039377
14.887556, -3.032532
14.925056, -3.026331
14.962557, -3.020782
15.000057, -3.015895
15.037558, -3.011681
15.075058, -3.008150
15.112558, -3.005314
15.150059, -3.003182
15.187559, -3.001766
15.225060, -3.001079
15.262560, -3.001130
15.300060, -3.001933
15.337561, -3.003500
15.375061, -3.005842
15.412561, -3.008974
15.450062, -3.012906
15.487562, -3.017654
15.525063, -3.023229
15.562563, -3.029646
15.600063, -3.036918
15.637564, -3.045059
15.675064, -3.054084
15.712564, -3.064006
15.750065, -3.074842
15.787565, -3.086605
15.825066, -3.099311
15.862566, -3.112976
15.900066, -3.127615
15.937567, 3.139940
15.975067, 3.123303
16.012568, 3.105643
16.050068, 3.086942
16.087568, 3.067183
16.125069, 3.046348
16.162569, 3.024420
16.200069, 3.001381
16.237570, 2.977211
16.275070, 2.951892
16.312571, 2.925404
16.350071, 2.897731
16.387571, 2.868850
16.425072, 2.838744
16.462572, 2.807392
16.500072, 2.774774
16.537573, 2.740872
16.575073, 2.705665
16.612574, 2.669135
16.650074, 2.631262
16.687574, 2.592026
16.725075, 2.551412
16.762575, 2.509401
16.800076, 2.465977
16.837576, 2.421125
16.875076, 2.374830
16.912577, 2.327080
16.950077, 2.277865
16.987577, 2.227175
17.025078, 2.175005
17.062578, 2.121349
17.100079, 2.066208
17.137579, 2.009583
17.175079, 1.951482
17.212580, 1.891913
17.250080, 1.830892
17.287580, 1.768437
17.325081, 1.704573
17.362581, 1.639329
17.400082, 1.572740
17.437582, 1.504849
17.475082, 1.435702
17.512583, 1.365353
17.550083, 1.293864
17.587584, 1.221301
17.625084, 1.147740
17.662584, 1.073262
17.700085, 0.997954
17.737585, 0.921911
17.775085, 0.845233
17.812586, 0.768027
17.850086, 0.690404
17.887587, 0.612480
17.925087, 0.534376
17.962587, 0.456215
18.000088, 0.378124
18.037588, 0.300232
18.075089, 0.222666
18.112589, 0.145558
18.150089, 0.069034
18.187590, -0.006778
18.225090, -0.081754
18.262590, -0.155772
18.300091, -0.228714
18.337591, -0.300469
18.375092, -0.370929
18.412592, -0.439990
18.450092, -0.507558
18.487593, -0.573541
18.525093, -0.637858
18.562593, -0.700429
18.600094, -0.761186
18.637594, -0.820064
18.675095, -0.877006
18.712595, -0.931960
18.750095, -0.984883
18.787596, -1.035733
18.825096, -1.084478
18.862597, -1.131088
18.900097, -1.175540
18.937597, -1.217813
18.975098, -1.257893
19.012598, -1.295767
19.050098, -1.331426
19.087599, -1.364865
19.125099, -1.396080
19.162600, -1.425071
19.200100, -1.451838
19.237600, -1.476385
19.275101, -1.498716
19.312601, -1.518836
19.350101, -1.536751
19.387602, -1.552468
19.425102, -1.565996
19.462603, -1.577344
19.500103, -1.586519
19.537603, -1.593530
19.575104, -1.598388
19.612604, -1.601102
19.650105, -1.601681
19.687605, -1.600136
19.725105, -1.596476
19.762606, -1.590711
19.800106, -1.582853
19.837606, -1.572912
19.875107, -1.560898
19.912607, -1.546824
19.950108, -1.530702
19.987608, -1.512545
20.025108, -1.492367
20.062609, -1.470182
20.100109, -1.446007
20.137609, -1.419859
20.175110, -1.391758
20.212610, -1.361723
20.250111, -1.329777
20.287611, -1.295946
20.325111, -1.260257
20.362612, -1.222738
20.400112, -1.183423
20.437613, -1.142347
20.475113, -1.099549
20.512613, -1.055069
20.550114, -1.008954
20.587614, -0.961253
20.625114, -0.912017
20.662615, -0.861304
20.700115, -0.809172
20.737616, -0.755686
20.775116, -0.700914
20.812616, -0.644926
20.850117, -0.587799
20.887617, -0.529610
20.925117, -0.470440
20.962618, -0.410374
21.000118, -0.349500
21.037619, -0.287906
21.075119, -0.225684
21.112619, -0.162927
21.150120, -0.099730
21.187620, -0.036186
21.225121, 0.027610
21.262621, 0.091562
21.300121, 0.155578
21.337622, 0.219565
21.375122, 0.283433
21.412622, 0.347094
21.450123, 0.410461
21.487623, 0.473453
21.525124, 0.535990
21.562624, 0.597998
21.600124, 0.659404
21.637625, 0.720141
21.675125, 0.780147
21.712626, 0.839364
21.750126, 0.897737
21.787626, 0.955217
21.825127, 1.011760
21.862627, 1.067327
21.900127, 1.121880
21.937628, 1.175390
21.975128, 1.227827
22.012629, 1.279171
22.050129, 1.329400
22.087629, 1.378500
22.125130, 1.426457
22.162630, 1.473262
22.200130, 1.518908
22.237631, 1.563391
22.275131, 1.606710
22.312632, 1.648864
22.350132, 1.689856
22.387632, 1.729689
22.425133, 1.768369
22.462633, 1.805902
22.500134, 1.842294
22.537634, 1.877556
22.575134, 1.911693
22.612635, 1.944717
22.650135, 1.976636
22.687635, 2.007458
22.725136, 2.037196
22.762636, 2.065857
22.800137, 2.093449
22.837637, 2.119983
22.875137, 2.145468
22.912638, 2.169908
22.950138, 2.193313
22.987638, 2.215689
23.025139, 2.237042
23.062639, 2.257377
23.100140, 2.276698
23.137640, 2.295008
23.175140, 2.312311
23.212641, 2.328606
23.250141, 2.343897
23.287642, 2.358181
23.325142, 2.371458
23.362642, 2.383726
23.400143, 2.394981
23.437643, 2.405221
23.475143, 2.414439
23.512644, 2.422630
23.550144, 2.429787
23.587645, 2.435902
23.625145, 2.440967
23.662645, 2.444972
23.700146, 2.447905
23.737646, 2.449757
23.775146, 2.450515
23.812647, 2.450164
23.850147, 2.448691
23.887648, 2.446082
23.925148, 2.442321
23.962648, 2.437391
24.000149, 2.431276
24.037649, 2.423958
24.075150, 2.415417
24.112650, 2.405637
24.150150, 2.394596
24.187651, 2.382274
24.225151, 2.368652
24.262651, 2.353707
24.300152, 2.337419
24.337652, 2.319766
24.375153, 2.300725
24.412653, 2.280275
24.450153, 2.258394
24.487654, 2.235059
24.525154, 2.210250
24.562654, 2.183943
24.600155, 2.156117
24.637655, 2.126753
24.675156, 2.095830
24.712656, 2.063329
24.750156, 2.029231
24.787657, 1.993520
24.825157, 1.956182
24.862658, 1.917203
24.900158, 1.876570
24.937658, 1.834273
24.975159, 1.790307
25.012659, 1.744667
25.050159, 1.697351
25.087660, 1.648362
25.125160, 1.597706
25.162661, 1.545391
25.200161, 1.491432
25.237661, 1.435848
25.275162, 1.378661
25.312662, 1.319899
25.350163, 1.259597
25.387663, 1.197793
25.425163, 1.134533
25.462664, 1.069866
25.500164, 1.003850
25.537664, 0.936547
25.575165, 0.868025
25.612665, 0.798359
25.650166, 0.727629
25.687666, 0.655919
25.725166, 0.583321
25.762667, 0.509928
25.800167, 0.435841
25.837667, 0.361161
25.875168, 0.285995
25.912668, 0.210449
25.950169, 0.134634
25.987669, 0.058660
26.025169, -0.017363
26.062670, -0.093324
26.100170, -0.169116
26.137671, -0.244633
26.175171, -0.319770
26.212671, -0.394428
26.250172, -0.468510
26.287672, -0.541928
26.325172, -0.614593
26.362673, -0.686427
26.400173, -0.757354
26.437674, -0.827305
26.475174, -0.896220
26.512674, -0.964041
26.550175, -1.030720
26.587675, -1.096212
26.625175, -1.160482
26.662676, -1.223497
26.700176, -1.285233
26.737677, -1.345669
26.775177, -1.404791
26.812677, -1.462588
26.850178, -1.519056
26.887678, -1.574192
26.925179, -1.628000
26.962679, -1.680485
27.000179, -1.731655
27.037680, -1.781524
27.075180, -1.830105
27.112680, -1.877414
27.150181, -1.923469
27.187681, -1.968289
27.225182, -2.011894
27.262682, -2.054306
27.300182, -2.095548
27.337683, -2.135641
27.375183, -2.174608
27.412683, -2.212473
27.450184, -2.249258
27.487684, -2.284985
27.525185, -2.319677
27.562685, -2.353355
27.600185, -2.386040
27.637686, -2.417754
27.675186, -2.448514
27.712687, -2.478341
27.750187, -2.507252
27.787687, -2.535264
27.825188, -2.562393
27.862688, -2.588655
27.900188, -2.614063
27.937689, -2.638630
27.975189, -2.662368
28.012690, -2.685289
28.050190, -2.707402
28.087690, -2.728716
28.125191, -2.749239
28.162691, -2.768978
28.200191, -2.787938
28.237692, -2.806125
28.275192, -2.823541
28.312693, -2.840190
28.350193, -2.856075
28.387693, -2.871194
28.425194, -2.885550
28.462694, -2.899141
28.500195, -2.911964
28.537695, -2.924019
28.575195, -2.935300
28.612696, -2.945805
28.650196, -2.955528
28.687696, -2.964463
28.725197, -2.972604
28.762697, -2.979944
28.800198, -2.986474
28.837698, -2.992186
28.875198, -2.997072
28.912699, -3.001120
28.950199, -3.004321
28.987700, -3.006663
29.025200, -3.008135
29.062700, -3.008723
29.100201, -3.008416
29.137701, -3.007200
29.175201, -3.005060
29.212702, -3.001982
29.250202, -2.997951
29.287703, -2.992951
29.325203, -2.986966
29.362703, -2.979980
29.400204, -2.971973
29.437704, -2.962931
29.475204, -2.952833
29.512705, -2.941661
29.550205, -2.929396
29.587706, -2.916019
29.625206, -2.901509
29.662706, -2.885845
29.700207, -2.869008
29.737707, -2.850974
29.775208, -2.831723
29.812708, -2.811232
29.850208, -2.789479
29.887709, -2.766440
29.925209, -2.742094
29.962709, -2.716415
30.000210, -2.689382
30.037710, -2.660970
30.075211, -2.631156
30.112711, -2.599916
30.150211, -2.567226
30.187712, -2.533064
30.225212, -2.497407
30.262712, -2.460232
30.300213, -2.421518
30.337713, -2.381243
30.375214, -2.339390
30.412714, -2.295937
30.450214, -2.250870
30.487715, -2.204171
30.525215, -2.155830
30.562716, -2.105833
30.600216, -2.054173
30.637716, -2.000845
30.675217, -1.945847
30.712717, -1.889179
30.750217, -1.830849
30.787718, -1.770865
30.825218, -1.709244
30.862719, -1.646004
30.900219, -1.581172
30.937719, -1.514780
30.975220, -1.446866
31.012720, -1.377475
31.050220, -1.306657
31.087721, -1.234471
31.125221, -1.160983
31.162722, -1.086266
31.200222, -1.010401
31.237722, -0.933473
31.275223, -0.855579
31.312723, -0.776817
31.350224, -0.697296
31.387724, -0.617128
31.425224, -0.536430
31.462725, -0.455326
31.500225, -0.373941
31.537725, -0.292403
31.575226, -0.210843
31.612726, -0.129394
31.650227, -0.048186
31.687727, 0.032650
31.725227, 0.112985
31.762728, 0.192692
31.800228, 0.271650
31.837729, 0.349741
31.875229, 0.426850
31.912729, 0.502871
31.950230, 0.577702
31.987730, 0.651250
32.025230, 0.723427
32.062729, 0.794151
32.100227, 0.863352
32.137726, 0.930961
32.175224, 0.996921
32.212723, 1.061181
32.250221, 1.123695
32.287720, 1.184425
32.325218, 1.243340
32.362717, 1.300412
32.400215, 1.355623
32.437714, 1.408954
32.475212, 1.460396
32.512711, 1.509941
32.550209, 1.557587
32.587708, 1.603332
32.625206, 1.647180
32.662704, 1.689136
32.700203, 1.729208
32.737701, 1.767403
32.775200, 1.803734
32.812698, 1.838210
32.850197, 1.870845
32.887695, 1.901651
32.925194, 1.930642
32.962692, 1.957830
33.000191, 1.983228
33.037689, 2.006850
33.075188, 2.028706
33.112686, 2.048810
33.150185, 2.067171
33.187683, 2.083799
33.225182, 2.098705
33.262680, 2.111896
33.300179, 2.123379
33.337677, 2.133162
33.375175, 2.141248
33.412674, 2.147644
33.450172, 2.152350
33.487671, 2.155370
33.525169, 2.156704
33.562668, 2.156352
33.600166, 2.154313
33.637665, 2.150585
33.675163, 2.145165
33.712662, 2.138050
33.750160, 2.129234
33.787659, 2.118712
33.825157, 2.106479
33.862656, 2.092528
33.900154, 2.076852
33.937653, 2.059443
33.975151, 2.040294
34.012650, 2.019398
34.050148, 1.996748
34.087646, 1.972335
34.125145, 1.946152
34.162643, 1.918195
34.200142, 1.888455
34.237640, 1.856930
34.275139, 1.823617
34.312637, 1.788512
34.350136, 1.751616
34.387634, 1.712930
34.425133, 1.672458
34.462631, 1.630207
34.500130, 1.586184
34.537628, 1.540403
34.575127, 1.492878
34.612625, 1.443629
34.650124, 1.392678
34.687622, 1.340051
34.725121, 1.285782
34.762619, 1.229904
34.800117, 1.172459
34.837616, 1.113494
34.875114, 1.053058
34.912613, 0.991208
34.950111, 0.928006
34.987610, 0.863519
35.025108, 0.797819
35.062607, 0.730983
35.100105, 0.663094
35.137604, 0.594238
35.175102, 0.524506
35.212601, 0.453994
35.250099, 0.382800
35.287598, 0.311027
35.325096, 0.238777
35.362595, 0.166158
35.400093, 0.093276
35.437592, 0.020238
35.475090, -0.052849
35.512589, -0.125877
35.550087, -0.198743
35.587585, -0.271344
35.625084, -0.343581
35.662582, -0.415356
35.700081, -0.486580
35.737579, -0.557164
35.775078, -0.627024
35.812576, -0.696084
35.850075, -0.764273
35.887573, -0.831523
35.925072, -0.897774
35.962570, -0.962972
36.000069, -1.027069
36.037567, -1.090021
36.075066, -1.151791
36.112564, -1.212348
36.150063, -1.271665
36.187561, -1.329722
36.225060, -1.386503
36.262558, -1.441994
36.300056, -1.496189
36.337555, -1.549083
36.375053, -1.600678
36.412552, -1.650975
36.450050, -1.699979
36.487549, -1.747700
36.525047, -1.794149
36.562546, -1.839337
36.600044, -1.883278
36.637543, -1.925989
36.675041, -1.967485
36.712540, -2.007785
36.750038, -2.046906
36.787537, -2.084867
36.825035, -2.121686
36.862534, -2.157383
36.900032, -2.191977
36.937531, -2.225485
36.975029, -2.257926
37.012527, -2.289319
37.050026, -2.319679
37.087524, -2.349024
37.125023, -2.377369
37.162521, -2.404729
37.200020, -2.431119
37.237518, -2.456552
37.275017, -2.481040
37.312515, -2.504594
37.350014, -2.527225
37.387512, -2.548943
37.425011, -2.569755
37.462509, -2.589668
37.500008, -2.608690
37.537506, -2.626824
37.575005, -2.644076
37.612503, -2.660449
37.650002, -2.675943
37.687500, -2.690562
37.724998, -2.704304
37.762497, -2.717169
37.799995, -2.729155
37.837494, -2.740259
37.874992, -2.750477
37.912491, -2.759805
37.949989, -2.768236
37.987488, -2.775765
38.024986, -2.782383
38.062485, -2.788083
38.099983, -2.792856
38.137482, -2.796690
38.174980, -2.799576
38.212479, -2.801502
38.249977, -2.802456
38.287476, -2.802424
38.324974, -2.801392
38.362473, -2.799347
38.399971, -2.796272
38.437469, -2.792152
38.474968, -2.786969
38.512466, -2.780707
38.549965, -2.773348
38.587463, -2.764872
38.624962, -2.755260
38.662460, -2.744494
38.699959, -2.732551
38.737457, -2.719412
38.774956, -2.705054
38.812454, -2.689455
38.849953, -2.672594
38.887451, -2.654446
38.924950, -2.634990
38.962448, -2.614201
38.999947, -2.592055
39.037445, -2.568528
39.074944, -2.543597
39.112442, -2.517236
39.149940, -2.489420
39.187439, -2.460127
39.224937, -2.429332
39.262436, -2.397010
39.299934, -2.363140
39.337433, -2.327697
39.374931, -2.290662
39.412430, -2.252012
39.449928, -2.211727
39.487427, -2.169791
39.524925, -2.126186
39.562424, -2.080897
39.599922, -2.033913
39.637421, -1.985223
39.674919, -1.934820
39.712418, -1.882701
39.749916, -1.828865
39.787415, -1.773315
39.824913, -1.716058
39.862411, -1.657109
39.899910, -1.596483
39.937408, -1.534202
39.974907, -1.470297
40.012405, -1.404800
40.049904, -1.337753
40.087402, -1.269202
40.124901, -1.199203
40.162399, -1.127815
40.199898, -1.055106
40.237396, -0.981151
40.274895, -0.906033
40.312393, -0.829839
40.349892, -0.752663
40.387390, -0.674609
40.424889, -0.595781
40.462387, -0.516292
40.499886, -0.436259
40.537384, -0.355799
40.574883, -0.275039
40.612381, -0.194100
40.649879, -0.113111
40.687378, -0.032197
40.724876, 0.048515
40.762375, 0.128901
40.799873, 0.208840
40.837372, 0.288212
40.874870, 0.366904
40.912369, 0.444806
40.949867, 0.521813
40.987366, 0.597826
41.024864, 0.672755
41.062363, 0.746514
41.099861, 0.819025
41.137360, 0.890217
41.174858, 0.960027
41.212357, 1.028399
41.249855, 1.095282
41.287354, 1.160634
41.324852, 1.224419
41.362350, 1.286609
41.399849, 1.347179
41.437347, 1.406111
41.474846, 1.463393
41.512344, 1.519017
41.549843, 1.572979
41.587341, 1.625279
41.624840, 1.675922
41.662338, 1.724913
41.699837, 1.772263
41.737335, 1.817984
41.774834, 1.862089
41.812332, 1.904593
41.849831, 1.945513
41.887329, 1.984867
41.924828, 2.022671
41.962326, 2.058946
41.999825, 2.093710
42.037323, 2.126980
42.074821, 2.158775
42.112320, 2.189114
42.149818, 2.218014
42.187317, 2.245493
42.224815, 2.271565
42.262314, 2.296246
42.299812, 2.319551
42.337311, 2.341492
42.374809, 2.362082
42.412308, 2.381331
42.449806, 2.399250
42.487305, 2.415847
42.524803, 2.431128
42.562302, 2.445101
42.599800, 2.457770
42.637299, 2.469139
42.674797, 2.479210
42.712296, 2.487983
42.749794, 2.495460
42.787292, 2.501639
42.824791, 2.506517
42.862289, 2.510091
42.899788, 2.512355
42.937286, 2.513304
42.974785, 2.512931
43.012283, 2.511226
43.049782, 2.508182
43.087280, 2.503789
43.124779, 2.498034
43.162277, 2.490906
43.199776, 2.482392
43.237274, 2.472478
43.274773, 2.461149
43.312271, 2.448390
43.349770, 2.434185
43.387268, 2.418517
43.424767, 2.401369
43.462265, 2.382724
43.499763, 2.362563
43.537262, 2.340869
43.574760, 2.317622
43.612259, 2.292804
43.649757, 2.266398
43.687256, 2.238384
43.724754, 2.208745
43.762253, 2.177462
43.799751, 2.144521
43.837250, 2.109903
43.874748, 2.073595
43.912247, 2.035582
43.949745, 1.995853
43.987244, 1.954398
44.024742, 1.911208
44.062241, 1.866277
44.099739, 1.819603
44.137238, 1.771184
44.174736, 1.721023
44.212234, 1.669129
44.249733, 1.615510
44.287231, 1.560181
44.324730, 1.503163
44.362228, 1.444478
44.399727, 1.384157
44.437225, 1.322235
44.474724, 1.258753
44.512222, 1.193756
44.549721, 1.127299
44.587219, 1.059440
44.624718, 0.990246
44.662216, 0.919786
44.699715, 0.848140
44.737213, 0.775393
44.774712, 0.701633
44.812210, 0.626956
44.849709, 0.551462
44.887207, 0.475258
44.924706, 0.398451
44.962204, 0.321153
44.999702, 0.243481
45.037201, 0.165551
45.074699, 0.087480
45.112198, 0.009387
45.149696, -0.068610
45.187195, -0.146396
45.224693, -0.223857
45.262192, -0.300881
45.299690, -0.377361
45.337189, -0.453195
45.374687, -0.528284
45.412186, -0.602536
45.449684, -0.675865
45.487183, -0.748189
45.524681, -0.819436
45.562180, -0.889539
45.599678, -0.958435
45.637177, -1.026073
45.674675, -1.092404
45.712173, -1.157389
45.749672, -1.220993
45.787170, -1.283187
45.824669, -1.343950
45.862167, -1.403263
45.899666, -1.461116
45.937164, -1.517501
45.974663, -1.572414
46.012161, -1.625856
46.049660, -1.677832
46.087158, -1.728350
46.124657, -1.777419
46.162155, -1.825052
46.199654, -1.871263
46.237152, -1.916069
46.274651, -1.959488
46.312149, -2.001538
46.349648, -2.042238
46.387146, -2.081610
46.424644, -2.119674
46.462143, -2.156450
46.499641, -2.191959
46.537140, -2.226221
46.574638, -2.259257
46.612137, -2.291086
46.649635, -2.321727
46.687134, -2.351199
46.724632, -2.379518
46.762131, -2.406701
46.799629, -2.432765
46.837128, -2.457723
46.874626, -2.481589
46.912125, -2.504375
46.949623, -2.526094
46.987122, -2.546755
47.024620, -2.566367
47.062119, -2.584939
47.099617, -2.602477
47.137115, -2.618986
47.174614, -2.634472
47.212112, -2.648937
47.249611, -2.662384
47.287109, -2.674814
47.324608, -2.686227
47.362106, -2.696622
47.399605, -2.705996
47.437103, -2.714347
47.474602, -2.721670
47.512100, -2.727960
47.549599, -2.733210
47.587097, -2.737413
47.624596, -2.740562
47.662094, -2.742646
47.699593, -2.743657
47.737091, -2.743582
47.774590, -2.742410
47.812088, -2.740128
47.849586, -2.736723
47.887085, -2.732180
47.924583, -2.726485
47.962082, -2.719621
47.999580, -2.711571
48.037079, -2.702319
48.074577, -2.691847
48.112076, -2.680134
48.149574, -2.667163
48.187073, -2.652913
48.224571, -2.637364
48.262070, -2.620495
48.299568, -2.602284
48.337067, -2.582710
48.374565, -2.561749
48.412064, -2.539381
48.449562, -2.515581
48.487061, -2.490327
48.524559, -2.463597
48.562057, -2.435366
48.599556, -2.405612
48.637054, -2.374313
48.674553, -2.341447
48.712051, -2.306992
48.749550, -2.270927
48.787048, -2.233232
48.824547, -2.193889
48.862045, -2.152881
48.899544, -2.110191
48.937042, -2.065806
48.974541, -2.019713
49.012039, -1.971904
49.049538, -1.922372
49.087036, -1.871113
49.124535, -1.818127
49.162033, -1.763418
49.199532, -1.706994
49.237030, -1.648866
49.274529, -1.589053
49.312027, -1.527576
49.349525, -1.464463
49.387024, -1.399748
49.424522, -1.333472
49.462021, -1.265680
49.499519, -1.196425
49.537018, -1.125768
49.574516, -1.053776
49.612015, -0.980522
49.649513, -0.906086
49.687012, -0.830555
49.724510, -0.754024
49.762009, -0.676591
49.799507, -0.598362
49.837006, -0.519447
49.874504, -0.439960
49.912003, -0.360020
49.949501, -0.279750
49.987000, -0.199271
50.024498, -0.118709
50.061996, -0.038190
50.099495, 0.042162
50.136993, 0.122223
50.174492, 0.201872
50.211990, 0.280992
50.249489, 0.359468
50.286987, 0.437190
50.324486, 0.514056
50.361984, 0.589966
50.399483, 0.664829
50.436981, 0.738559
50.474480, 0.811079
50.511978, 0.882317
50.549477, 0.952208
50.586975, 1.020697
50.624474, 1.087733
50.661972, 1.153272
50.699471, 1.217280
50.736969, 1.279725
50.774467, 1.340583
50.811966, 1.399836
50.849464, 1.457472
50.886963, 1.513480
50.924461, 1.567858
50.961960, 1.620605
50.999458, 1.671725
51.036957, 1.721225
51.074455, 1.769112
51.111954, 1.815401
51.149452, 1.860103
51.186951, 1.903235
51.224449, 1.944813
51.261948, 1.984855
51.299446, 2.023379
51.336945, 2.060404
51.374443, 2.095948
51.411942, 2.130030
51.449440, 2.162671
51.486938, 2.193887
51.524437, 2.223697
51.561935, 2.252119
51.599434, 2.279169
51.636932, 2.304863
51.674431, 2.329215
51.711929, 2.352239
51.749428, 2.373950
51.786926, 2.394356
51.824425, 2.413471
51.861923, 2.431302
51.899422, 2.447858
51.936920, 2.463146
51.974419, 2.477172
52.011917, 2.489938
52.049416, 2.501451
52.086914, 2.511711
52.124413, 2.520718
52.161911, 2.528473
52.199409, 2.534973
52.236908, 2.540215
52.274406, 2.544197
52.311905, 2.546912
52.349403, 2.548354
52.386902, 2.548516
52.424400, 2.547389
52.461899, 2.544964
52.499397, 2.541230
52.536896, 2.536176
52.574394, 2.529791
52.611893, 2.522059
52.649391, 2.512968
52.686890, 2.502501
52.724388, 2.490644
52.761887, 2.477381
52.799385, 2.462693
52.836884, 2.446564
52.874382, 2.428977
52.911880, 2.409911
52.949379, 2.389348
52.986877, 2.367268
53.024376, 2.343653
53.061874, 2.318484
53.099373, 2.291740
53.136871, 2.263403
53.174370, 2.233453
53.211868, 2.201872
53.249367, 2.168643
53.286865, 2.133749
53.324364, 2.097173
53.361862, 2.058903
53.399361, 2.018923
53.436859, 1.977223
53.474358, 1.933795
53.511856, 1.888631
53.549355, 1.841726
53.586853, 1.793080
53.624352, 1.742694
53.661850, 1.690573
53.699348, 1.636728
53.736847, 1.581171
53.774345, 1.523921
53.811844, 1.465002
53.849342, 1.404441
53.886841, 1.342273
53.924339, 1.278538
53.961838, 1.213282
53.999336, 1.146556
54.036835, 1.078418
54.074333, 1.008934
54.111832, 0.938175
54.149330, 0.866219
54.186829, 0.793148
54.224327, 0.719054
54.261826, 0.644031
54.299324, 0.568179
54.336823, 0.491604
54.374321, 0.414416
54.411819, 0.336726
54.449318, 0.258651
54.486816, 0.180309
54.524315, 0.101817
54.561813, 0.023297
54.599312, -0.055135
54.636810, -0.133359
54.674309, -0.211262
54.711807, -0.288729
54.749306, -0.365654
54.786804, -0.441931
54.824303, -0.517460
54.861801, -0.592148
54.899300, -0.665907
54.936798, -0.738654
54.974297, -0.810315
55.011795, -0.880821
55.049294, -0.950109
55.086792, -1.018126
55.124290, -1.084823
55.161789, -1.150158
55.199287, -1.214095
55.236786, -1.276606
55.274284, -1.337667
55.311783, -1.397261
55.349281, -1.455374
55.386780, -1.512000
55.424278, -1.567133
55.461777, -1.620775
55.499275, -1.672930
55.536774, -1.723603
55.574272, -1.772807
55.611771, -1.820553
55.649269, -1.866855
55.686768, -1.911729
55.724266, -1.955193
55.761765, -1.997266
55.799263, -2.037967
55.836761, -2.077316
55.874260, -2.115334
55.911758, -2.152041
55.949257, -2.187458
55.986755, -2.221605
56.024254, -2.254503
56.061752, -2.286171
56.099251, -2.316627
56.136749, -2.345891
56.174248, -2.373978
56.211746, -2.400907
56.249245, -2.426692
56.286743, -2.451347
56.324242, -2.474886
56.361740, -2.497323
56.399239, -2.518667
56.436737, -2.538928
56.474236, -2.558117
56.511734, -2.576240
56.549232, -2.593304
56.586731, -2.609314
56.624229, -2.624276
56.661728, -2.638191
56.699226, -2.651062
56.736725, -2.662890
56.774223, -2.673675
56.811722, -2.683414
56.849220, -2.692106
56.886719, -2.699746
56.924217, -2.706331
56.961716, -2.711855
56.999214, -2.716311
57.036713, -2.719691
57.074211, -2.721986
57.111710, -2.723188
57.149208, -2.723286
57.186707, -2.722268
57.224205, -2.720122
57.261703, -2.716835
57.299202, -2.712393
57.336700, -2.706781
57.374199, -2.699984
57.411697, -2.691985
57.449196, -2.682767
57.486694, -2.672313
57.524193, -2.660604
57.561691, -2.647621
57.599190, -2.633344
57.636688, -2.617754
57.674187, -2.600828
57.711685, -2.582547
57.749184, -2.562888
57.786682, -2.541830
57.824181, -2.519350
57.861679, -2.495425
57.899178, -2.470034
57.936676, -2.443152
57.974174, -2.414759
58.011673, -2.384830
58.049171, -2.353345
58.086670, -2.320281
58.124168, -2.285618
58.161667, -2.249334
58.199165, -2.211411
58.236664, -2.171831
58.274162, -2.130577
58.311661, -2.087634
58.349159, -2.042989
58.386658, -1.996630
58.424156, -1.948551
58.461655, -1.898744
58.499153, -1.847209
58.536652, -1.793945
58.574150, -1.738958
58.611649, -1.682256
58.649147, -1.623855
58.686646, -1.563773
58.724144, -1.502033
58.761642, -1.438667
58.799141, -1.373708
58.836639, -1.307200
58.874138, -1.239190
58.911636, -1.169734
58.949135, -1.098893
58.986633, -1.026736
59.024132, -0.953340
59.061630, -0.878785
59.099129, -0.803160
59.136627, -0.726561
59.174126, -0.649089
59.211624, -0.570849
59.249123, -0.491953
59.286621, -0.412517
59.324120, -0.332659
59.361618, -0.252501
59.399117, -0.172166
59.436615, -0.091780
59.474113, -0.011466
59.511612, 0.068651
59.549110, 0.148450
59.586609, 0.227810
59.624107, 0.306615
59.661606, 0.384753
59.699104, 0.462117
59.736603, 0.538605
59.774101, 0.614121
59.811600, 0.688576
59.849098, 0.761887
59.886597, 0.833977
59.924095, 0.904780
59.961594, 0.974231
