time,theta,omega
3.159998, 1.468329, 0.644613
7.839994, -2.168350, -1.277384
12.559990, 0.517289, 0.537316
17.280016, -2.012266, -0.967471
22.000124, -2.902833, 1.008270
26.720232, -1.077075, -1.357356
31.400339, 1.658153, 1.713489
36.120445, -0.640986, -0.223624
40.840553, 1.949964, 0.866346
45.560661, 0.217957, -2.370197
50.280769, 0.336472, 2.303570
54.960876, 1.042455, -2.174904
59.680984, 1.182995, 1.935306
64.401093, -1.869612, -0.047072
69.121201, 2.309965, 1.112316
73.841309, -0.539501, -0.515955
78.521416, 1.989283, 0.965037
83.241524, 2.689643, -1.169699
87.961632, 1.205740, 1.451861
92.681740, -0.987494, -2.108184
97.401848, 1.964800, 0.084660
102.081955, -2.264136, -1.208793
106.802063, 0.506067, 0.632905
111.522171, -2.028953, -1.004766
116.242279, 2.464680, 0.359808
120.962387, 1.818981, -1.787386
125.682495, 1.444638, 1.650634
130.362152, -2.534543, -0.399150
135.081360, 2.206787, 0.214573
139.800568, -1.863628, -1.621632
144.519775, 0.521994, 0.486230
149.238983, -2.008299, -0.943942
153.918198, -2.321637, 1.442773
158.637405, -1.342823, -1.559875
163.356613, -1.292686, 2.074735
168.075821, -1.317831, -1.829954
172.795029, 1.766376, 0.011660
177.514236, -2.301784, -1.030173
182.193451, 0.606183, 0.302553
186.912659, -1.958204, -0.895708
191.631866, -0.874618, 2.246537
196.351074, -1.089304, -2.000932
201.070282, 2.140616, 0.168748
205.789490, -2.112939, -1.438180
210.468704, 0.490861, 0.644023
215.187912, -2.022551, -1.011466
219.907120, 2.398700, 0.319561
224.626328, 0.054408, -2.375863
229.345535, -0.097765, 2.353432
234.064743, -0.216915, -2.327004
238.743958, -0.640203, 2.297034
243.463165, -0.867850, -2.118673
248.182373, 2.773763, 0.555653
252.901581, -0.547234, -0.582636
257.621399, 2.039266, 0.980249
262.342407, -2.816089, -0.592797
267.023407, 0.534903, 0.680408
271.744415, -2.047467, -1.024266
276.465424, 1.986051, 0.103317
281.186432, -2.290097, -1.228526
285.867432, 0.500143, 0.652639
290.588440, -2.028062, -1.014562
295.309448, 2.306892, 0.265899
300.030457, -1.297409, -1.973672
304.751465, 1.018093, -0.032422
309.432465, -1.970597, -0.802779
314.153473, 0.107384, 2.362813
318.874481, 0.624517, -2.300278
323.595490, 0.944263, 2.086221
328.276489, -2.656143, -0.475061
332.997498, 0.752604, 0.146583
337.718506, -1.955663, -0.844997
342.439514, -0.064758, 2.372515
347.160522, 0.012222, -2.350582
351.841522, -0.019791, 2.349771
356.562531, 0.164824, -2.353353
361.283539, 0.227697, 2.323737
366.004547, 0.731360, -2.275650
370.725555, 1.062641, 2.023605
375.406555, -2.299492, -0.253397
380.127563, 1.343466, 1.946405
384.848572, -0.898618, -0.012388
389.569580, 1.965648, 0.802566
394.250580, -0.294113, -2.336916
398.971588, -1.501088, 1.961386
403.692596, -1.374981, -1.761850
408.413605, 1.868594, 0.048737
413.134613, -2.319236, -1.109938
417.815613, 0.524202, 0.504646
422.536621, -1.998568, -0.960591
427.257629, -2.642206, 1.205311
431.978638, -1.240887, -1.454096
436.699646, 0.880392, 2.156316
441.380646, -2.505677, -0.376293
446.101654, 3.060453, 0.771712
450.822662, -0.772338, -1.157323
455.543671, 2.091002, 1.304412
460.224670, -0.574276, -0.342063
464.945679, 1.962613, 0.907914
469.666687, 1.103937, -2.162137
474.387695, 1.246621, 1.894847
479.108704, -1.843724, -0.038307
483.789703, 2.284090, 1.096066
488.510712, -0.541498, -0.461474
493.231720, 1.997832, 0.941705
497.952728, 2.174733, -1.547181
502.673737, 1.413081, 1.562145
507.354736, 1.987980, -1.671965
512.075684, 1.405953, 1.632683
516.793091, -3.042196, -0.751798
521.510498, 0.750434, 1.129001
526.227905, -2.102753, -1.277553
530.945312, 0.598847, 0.333145
535.622742, -1.953654, -0.903557
540.340149, -1.003078, 2.201873
545.057556, -1.146302, -1.960322
549.774963, 1.944263, 0.077130
554.492371, -2.297042, -1.182766
559.209778, 0.520123, 0.623276
563.927185, -2.043326, -0.993206
568.644592, 2.561714, 0.421373
573.322021, -1.848853, -0.051511
578.039429, 2.287962, 1.108366
582.756836, -0.532711, -0.493418
587.474243, 2.001824, 0.953762
592.191650, 2.546328, -1.277329
596.909058, 1.285966, 1.481524
601.626465, -0.390693, -2.312472
606.343872, -1.477609, 1.974442
611.021301, -1.356056, -1.764824
615.738708, 1.868622, 0.048129
620.456116, -2.295213, -1.116623
625.173523, 0.530091, 0.517105
629.890930, -2.011430, -0.959562
634.608337, -2.759409, 1.116961
639.325745, -1.176080, -1.414189
644.043152, 1.328749, 1.934485
648.720581, -1.093552, 0.056994
653.437988, 1.994879, 0.803135
658.155396, 0.204881, -2.371192
662.872803, 0.188766, 2.329103
667.590210, 0.644031, -2.296878
672.307617, 0.951665, 2.081887
677.025024, -2.591608, -0.433112
681.742432, 1.402454, -0.049496
686.419861, -2.121661, -0.864213
691.137268, 2.736891, 0.538664
695.854675, -0.556718, -0.485079
700.572083, 2.006573, 0.951077
705.289490, 2.586710, -1.247144
710.006897, 1.267896, 1.470170
714.724304, -0.602917, -2.256616
719.441711, -2.496083, 1.306183
724.119141, -1.261612, -1.502858
728.836548, 0.198515, 2.345634
733.553955, 0.971481, -2.200972
738.271362, 1.168580, 1.949813
742.988770, -1.904489, -0.061014
747.706177, 2.311468, 1.142308
752.423584, -0.529270, -0.573818
757.140991, 2.037787, 0.972542
761.818420, -2.997269, -0.722635
766.535828, 0.698416, 1.096546
771.253235, -2.088298, -1.254999
775.970642, 0.619155, 0.282925
780.688049, -1.965901, -0.882717
785.405457, -0.646354, 2.310030
790.122864, -0.938965, -2.088567
794.840271, 2.700684, 0.505844
799.517700, -0.654640, -0.257095
804.235107, 1.957715, 0.881196
808.952515, 0.668431, -2.304867
813.669922, 0.895143, 2.106555
818.387329, -2.741683, -0.533697
823.104736, 0.572044, 0.459845
827.822144, -2.014853, -0.935636
832.539551, -2.267085, 1.481732
837.216980, -1.337662, -1.562223
841.934387, -1.319312, 2.062045
846.651794, -1.309891, -1.831291
851.369202, 1.754349, 0.007381
856.086609, -2.287391, -1.024319
860.804016, 0.629201, 0.287714
865.521423, -1.977550, -0.879800
870.238831, -0.669957, 2.304391
874.916260, -0.924126, -2.087929
879.633667, 2.518496, 0.385619
884.351074, -2.670950, -0.496440
889.068481, 0.695442, 0.212685
893.785889, -1.965580, -0.861224
898.503296, -0.348617, 2.360362
903.220703, -0.562244, -2.243288
907.938110, -1.925700, 1.707786
912.615540, -1.390182, -1.641812
917.332947, 2.965337, 0.695618
922.050354, -0.664789, -1.042179
926.767761, 2.101914, 1.210872
931.485168, -0.675492, -0.210654
936.202576, 1.962192, 0.858203
940.919983, 0.209675, -2.370809
945.637390, 0.352165, 2.300694
950.314819, 1.081707, -2.159740
955.032227, 1.201988, 1.920944
959.749634, -1.815309, -0.026963
964.467041, 2.297264, 1.069730
969.184448, -0.563037, -0.417857
973.901855, 1.996615, 0.923218
978.619263, 1.754545, -1.825024
983.336670, 1.445644, 1.664900
988.014099, -2.336216, -0.277839
992.731506, 0.932301, 2.148294
997.448914, -1.865751, -0.043072
1002.166321, 2.302967, 1.109309
1006.883728, -0.535794, -0.509395
1011.601135, 2.015743, 0.953879
1016.318542, 2.655290, -1.195469
1021.035950, 1.242197, 1.439769
1025.715942, -0.912635, -2.138846
1030.440552, 2.105988, 0.149306
1035.165161, -2.166078, -1.383399
1039.849731, 0.491459, 0.663869
1044.574341, -2.029839, -1.018016
1049.298950, 2.285208, 0.253551
1054.023560, -1.503545, -1.858380
1058.708130, 0.753762, 0.100900
1063.432739, -1.942896, -0.829594
1068.157349, 0.310614, 2.334878
1072.841919, 1.218676, -2.100904
1077.566528, 1.288129, 1.856042
1082.291138, -1.792971, -0.020182
1086.975708, 2.274684, 1.057323
1091.700317, -0.584106, -0.355320
1096.424927, 1.981824, 0.904796
1101.109497, 1.225147, -2.109679
1105.834106, 1.257489, 1.874973
1110.558716, -1.827053, -0.031763
1115.283325, 2.316221, 1.075131
1119.967896, -0.551607, -0.423075
1124.692505, 1.988740, 0.929782
1129.417114, 1.770428, -1.814919
1134.101685, 1.386909, 1.686949
1138.826294, -2.465666, -0.355600
1143.550903, -1.813236, 1.790847
1148.235474, -1.381485, -1.681056
1152.960083, 2.570021, 0.421864
1157.684692, -1.605891, 0.020293
1162.369263, 2.208518, 0.948456
1167.093872, -1.037801, 0.024150
1171.818481, 1.996712, 0.804414
1176.543091, 0.053930, -2.372490
1181.227661, -0.037988, 2.349959
1185.952271, 0.057362, -2.352350
1190.676880, 0.077085, 2.344167
1195.361450, 0.244841, -2.350311
1200.086060, 0.344897, 2.300336
1204.810669, 1.167345, -2.124266
1209.495239, 1.251825, 1.873464
1214.219849, -1.795170, -0.019939
1218.944458, 2.298180, 1.053784
1223.669067, -0.589559, -0.367771
1228.353638, 1.966401, 0.912684
1233.078247, 1.223349, -2.110373
1237.802856, 1.316452, 1.840056
1242.487427, -1.816005, -0.026962
1247.212036, 2.295130, 1.071575
1251.936646, -0.568600, -0.409380
1256.621216, 1.968058, 0.929227
1261.345825, 1.614621, -1.908248
1266.070435, 1.405662, 1.722842
1270.755005, -2.056329, -0.128502
1275.479614, 2.204551, 1.323938
1280.204224, -0.510065, -0.680682
1284.928833, 2.055975, 1.014180
1289.613403, -2.182075, -0.197199
1294.338013, 1.957374, 1.553010
1299.062622, -0.513294, -0.554665
1303.747192, 1.994039, 0.977556
1308.471802, 2.910669, -1.002223
1313.196411, 1.066546, 1.362120
1317.880981, -1.651388, -1.716378
1322.605591, 0.648394, 0.214348
1327.330200, -1.952811, -0.861677
1332.054810, -0.115278, 2.372707
1336.739380, -0.128381, -2.336173
1341.463989, -0.479403, 2.327495
1346.188599, -0.796192, -2.156100
1350.873169, -2.967203, 0.951743
1355.597778, -1.012556, -1.343021
1360.322388, 1.801224, 1.617307
1365.006958, -0.593359, -0.288653
1369.731567, 1.954777, 0.889024
1374.456177, 0.599202, -2.320095
1379.140747, 0.825313, 2.134270
1383.865356, -2.912481, -0.653327
1388.589966, 0.614296, 0.938703
1393.314575, -2.115637, -1.137637
1397.999146, 0.871854, 0.041537
1402.723755, -1.959720, -0.814969
1407.448364, 0.261872, 2.343305
1412.132935, 1.037763, -2.175866
1416.857544, 1.198855, 1.926894
1421.582153, -1.895510, -0.057519
1426.266724, 2.281270, 1.141759
1430.991333, -0.521804, -0.542388
1435.715942, 2.018440, 0.967681
1440.400513, 2.956899, -0.967340
1445.125122, 1.019606, 1.358183
1449.849731, -1.745775, -1.656199
1454.574341, 0.621827, 0.267563
1459.258911, -1.942882, -0.881683
1463.983521, -0.411614, 2.352391
1468.708130, -0.633680, -2.218334
1473.392700, -2.263630, 1.475838
1478.117310, -1.366636, -1.563118
1482.841919, -1.514743, 1.960663
1487.526489, -1.350312, -1.763399
1492.251099, 1.959431, 0.085062
1496.975708, -2.293235, -1.199553
1501.700317, 0.524705, 0.630822
1506.384888, -2.019386, -1.003615
1511.109497, 2.593285, 0.441428
1515.834106, -1.296500, 0.053043
1520.518677, 2.077309, 0.836893
1525.243286, 2.140525, -1.571592
1529.967896, 1.407913, 1.580456
1534.652466, 2.275121, -1.472573
1539.377075, 1.362179, 1.563366
1544.101685, 1.471405, -1.984085
1548.786255, 1.338550, 1.778441
1553.510864, -1.911166, -0.064669
1558.235474, 2.304000, 1.152030
1562.960083, -0.529932, -0.573779
1567.644653, 2.006264, 0.983160
1572.369263, -3.104844, -0.801401
1577.093872, 0.820930, 1.190964
1581.778442, -2.032015, -1.359004
1586.503052, 0.567301, 0.370389
1591.227661, -1.983030, -0.908713
1595.912231, -1.282507, 2.083090
1600.636841, -1.286772, -1.850600
1605.361450, 1.814718, 0.027660
1610.086060, -2.316156, -1.065162
1614.770630, 0.561879, 0.399340
1619.495239, -1.985807, -0.921142
1624.219849, -1.541993, 1.949075
1628.904419, -1.366034, -1.748731
1633.629028, 2.010961, 0.108176
1638.353638, -2.273934, -1.254115
1643.038208, 0.499406, 0.661679
1647.762817, -2.033550, -1.016133
1652.487427, 2.282834, 0.252269
1657.171997, -1.456271, -1.878633
1661.896606, 0.730741, 0.121713
1666.621216, -1.944913, -0.834487
1671.345825, 0.263549, 2.342962
1676.030396, 1.000917, -2.189727
1680.755005, 1.189691, 1.935471
1685.479614, -1.925312, -0.069644
1690.164185, 2.281223, 1.168362
1694.888794, -0.517206, -0.584332
1699.613403, 2.030846, 0.980913
1704.297974, -2.948065, -0.686572
1709.022583, 0.649296, 1.019585
1713.747192, -2.109278, -1.191786
1718.431763, 0.716730, 0.152282
1723.156372, -1.942356, -0.849163
1727.880981, 0.021687, 2.368981
1732.605591, 0.239813, -2.351306
1737.290161, 0.449407, 2.273627
1742.014771, 1.682950, -1.858818
1746.739380, 1.429277, 1.690895
1751.423950, -2.199168, -0.200952
1756.148560, 1.901675, 1.592666
1760.873169, -0.517098, -0.514347
1765.557739, 1.981937, 0.965054
1770.282349, 2.517049, -1.298890
1775.006958, 1.295552, 1.492869
1779.731567, -0.240083, -2.340282
1784.416138, -0.837605, 2.244661
1789.140747, -1.084876, -2.004595
1793.865356, 2.177090, 0.187379
1798.549927, -1.982021, -1.527353
1803.274536, 0.502336, 0.584303
1807.999146, -2.027356, -0.980105
1812.683716, 3.030780, 0.746786
1817.408325, -0.736624, -1.132287
1822.132935, 2.094224, 1.280525
1826.817505, -0.594931, -0.304067
1831.542114, 1.957873, 0.895374
1836.266724, 0.779682, -2.275158
1840.991333, 1.063415, 2.020923
1845.675903, -2.335397, -0.273974
1850.400513, 1.013875, 2.113289
1855.125122, -1.710102, 0.009439
1859.809692, 2.252935, 0.997983
1864.534302, -0.722176, -0.162821
1869.258911, 1.960297, 0.844791
1873.943481, 0.075294, -2.371979
1878.668091, -0.164446, 2.352553
1883.392700, -0.267257, -2.317128
1888.077271, -0.866383, 2.235966
1892.801880, -1.063353, -2.013208
1897.526489, 2.172204, 0.184516
1902.251099, -2.032650, -1.503141
1906.935669, 0.495208, 0.586335
1911.660278, -2.017473, -0.986130
1916.384888, 3.000575, 0.724667
1921.069458, -0.670214, -1.067573
1925.794067, 2.093969, 1.230276
1930.518677, -0.661548, -0.228998
1935.203247, 1.937511, 0.872803
1939.927856, 0.295749, -2.364763
1944.652466, 0.402959, 2.286801
1949.377075, 1.284705, -2.071486
1954.061646, 1.317542, 1.818921
1958.786255, -1.801899, -0.023287
1963.510864, 2.309035, 1.056783
1968.195435, -0.571283, -0.372225
1972.920044, 1.977084, 0.914303
1977.644653, 1.325476, -2.062218
1982.329224, 1.303338, 1.823579
1987.053833, -1.827687, -0.032143
1991.778442, 2.306503, 1.078560
1996.463013, -0.546697, -0.422620
2001.187622, 1.980734, 0.933797
2005.912231, 1.811314, -1.789599
2010.636841, 1.438710, 1.656542
2015.321411, -2.532751, -0.397744
2020.046021, 2.302543, 0.266987
2024.770630, -1.331480, -1.955563
2029.455200, 0.984590, -0.028410
2034.179810, -1.970810, -0.800634
2038.904419, 0.246891, 2.345677
2043.588989, 1.026673, -2.179977
2048.313477, 1.179869, 1.938406
2053.038086, -1.914163, -0.064779
2057.762695, 2.320057, 1.148772
2062.447266, -0.514716, -0.568167
2067.171875, 2.020199, 0.978706
2071.896484, -3.101769, -0.799033
2076.581055, 0.775212, 1.183779
2081.305664, -2.060002, -1.335550
2086.030273, 0.577933, 0.364349
2090.714844, -1.957750, -0.914126
2095.439453, -1.168401, 2.134769
2100.164062, -1.276809, -1.870211
2104.848633, 1.834777, 0.033168
2109.573242, -2.291419, -1.088086
2114.297852, 0.552879, 0.444519
2119.022461, -2.006686, -0.929750
2123.707031, -1.967817, 1.688669
2128.431641, -1.412641, -1.634314
2133.156250, 3.028449, 0.741312
2137.840820, -0.697444, -1.100691
2142.565430, 2.090537, 1.256135
2147.290039, -0.629611, -0.274019
2151.974609, 1.943634, 0.886081
2156.699219, 0.540888, -2.331744
2161.423828, 0.778151, 2.161116
2166.108398, 2.956103, -0.960065
2170.833008, 1.017462, 1.356012
2175.557617, -1.752691, -1.650988
2180.282227, 0.618482, 0.272967
2184.966797, -1.943656, -0.883355
2189.691406, -0.444569, 2.347804
2194.416016, -0.680792, -2.201133
2199.100586, -2.472529, 1.323837
2203.825195, -1.303608, -1.511281
2208.549805, -0.087221, 2.367176
2213.234375, -0.028849, -2.345581
2217.958984, -0.282469, 2.348665
2222.683594, -0.467629, -2.270771
2227.408203, -1.560169, 1.929481
2232.092773, -1.380398, -1.734025
2236.817383, 2.042582, 0.122945
2241.541992, -2.251415, -1.291975
2246.226562, 0.499262, 0.674373
2250.951172, -2.038261, -1.019759
2255.675781, 2.198433, 0.206331
2260.360352, -1.890774, -1.594384
2265.084961, 0.508362, 0.518627
2269.809570, -2.008841, -0.958718
2274.494141, -2.620708, 1.221427
2279.218750, -1.236545, -1.478362
2283.943359, 0.656555, 2.238306
2288.667969, 2.813430, -1.067467
2293.352539, 1.092116, 1.401627
2298.077148, -1.514276, -1.816598
2302.801758, 0.794131, 0.080856
2307.486328, -1.931586, -0.827308
2312.210938, 0.314144, 2.333698
2316.935547, 1.352941, -2.037952
2321.620117, 1.319469, 1.807916
2326.344727, -1.821643, -0.030064
2331.069336, 2.304402, 1.074200
2335.793945, -0.567631, -0.423353
2340.478516, 1.977483, 0.930345
2345.203125, 1.705391, -1.854713
2349.927734, 1.431185, 1.686500
2354.612305, -2.252474, -0.229952
2359.336914, 1.666907, 1.753354
2364.061523, -0.597278, -0.297820
2368.746094, 1.942722, 0.892821
2373.470703, 0.600749, -2.319766
2378.195312, 0.856051, 2.126770
2382.879883, -3.018309, -0.729875
2387.604492, 0.718554, 1.115373
2392.329102, -2.095700, -1.266334
2397.053711, 0.618870, 0.296154
2401.738281, -1.952423, -0.889946
2406.462891, -0.649196, 2.309012
2411.187500, -0.932350, -2.091128
2415.872070, 2.767507, 0.550947
2420.596680, -0.544082, -0.573530
2425.321289, 2.035487, 0.977885
2430.005859, -2.912697, -0.661125
2434.730469, 0.614597, 0.958698
2439.455078, -2.106457, -1.153264
2444.139648, 0.826673, 0.065606
2448.864258, -1.946519, -0.824629
2453.588867, 0.229989, 2.347867
2458.313477, 0.935969, -2.213155
2462.998047, 1.160059, 1.949342
2467.722656, -1.931200, -0.071491
2472.447266, 2.310549, 1.166960
2477.131836, -0.508010, -0.589157
2481.856445, 2.019469, 0.988857
2486.581055, -2.887831, -0.643358
2491.265625, 0.566327, 0.872819
2495.990234, -2.080725, -1.112071
2500.714844, 1.050479, -0.027803
2505.439453, -2.011092, -0.799384
2510.124023, -0.135559, 2.372598
2514.848633, -0.049623, -2.345240
2519.573242, -0.153253, 2.354420
2524.257812, -0.286604, -2.311493
2528.982422, -1.051012, 2.171636
2533.707031, -1.245691, -1.899368
2538.391602, 1.860391, 0.042639
2543.116211, -2.296902, -1.108306
2547.840820, 0.540915, 0.491727
2552.525391, -1.981583, -0.958154
2557.250000, -2.410529, 1.377673
2561.974609, -1.334055, -1.521374
2566.699219, -0.429543, 2.345365
2571.383789, -0.680792, -2.197367
2576.108398, -2.681828, 1.167488
2580.833008, -1.220295, -1.437534
2585.517578, 1.010769, 2.094327
2590.242188, -1.770646, -0.009226
2594.966797, 2.296830, 1.033162
2599.651367, -0.608108, -0.298601
2604.375977, 1.961350, 0.892725
2609.100586, 0.773401, -2.276945
2613.785156, 0.985462, 2.052461
2618.509766, -2.340051, -0.276735
2623.234375, 0.970424, 2.132772
2627.958984, -1.875052, -0.047305
2632.643555, 2.288483, 1.120233
2637.368164, -0.532017, -0.509160
2642.092773, 2.016024, 0.953748
2646.777344, 2.615259, -1.225525
2651.501953, 1.243041, 1.475515
2656.226562, -0.666886, -2.235229
2660.911133, -2.853296, 1.037174
2665.635742, -1.096996, -1.398522
2670.360352, 1.527256, 1.809516
2675.084961, -0.789209, -0.086152
2679.769531, 1.934916, 0.827040
2684.494141, -0.317594, -2.333228
2689.218750, -1.313627, 2.057102
2693.903320, -1.318755, -1.814032
2698.627930, 1.808342, 0.025451
2703.352539, -2.306782, -1.062616
2708.037109, 0.563861, 0.384753
2712.761719, -1.976480, -0.919878
2717.486328, -1.450585, 1.998717
2722.170898, -1.330328, -1.787740
2726.895508, 1.895447, 0.058232
2731.620117, -2.305483, -1.137487
2736.344727, 0.533242, 0.551305
2741.029297, -2.001348, -0.975199
2745.753906, -2.962911, 0.962737
2750.478516, -1.026011, -1.334782
2755.163086, 1.767307, 1.630466
2759.887695, -0.594038, -0.299505
2764.612305, 1.967771, 0.886381
2769.296875, 0.701908, -2.296127
2774.021484, 0.897540, 2.103292
2778.746094, -2.753158, -0.541312
2783.470703, 0.569275, 0.489271
2788.155273, -1.996639, -0.953148
2792.879883, -2.474509, 1.330411
2797.604492, -1.321281, -1.494602
2802.289062, -0.007917, 2.364235
2807.013672, 0.258743, -2.349835
2811.738281, 0.468353, 2.271315
2816.422852, 1.572561, -1.922418
2821.147461, 1.382198, 1.744833
2825.872070, -1.968434, -0.089619
2830.556641, 2.259927, 1.216157
2835.281250, -0.508112, -0.631926
2840.005859, 2.035748, 1.000951
2844.730469, -2.537770, -0.405629
2849.415039, 2.404104, 0.326013
2854.139648, 0.256081, -2.371119
2858.864258, 0.367464, 2.295979
2863.548828, 1.139552, -2.135808
2868.273438, 1.250254, 1.887417
2872.998047, -1.823235, -0.030481
2877.682617, 2.279029, 1.080597
2882.407227, -0.557135, -0.416887
2887.131836, 1.992568, 0.925108
2891.816406, 1.758413, -1.822692
2896.541016, 1.391940, 1.702923
2901.265625, -2.275862, -0.243394
2905.990234, 1.578313, 1.812969
2910.674805, -0.674739, -0.174909
2915.399414, 1.943167, 0.852254
2920.124023, -0.057227, -2.366808
2924.808594, -0.356690, 2.341466
2929.533203, -0.536601, -2.249395
2934.257812, -1.960775, 1.684460
2938.942383, -1.380768, -1.638909
2943.666992, -3.125982, 0.836639
2948.391602, -0.870393, -1.240560
2953.116211, 2.030875, 1.405493
2957.800781, -0.552367, -0.390040
2962.525391, 1.979732, 0.918387
2967.250000, 1.391916, -2.029025
2971.934570, 1.331570, 1.796156
2976.659180, -1.863467, -0.045939
2981.383789, 2.313866, 1.107024
2986.068359, -0.527251, -0.489667
2990.792969, 1.997300, 0.954613
2995.517578, 2.443051, -1.353572
3000.202148, 1.278163, 1.524341
3004.926758, 0.144543, -2.366713
3009.651367, 0.123014, 2.338146
3014.375977, 0.338264, -2.345187
3019.060547, 0.598582, 2.227875
3023.785156, 2.328493, -1.429247
3028.509766, 1.368675, 1.529873
3033.194336, 0.939844, -2.220249
3037.918945, 1.121678, 1.978340
3042.643555, -2.067786, -0.132733
3047.328125, 2.184900, 1.336656
3052.052734, -0.503036, -0.678669
3056.777344, 2.046142, 1.017818
3066.186523, 1.944012, 1.558364
3070.911133, -0.507719, -0.553063
3075.635742, 2.023609, 0.967165
3080.320312, 2.932559, -0.985711
3085.044922, 1.043914, 1.361518
3089.769531, -1.727891, -1.673345
3094.454102, 0.630802, 0.231497
3099.178711, -1.946952, -0.871087
3103.903320, -0.245963, 2.368422
3108.587891, -0.322776, -2.302519
3113.312500, -1.242352, 2.090946
3118.037109, -1.313165, -1.838196
3122.761719, 1.790365, 0.019726
3127.446289, -2.280659, -1.053800
3132.170898, 0.589116, 0.351689
3136.895508, -1.986411, -0.900896
3141.580078, -1.166375, 2.135706
3146.304688, -1.248194, -1.887129
3151.029297, 1.846644, 0.039093
3155.713867, -2.281921, -1.099418
3160.438477, 0.542106, 0.461494
3165.163086, -2.001821, -0.939736
3169.847656, -2.174031, 1.547820
3174.572266, -1.377182, -1.593651
3179.296875, -2.222466, 1.510025
3184.021484, -1.399001, -1.553670
3188.706055, -1.657663, 1.879669
3193.430664, -1.400443, -1.717418
3198.155273, 2.110610, 0.156109
3202.839844, -2.124578, -1.403376
3207.564453, 0.501745, 0.664629
3212.289062, -2.044999, -1.010912
3216.973633, 2.306235, 0.264935
3221.698242, -1.234074, -2.004890
3226.422852, 1.095359, -0.054864
3231.147461, -2.018561, -0.795092
3235.832031, -0.182953, 2.371593
3240.556641, -0.157719, -2.333379
3245.281250, -0.453523, 2.331664
3249.965820, -0.739505, -2.174426
3254.690430, -2.968907, 0.950533
3259.415039, -1.017359, -1.330665
3264.099609, 1.780663, 1.619043
3268.824219, -0.587675, -0.309965
3273.548828, 1.968384, 0.890281
3278.233398, 0.782176, -2.274429
3282.958008, 0.968537, 2.066250
3287.682617, -2.488164, -0.366522
3292.407227, -2.410718, 1.379763
3297.091797, -1.299139, -1.523976
3301.816406, -0.253561, 2.362828
3306.541016, -0.406854, -2.286978
3311.225586, -1.296079, 2.065877
3315.950195, -1.314043, -1.830781
3320.674805, 1.791084, 0.019760
3325.359375, -2.273243, -1.056354
3330.083984, 0.585515, 0.351371
3334.808594, -1.980281, -0.903977
3339.493164, -1.198170, 2.121780
3344.217773, -1.242325, -1.886928
3348.942383, 1.838476, 0.035779
3353.666992, -2.316732, -1.084437
3358.351562, 0.543457, 0.444612
3363.076172, -1.992120, -0.937368
3367.800781, -1.980251, 1.680114
3372.485352, -1.382069, -1.633941
3377.209961, -3.027945, 0.910118
3381.934570, -0.965750, -1.302822
3386.619141, 1.863923, 1.546386
3391.343750, -0.562276, -0.361562
3396.068359, 1.975896, 0.907761
3400.792969, 1.109719, -2.159356
3405.477539, 1.237666, 1.889848
3410.202148, -1.840521, -0.036454
3414.926758, 2.315591, 1.086440
3419.611328, -0.541570, -0.448113
3424.335938, 1.991704, 0.939121
3429.060547, 2.020443, -1.653212
3433.745117, 1.376757, 1.625409
3438.469727, 2.836617, -1.054753
3443.194336, 1.119397, 1.392654
3447.878906, -1.470363, -1.838529
3452.603516, 0.798744, 0.070022
3457.328125, -1.947504, -0.820290
3462.052734, 0.365230, 2.324487
3466.737305, 1.427001, -2.000376
3471.461914, 1.361530, 1.782406
3476.186523, -1.840101, -0.037843
3480.871094, 2.283910, 1.093981
3485.595703, -0.546679, -0.451170
3490.320312, 2.001777, 0.935214
3495.004883, 2.064689, -1.623521
3499.729492, 1.394696, 1.618299
3504.454102, 2.846575, -1.047164
3509.178711, 1.118954, 1.378522
3513.863281, -1.545499, -1.792965
3518.587891, 0.743594, 0.117729
3523.312500, -1.954326, -0.829311
3527.997070, 0.201533, 2.351228
3532.721680, 1.009753, -2.186641
3537.446289, 1.226340, 1.914308
3542.130859, -1.891817, -0.054776
3546.855469, 2.297055, 1.135787
3551.580078, -0.529976, -0.543030
3556.264648, 1.992455, 0.975839
3560.989258, 2.911488, -1.001641
3565.713867, 1.063457, 1.365913
3570.438477, -1.703729, -1.693112
3575.123047, 0.652434, 0.206477
3579.847656, -1.948377, -0.861164
3584.572266, -0.094211, 2.372658
3589.256836, -0.047781, -2.344207
3593.981445, -0.288981, 2.348461
3598.706055, -0.508201, -2.259768
3603.390625, -1.751326, 1.817576
3608.115234, -1.402456, -1.695207
3612.839844, 2.282462, 0.247208
3617.524414, -1.473454, -1.868197
3622.249023, 0.710794, 0.139576
3626.973633, -1.944157, -0.840255
3631.698242, 0.202979, 2.351856
3636.382812, 0.791612, -2.257947
3641.107422, 1.041902, 2.029370
3645.832031, -2.289016, -0.248035
3650.516602, 1.459267, 1.877856
3655.241211, -0.735824, -0.118994
3659.965820, 1.948310, 0.832029
3664.650391, -0.191140, -2.352378
3669.375000, -1.036541, 2.176478
3674.099609, -1.222431, -1.913888
3678.824219, 1.881317, 0.052310
3683.508789, -2.290940, -1.126442
3688.233398, 0.530591, 0.522118
3692.958008, -2.021061, -0.957071
3697.642578, -2.731017, 1.138259
3702.367188, -1.182860, -1.438312
3707.091797, 1.166541, 2.021150
3711.776367, -1.464077, 0.065309
3716.500977, 2.153416, 0.873635
3721.225586, -2.286169, -0.255035
3725.910156, 1.426566, 1.895949
3730.634766, -0.761451, -0.095575
3735.359375, 1.944896, 0.827215
3740.083984, -0.329699, -2.331424
3744.768555, -1.271998, 2.076594
3749.493164, -1.314292, -1.833664
3754.217773, 1.788659, 0.019030
3758.902344, -2.276045, -1.053672
3763.626953, 0.589345, 0.346991
3768.351562, -1.982183, -0.901184
3773.036133, -1.148443, 2.143417
3777.760742, -1.227477, -1.900987
3782.485352, 1.861997, 0.044588
3787.169922, -2.278224, -1.113527
3791.894531, 0.532240, 0.487746
3796.619141, -2.003693, -0.950440
3801.343750, -2.389195, 1.393010
3806.028320, -1.304792, -1.530120
3810.752930, -0.396647, 2.349538
3815.477539, -0.630712, -2.219652
3820.162109, -2.256966, 1.480587
3824.886719, -1.367904, -1.564965
3829.611328, -1.564339, 1.933178
3834.295898, -1.358770, -1.748885
3839.020508, 2.022536, 0.113249
3843.745117, -2.256526, -1.271494
3848.469727, 0.521322, 0.675541
3853.154297, -2.028074, -1.020782
3857.878906, 2.238261, 0.227538
3862.603516, -1.767840, -1.691615
3867.288086, 0.551679, 0.362180
3872.012695, -1.968287, -0.911115
3876.737305, -1.116470, 2.156651
3881.421875, -1.220701, -1.898819
3886.146484, 1.844327, 0.037473
3890.871094, -2.308505, -1.091520
3895.555664, 0.535917, 0.453396
3900.280273, -1.986717, -0.944055
3905.004883, -2.104801, 1.595774
3909.729492, -1.420435, -1.582998
3914.414062, -2.433060, 1.357671
3919.138672, -1.322182, -1.518693
3923.863281, -0.312362, 2.358603
3928.547852, -0.488604, -2.261448
3933.272461, -1.876754, 1.739148
3937.997070, -1.431009, -1.643711
3942.681641, 2.720016, 0.521819
3947.406250, -0.578029, -0.413478
3952.130859, 1.996969, 0.924601
3956.855469, 1.772186, -1.813760
3961.540039, 1.395765, 1.680096
3966.264648, -2.499217, -0.376674
3970.989258, -2.857358, 1.045072
3975.673828, -1.063301, -1.388921
3980.398438, 1.600373, 1.758895
3985.123047, -0.710203, -0.153240
3989.807617, 1.928803, 0.848684
3994.532227, -0.118419, -2.361241
3999.256836, -0.615198, 2.302203
4003.941406, -0.885780, -2.106771
4008.666016, 2.667932, 0.483071
4013.390625, -0.735915, -0.169867
4018.115234, 1.971934, 0.844352
4022.799805, 0.151866, -2.372013
4027.524414, 0.081556, 2.342230
4032.249023, 0.246692, -2.351608
4036.933594, 0.442838, 2.275053
4041.658203, 1.681284, -1.859799
4046.382812, 1.424825, 1.694412
4051.067383, -2.186403, -0.194094
4055.791992, 1.940777, 1.562793
4060.516602, -0.510666, -0.547488
4065.201172, 1.987121, 0.977726
4069.925781, 2.861635, -1.039362
4074.650391, 1.100057, 1.387914
4079.375000, -1.582835, -1.776145
4084.059570, 0.748409, 0.107286
4088.784180, -1.942029, -0.832340
4093.508789, 0.275319, 2.340930
4098.193359, 1.102151, -2.150534
4102.917969, 1.229177, 1.903398
4107.642578, -1.844936, -0.038219
4112.327148, 2.279968, 1.098416
4117.051758, -0.542310, -0.457786
4121.776367, 1.999605, 0.939252
4126.500977, 2.081979, -1.611248
4131.185547, 1.379147, 1.602428
4135.910156, 2.416399, -1.369855
4140.634766, 1.342029, 1.508645
4145.319336, 0.358615, -2.353710
4150.043945, 0.494498, 2.261629
4154.768555, 1.743301, -1.822586
4159.453125, 1.385754, 1.692305
4164.177734, -2.389771, -0.309297
4168.902344, 0.208167, 2.354969
4173.586914, 0.940304, -2.210941
4178.311523, 1.120626, 1.977838
4183.036133, -2.031427, -0.115466
4187.760742, 2.265925, 1.274692
4192.445312, -0.501497, -0.671509
4197.169922, 2.039917, 1.017679
4201.894531, -2.221462, -0.218654
4206.579102, 1.807331, 1.654839
4211.303711, -0.526699, -0.446221
4216.028320, 1.994716, 0.933317
4220.712891, 1.896255, -1.735613
4225.437500, 1.402962, 1.661650
4230.162109, -2.690205, -0.501777
4234.886719, 0.678121, 0.246278
4239.571289, -1.955238, -0.874214
4244.295898, -0.463225, 2.345069
4249.020508, -0.721944, -2.185742
4253.705078, -2.622702, 1.211915
4258.429688, -1.240761, -1.468067
4263.154297, 0.749034, 2.206763
4267.838867, -3.068559, -0.766102
4272.563477, 0.772913, 1.168313
4277.288086, -2.079651, -1.316468
4281.972656, 0.572865, 0.342570
4286.697266, -1.964255, -0.907344
4291.421875, -1.059450, 2.179802
4296.146484, -1.250643, -1.897085
4300.831055, 1.889321, 0.054214
4305.555664, -2.303484, -1.131759
4310.280273, 0.533784, 0.540387
4314.964844, -1.996968, -0.972373
4319.689453, -2.864890, 1.036870
4324.414062, -1.101945, -1.379952
4329.098633, 1.551018, 1.786615
4333.823242, -0.724889, -0.131187
4338.547852, 1.947917, 0.836396
4343.232422, -0.135304, -2.358965
4347.957031, -0.848982, 2.241056
4352.681641, -1.098457, -1.996799
4357.406250, 2.147174, 0.171999
4362.090820, -2.060961, -1.463650
4366.815430, 0.501887, 0.633285
4371.540039, -2.040326, -0.997459
4376.224609, 2.582997, 0.434522
4380.949219, -1.329714, 0.055014
4385.673828, 2.110096, 0.838434
4390.358398, 2.565955, -1.263046
4395.083008, 1.263475, 1.492147
4399.807617, -0.391728, -2.311383
4404.532227, -1.504118, 1.959838
4409.216797, -1.372490, -1.749445
4413.941406, 1.966442, 0.088534
4418.666016, -2.301831, -1.203111
4423.350586, 0.504632, 0.629053
4428.075195, -2.029809, -1.002502
4432.799805, 2.546916, 0.411458
4437.484375, -2.136296, -0.177576
4442.208984, 2.066223, 1.463622
4446.933594, -0.506688, -0.631190
4451.618164, 2.007083, 1.007773
4456.342773, -2.622097, -0.460268
4461.067383, 0.974553, 0.009566
4465.791992, -1.995486, -0.805277
4470.476562, -0.014497, 2.370704
4475.201172, 0.272975, -2.348889
4479.925781, 0.504051, 2.261392
4484.610352, 1.700511, -1.848287
4489.334961, 1.403549, 1.705395
4494.059570, -2.183595, -0.193427
4498.744141, 1.947956, 1.551246
4503.468750, -0.501398, -0.563518
4508.193359, 2.018335, 0.974813
4512.877930, 3.068631, -0.883205
4517.602539, 0.921697, 1.296396
4522.327148, -1.928940, -1.501958
4527.051758, 0.565447, 0.383255
4531.736328, -1.962703, -0.918401
4536.460938, -1.272253, 2.087809
4541.185547, -1.330106, -1.825574
4545.870117, 1.813496, 0.026123
4550.594727, -2.292697, -1.070245
4555.319336, 0.569670, 0.404018
4560.003906, -1.965436, -0.928306
4564.728516, -1.575324, 1.930689
4569.453125, -1.395458, -1.737112
4574.177734, 1.999948, 0.103815
4578.862305, -2.255182, -1.247009
4583.586914, 0.512141, 0.658420
4588.311523, -2.050121, -1.006620
4592.996094, 2.334917, 0.281529
4597.720703, -0.953693, -2.139538
4602.445312, 1.900734, 0.057225
4607.129883, -2.281968, -1.144726
4611.854492, 0.521129, 0.548272
4616.579102, -2.020321, -0.969435
4621.263672, -3.010113, 0.927199
4625.988281, -0.975032, -1.330266
4630.712891, 1.844294, 1.578264
4635.437500, -0.584251, -0.337506
4640.122070, 1.954625, 0.903354
4644.846680, 0.888972, -2.241539
4649.571289, 1.132370, 1.977426
4654.255859, -2.117978, -0.156313
4658.980469, 2.123725, 1.414284
4663.705078, -0.509246, -0.660513
4668.389648, 2.015449, 1.018275
4673.114258, -2.369986, -0.302172
4677.838867, 0.505813, 2.295828
4682.563477, 2.204505, -1.517047
4687.248047, 1.358991, 1.569006
4691.972656, 1.576290, -1.926505
4696.697266, 1.417562, 1.721242
4701.381836, -2.022571, -0.113026
4706.106445, 2.248553, 1.274636
4710.831055, -0.517316, -0.674547
4715.515625, 2.022194, 1.023063
4720.240234, -2.234729, -0.225494
4724.964844, 1.768596, 1.689253
4729.649414, -0.545083, -0.370124
4734.374023, 1.964873, 0.916338
4739.098633, 1.213585, -2.114721
4743.823242, 1.320806, 1.838600
4748.507812, -1.816511, -0.027309
4753.232422, 2.298476, 1.071116
4757.957031, -0.569563, -0.411153
4762.641602, 1.971045, 0.928443
4767.366211, 1.616192, -1.907310
4772.090820, 1.411992, 1.718178
4776.775391, -2.068302, -0.134368
4781.500000, 2.194598, 1.339203
4786.224609, -0.511371, -0.680943
4790.909180, 2.018244, 1.027584
4795.633789, -2.189321, -0.201088
4800.358398, 1.940301, 1.567191
4805.083008, -0.517093, -0.538689
4809.767578, 1.993233, 0.970497
4814.492188, 2.736631, -1.133912
4819.216797, 1.189228, 1.423606
4823.901367, -1.187181, -2.005606
4828.625977, 1.279718, -0.075370
4833.350586, -2.080791, -0.819575
4838.035156, -1.673734, 1.874305
4842.759766, -1.386422, -1.724639
4847.484375, 2.113571, 0.157367
4852.208984, -2.163266, -1.393246
4856.893555, 0.496755, 0.660078
4861.618164, -2.037240, -1.012413
4866.342773, 2.338641, 0.284135
4871.027344, -0.979251, -2.127193
4875.751953, 1.724847, -0.005871
4880.476562, -2.283515, -1.001417
4885.161133, 0.687192, 0.192422
4889.885742, -1.950028, -0.859514
4894.610352, -0.155930, 2.372156
4899.294922, -0.138124, -2.334027
4904.019531, -0.607609, 2.304042
4908.744141, -0.889453, -2.111204
4913.468750, 2.859374, 0.615623
4918.153320, -0.549176, -0.787412
4922.877930, 2.073446, 1.068045
4927.602539, -1.387667, 0.058205
4932.287109, 2.113863, 0.856879
4937.011719, -3.068673, -0.775328
4941.736328, 0.781918, 1.159482
4946.420898, -2.048171, -1.323430
4951.145508, 0.580891, 0.341246
4955.870117, -1.975493, -0.900846
4960.554688, -1.071562, 2.175114
4965.279297, -1.175180, -1.938122
4970.003906, 1.932512, 0.072253
4974.728516, -2.313487, -1.167280
4979.413086, 0.509459, 0.591349
4984.137695, -2.022471, -0.988374
4988.862305, 2.877010, 0.635639
4993.546875, -0.559793, -0.845031
4998.271484, 2.079191, 1.097044
5002.996094, -1.145938, 0.048403
5007.680664, 2.011457, 0.813734
5012.405273, 0.620328, -2.315996
5017.129883, 0.861244, 2.123567
5021.854492, -2.997265, -0.714803
5026.539062, 0.665109, 1.051294
5031.263672, -2.101910, -1.216226
5035.988281, 0.680487, 0.208877
5040.672852, -1.940259, -0.864446
5045.397461, -0.177285, 2.371480
5050.122070, -0.207877, -2.326727
5054.806641, -0.624289, 2.300216
5059.531250, -0.864784, -2.120730
5064.255859, 2.873586, 0.625658
5068.940430, -0.553351, -0.834596
5073.665039, 2.072487, 1.094121
5078.389648, -1.182197, 0.054285
5083.114258, 2.052823, 0.807929
5087.798828, 0.892377, -2.240931
5092.523438, 1.089182, 1.999511
5097.248047, -2.172627, -0.185067
5101.932617, 1.990592, 1.519540
5106.657227, -0.500688, -0.591628
5111.381836, 2.027347, 0.983633
5116.066406, -2.954348, -0.691094
5120.791016, 0.655351, 1.030834
5125.515625, -2.107797, -1.199939
5130.240234, 0.707387, 0.180806
5134.924805, -1.942008, -0.854323
5139.649414, -0.042033, 2.371669
5144.374023, 0.076718, -2.353000
5149.058594, 0.142147, 2.335000
5153.783203, 0.561005, -2.313452
5158.507812, 0.872530, 2.120959
5163.192383, -2.964332, -0.690577
5167.916992, 0.662572, 1.037615
5172.641602, -2.110130, -1.203988
5177.326172, 0.690594, 0.179042
5182.050781, -1.944326, -0.856750
5186.775391, -0.079223, 2.372456
5191.500000, -0.033645, -2.347452
5196.184570, -0.088860, 2.352618
5200.909180, -0.066752, -2.344437
5205.633789, -0.214057, 2.352990
5210.318359, -0.387948, -2.289109
5215.042969, -1.455271, 1.986331
5219.767578, -1.388807, -1.760371
5224.452148, 1.874004, 0.049313
5229.176758, -2.295752, -1.121415
5233.901367, 0.534485, 0.516019
5238.585938, -1.985494, -0.967065
5243.310547, -2.653746, 1.196543
5248.035156, -1.229366, -1.457659
5252.759766, 0.893769, 2.150146
5257.444336, -2.449678, -0.341188
5262.168945, -1.351971, 2.051998
5266.893555, -1.354472, -1.800026
5271.578125, 1.833230, 0.033562
5276.302734, -2.295696, -1.086067
5281.027344, 0.555532, 0.443391
5285.711914, -1.972921, -0.941321
5290.436523, -1.937847, 1.708412
5295.161133, -1.420357, -1.636986
5299.885742, 2.933284, 0.672087
5304.570312, -0.605363, -0.949183
5309.294922, 2.099943, 1.149786
5314.019531, -0.849114, -0.062549
5318.704102, 1.944602, 0.822857
5323.428711, -0.226910, -2.348188
5328.153320, -0.980440, 2.197485
5332.837891, -1.169508, -1.939981
5337.562500, 1.896416, 0.057187
5342.287109, -2.309695, -1.136128
5346.971680, 0.513186, 0.540613
5351.696289, -2.004742, -0.973852
5356.420898, -2.957295, 0.966949
5361.145508, -1.032511, -1.334136
5365.830078, 1.769198, 1.630828
5370.554688, -0.596635, -0.298003
5375.279297, 1.970435, 0.884349
5379.963867, 0.674905, -2.302854
5384.688477, 0.885621, 2.110069
5389.413086, -2.829292, -0.594376
5394.097656, 0.533371, 0.718027
5398.822266, -2.052120, -1.041226
5403.546875, 1.758944, 0.016296
5408.271484, -2.303225, -1.028720
5412.956055, 0.617634, 0.290079
5417.680664, -1.967173, -0.886330
5422.405273, -0.675264, 2.302755
5427.089844, -0.933238, -2.083345
5431.814453, 2.570862, 0.419132
5436.539062, -1.657597, 0.007576
5441.223633, 2.234649, 0.975399
5445.948242, -0.834880, -0.070508
5450.672852, 1.962679, 0.819824
5455.357422, -0.146047, -2.357963
5460.082031, -0.876495, 2.232465
5464.806641, -1.122163, -1.982398
5469.531250, 2.091343, 0.144245
5474.215820, -2.165057, -1.366542
5478.940430, 0.506460, 0.676381
5483.665039, -2.052310, -1.013455
5488.349609, 2.218334, 0.216377
5493.074219, -1.816406, -1.653357
5497.798828, 0.535696, 0.439730
5502.483398, -1.967302, -0.939182
5507.208008, -1.770294, 1.815235
5511.932617, -1.421293, -1.679178
5516.617188, 2.368656, 0.296294
5521.341797, -0.463842, -2.305798
5526.066406, -2.185752, 1.530296
5530.791016, -1.406989, -1.560610
5535.475586, -1.884218, 1.739876
5540.200195, -1.414305, -1.655567
5544.924805, 2.695339, 0.505301
5549.609375, -0.663588, -0.244159
5554.333984, 1.961531, 0.874768
5559.058594, 0.496799, -2.339646
5563.743164, 0.710812, 2.183789
5568.467773, 2.888165, -1.011529
5573.192383, 1.079295, 1.372718
5577.916992, -1.665280, -1.720721
5582.601562, 0.680725, 0.173644
5587.326172, -1.946074, -0.850916
5592.050781, 0.057268, 2.366846
5596.735352, 0.336073, -2.343498
5601.459961, 0.518142, 2.255363
5606.184570, 1.853352, -1.754075
5610.869141, 1.388418, 1.663306
5615.593750, -2.732444, -0.530514
5620.318359, 0.577562, 0.436895
5625.002930, -1.976717, -0.939900
5629.727539, -2.001657, 1.666098
5634.452148, -1.415342, -1.621969
5639.176758, -3.070055, 0.878402
5643.861328, -0.884252, -1.272230
5648.585938, 1.970927, 1.457364
5653.310547, -0.560704, -0.396239
5657.995117, 1.963726, 0.923606
5662.719727, 1.404079, -2.023022
5667.444336, 1.366925, 1.784117
5672.128906, -1.849788, -0.039788
5676.853516, 2.294801, 1.100506
5681.578125, -0.544948, -0.473933
5686.262695, 1.976880, 0.952661
5690.987305, 2.242291, -1.499466
5695.711914, 1.378840, 1.564105
5700.436523, 1.619583, -1.901631
5705.121094, 1.380216, 1.723737
5709.845703, -2.132923, -0.166947
5714.570312, 2.116389, 1.431649
5719.254883, -0.491820, -0.640281
5723.979492, 2.026966, 1.007602
5728.704102, -2.493074, -0.377294
5733.388672, -2.700660, 1.163918
5738.113281, -1.196312, -1.454350
5742.837891, 1.007617, 2.098531
5747.562500, -1.922150, -0.066652
5752.247070, 2.286545, 1.162722
5756.971680, -0.520146, -0.579646
5761.696289, 2.033156, 0.977573
5766.380859, -3.002516, -0.726136
5771.105469, 0.707334, 1.094302
5775.830078, -2.107344, -1.246228
5780.514648, 0.626568, 0.258561
5785.239258, -1.954057, -0.879892
5789.963867, -0.472571, 2.343575
5794.648438, -0.670480, -2.199194
5799.373047, -2.732436, 1.129293
5804.097656, -1.183866, -1.430886
5808.822266, 1.217601, 1.995041
5813.506836, -1.356893, 0.074992
5818.231445, 2.107630, 0.839077
5822.956055, 2.595637, -1.240527
5827.640625, 1.218562, 1.478261
5832.365234, -0.714993, -2.217721
5837.089844, 3.098485, 0.788424
5841.774414, -0.766133, -1.181535
5846.499023, 2.054867, 1.334831
5851.223633, -0.577219, -0.360136
5855.948242, 1.988557, 0.901627
5860.632812, 1.160864, -2.138059
5865.357422, 1.257997, 1.882058
5870.082031, -1.844803, -0.038619
5874.766602, 2.286447, 1.096612
5879.491211, -0.545237, -0.459156
5884.215820, 2.005063, 0.937023
5888.900391, 2.132218, -1.576998
5893.625000, 1.389283, 1.599215
5898.349609, 2.437087, -1.354578
5903.034180, 1.280600, 1.524359
5907.758789, 0.163102, -2.366408
5912.483398, 0.167166, 2.332510
5917.208008, 0.463690, -2.330242
5921.892578, 0.762460, 2.165297
5926.617188, 3.044639, -0.893543
5931.341797, 0.950808, 1.286872
5936.026367, -1.903495, -1.512953
5940.750977, 0.558556, 0.377838
5945.475586, -1.983238, -0.910831
5950.160156, -1.312009, 2.068980
5954.884766, -1.299562, -1.839076
5959.609375, 1.814264, 0.027645
5964.293945, -2.274081, -1.074858
5969.018555, 0.562440, 0.398717
5973.743164, -1.986173, -0.920686
5978.467773, -1.533602, 1.953716
5983.152344, -1.365742, -1.750440
5987.876953, 2.001450, 0.103886
5992.601562, -2.280987, -1.242710
5997.286133, 0.500383, 0.656210
6002.010742, -2.033043, -1.013796
6006.735352, 2.324937, 0.276170
6011.419922, -1.099025, -2.071136
6016.144531, 1.343560, -0.075812
6020.869141, -2.105592, -0.834229
6025.593750, -2.401164, 1.384736
6030.278320, -1.303274, -1.524821
6035.002930, -0.295450, 2.359884
6039.727539, -0.485921, -2.266041
6044.412109, -1.604203, 1.904552
6049.136719, -1.393286, -1.731559
6053.861328, 2.019443, 0.112517
6058.545898, -2.232748, -1.273700
6063.270508, 0.506684, 0.668195
6067.995117, -2.045812, -1.013309
6072.679688, 2.249373, 0.233082
6077.404297, -1.644838, -1.765346
6082.128906, 0.600314, 0.286257
6086.853516, -1.969939, -0.879175
6091.538086, -0.558876, 2.328250
6096.262695, -0.770881, -2.163028
6100.987305, -2.945626, 0.968138
6105.671875, -0.990800, -1.347422
6110.396484, 1.785842, 1.622326
6115.121094, -0.598453, -0.302725
6119.805664, 1.943277, 0.895236
6124.530273, 0.665729, -2.305096
6129.254883, 0.916159, 2.097328
6138.664062, 0.538887, 0.580259
6143.388672, -2.030182, -0.983678
6148.113281, 2.854614, 0.619756
6152.797852, -0.547818, -0.786831
6157.522461, 2.071967, 1.068324
6162.247070, -1.390295, 0.058141
6166.931641, 2.113953, 0.857934
6171.656250, -3.034492, -0.750198
6176.380859, 0.744935, 1.123305
6181.065430, -2.061901, -1.287367
6185.790039, 0.603800, 0.300601
6190.514648, -1.968124, -0.888589
6195.239258, -0.695348, 2.297749
6199.923828, -0.961405, -2.069196
6204.648438, 2.491616, 0.368631
6209.373047, 2.564480, -1.265868
6214.057617, 1.234629, 1.486390
6218.782227, -0.573581, -2.263881
6223.506836, -2.468891, 1.326009
6228.191406, -1.270811, -1.512111
6232.916016, 0.071056, 2.359437
6237.640625, 0.415874, -2.335962
6242.325195, 0.656161, 2.205701
6247.049805, 2.686482, -1.163942
6251.774414, 1.210482, 1.445229
6256.499023, -1.049083, -2.080448
6261.183594, 1.853974, 0.038327
6265.908203, -2.302039, -1.100048
6270.632812, 0.546994, 0.479194
6275.317383, -1.983406, -0.951659
6280.041992, -2.266407, 1.482179
6284.766602, -1.380705, -1.551543
6289.451172, -1.452710, 1.994107
6294.175781, -1.345899, -1.789600
6298.900391, 1.855722, 0.043344
6303.625000, -2.321244, -1.098383
6308.309570, 0.534653, 0.477846
6313.034180, -2.001154, -0.947329
6317.758789, -2.293315, 1.462614
6322.443359, -1.332830, -1.554369
6327.167969, -1.045834, 2.181265
6331.892578, -1.231716, -1.908749
6336.577148, 1.895305, 0.056216
6341.301758, -2.296494, -1.139109
6346.026367, 0.528876, 0.548293
6350.710938, -1.993307, -0.977824
6355.435547, -2.963230, 0.962537
6360.160156, -1.021597, -1.342332
6364.884766, 1.804794, 1.617234
6369.569336, -0.597271, -0.286672
6374.293945, 1.958978, 0.885964
6379.018555, 0.559761, -2.328109
6383.703125, 0.807597, 2.143671
6388.427734, -3.033323, -0.741073
6393.152344, 0.740061, 1.115014
6397.836914, -2.066437, -1.279338
6402.561523, 0.610160, 0.291768
6407.286133, -1.968162, -0.885140
6411.970703, -0.721377, 2.291106
6416.695312, -0.905336, -2.098685
6421.419922, 2.701946, 0.506241
6426.144531, -0.645923, -0.293364
6430.829102, 1.958688, 0.890011
6435.553711, 0.768907, -2.278264
6440.278320, 1.036820, 2.034758
6444.962891, -2.389496, -0.305680
6449.687500, 0.154634, 2.361392
6454.412109, 0.773317, -2.263432
6459.096680, 1.026172, 2.031605
6463.821289, -2.217139, -0.207961
6468.545898, 1.859778, 1.626104
6473.270508, -0.531302, -0.470247
6477.955078, 1.979975, 0.946077
6482.679688, 2.033069, -1.644799
6487.404297, 1.426875, 1.602589
6492.088867, 2.856809, -1.039462
6496.813477, 1.099537, 1.393231
6501.538086, -1.554800, -1.793227
6506.222656, 0.767738, 0.089722
6510.947266, -1.938659, -0.829218
6515.671875, 0.303102, 2.336027
6520.356445, 1.268640, -2.078010
6525.081055, 1.289374, 1.849140
6529.805664, -1.788585, -0.018457
6534.530273, 2.308369, 1.046100
6539.214844, -0.586084, -0.344103
6543.939453, 1.974065, 0.904274
6548.664062, 1.082381, -2.170589
6553.348633, 1.210913, 1.908115
6558.073242, -1.860765, -0.043679
6562.797852, 2.312308, 1.104435
6567.482422, -0.528158, -0.483476
6572.207031, 1.994821, 0.953139
6576.931641, 2.388302, -1.393806
6581.656250, 1.355951, 1.512321
6586.340820, 0.507233, -2.333110
6591.065430, 0.732967, 2.179461
6595.790039, 2.762072, -1.106903
6600.474609, 1.125497, 1.421685
6605.199219, -1.365173, -1.908524
6609.923828, 0.989943, -0.023008
6614.608398, -1.962164, -0.804612
6619.333008, 0.191485, 2.353168
6624.057617, 0.875658, -2.233010
6628.742188, 1.097345, 1.987760
6633.466797, -2.031850, -0.115204
6638.191406, 2.249845, 1.281373
6642.916016, -0.520794, -0.678770
6647.600586, 2.028407, 1.022144
6652.325195, -2.214670, -0.214796
6657.049805, 1.871159, 1.621152
6661.734375, -0.516993, -0.457813
6666.458984, 1.987341, 0.942442
6671.183594, 1.997844, -1.668382
6675.868164, 1.378116, 1.631564
6680.592773, 2.957236, -0.963450
6685.317383, 1.026501, 1.341821
6690.001953, -1.740812, -1.648379
6694.726562, 0.599298, 0.285239
6699.451172, -1.960706, -0.884463
6704.175781, -0.538820, 2.332097
6708.860352, -0.795209, -2.149741
6713.584961, 3.106727, 0.795202
6718.309570, -0.819089, -1.189332
6722.994141, 2.032545, 1.357401
6727.718750, -0.567609, -0.369279
6732.443359, 1.982430, 0.908580
6737.127930, 1.276253, -2.086046
6741.852539, 1.282965, 1.853666
6746.577148, -1.815319, -0.027825
6751.301758, 2.315744, 1.065740
6755.986328, -0.561184, -0.400399
6760.710938, 1.985588, 0.921705
6765.435547, 1.554125, -1.942326
6770.120117, 1.367069, 1.745823
6774.844727, -2.026110, -0.115112
6779.569336, 2.261796, 1.272727
6784.253906, -0.498161, -0.668662
6788.978516, 2.034357, 1.019017
6793.703125, -2.231256, -0.223850
6798.387695, 1.750432, 1.692046
6803.112305, -0.538887, -0.401224
6807.836914, 1.980932, 0.920967
6812.561523, 1.425528, -2.011677
6817.246094, 1.345399, 1.782065
6821.970703, -1.890950, -0.056870
6826.695312, 2.316354, 1.130304
6831.379883, -0.517841, -0.534959
6836.104492, 2.008775, 0.969198
6840.829102, 2.879599, -1.025629
6845.513672, 1.043161, 1.383392
6850.238281, -1.634192, -1.733703
6854.962891, 0.677051, 0.186802
6859.647461, -1.926605, -0.860785
6864.372070, -0.030922, 2.371046
6869.096680, 0.206399, -2.352093
6873.821289, 0.404020, 2.288544
6878.505859, 1.271909, -2.077246
6883.230469, 1.310356, 1.836154
6887.955078, -1.789881, -0.019373
6892.639648, 2.275013, 1.054897
6897.364258, -0.587574, -0.349254
6902.088867, 1.981539, 0.902449
6906.773438, 1.172359, -2.133120
6911.498047, 1.235635, 1.893694
6916.222656, -1.849291, -0.039813
6920.947266, 2.320006, 1.092613
6925.631836, -0.538033, -0.465014
6930.356445, 1.997924, 0.943318
6935.081055, 2.170015, -1.550256
6939.765625, 1.359970, 1.585088
6944.490234, 1.899705, -1.729794
6949.214844, 1.430904, 1.638746
6953.899414, -2.803474, -0.579625
6958.624023, 0.540662, 0.697597
6963.348633, -2.060757, -1.026827
6968.033203, 1.907069, 0.068812
6972.757812, -2.288930, -1.156938
6977.482422, 0.522669, 0.570867
6982.207031, -2.033138, -0.973468
6986.891602, 3.091436, 0.791489
6991.616211, -0.802678, -1.191084
6996.340820, 2.071238, 1.340532
7001.025391, -0.563867, -0.363851
7005.750000, 1.971438, 0.912171
7010.474609, 1.205606, -2.118259
7015.159180, 1.256539, 1.867590
7019.883789, -1.816403, -0.027540
7024.608398, 2.303342, 1.069770
7029.333008, -0.571666, -0.412082
7034.017578, 1.975198, 0.926707
7038.742188, 1.602961, -1.914861
7043.466797, 1.419204, 1.715713
7048.151367, -2.062223, -0.131635
7052.875977, 2.208944, 1.327484
7057.600586, -0.515005, -0.682442
7062.285156, 2.023158, 1.026073
7067.009766, -2.184873, -0.198866
7071.734375, 1.965144, 1.550870
7076.418945, -0.495783, -0.541761
7081.143555, 2.000781, 0.973709
7085.868164, 2.871571, -1.031742
7090.592773, 1.100796, 1.371130
7095.277344, -1.594686, -1.759232
7100.001953, 0.699021, 0.159830
7104.726562, -1.954366, -0.842112
7109.411133, 0.058884, 2.366081
7114.135742, 0.521155, -2.319901
7118.860352, 0.825289, 2.142460
7123.544922, 3.136690, -0.824550
7128.269531, 0.853562, 1.241053
7132.994141, -2.019059, -1.407582
7137.678711, 0.548411, 0.385829
7142.403320, -1.969735, -0.921975
7147.127930, -1.411011, 2.019392
7151.852539, -1.382171, -1.773227
7156.537109, 1.861011, 0.044430
7161.261719, -2.301768, -1.108276
7165.986328, 0.542625, 0.495110
7170.670898, -1.986265, -0.957285
7175.395508, -2.424673, 1.367239
7180.120117, -1.333844, -1.513205
7184.804688, -0.379999, 2.351205
7189.529297, -0.496312, -2.260370
7194.253906, -1.813593, 1.779188
7198.978516, -1.444835, -1.649545
7203.663086, 2.562038, 0.416652
7208.387695, -1.709459, -0.006073
7213.112305, 2.283900, 0.999602
7217.796875, -0.696888, -0.183471
7222.521484, 1.952146, 0.855449
7227.246094, 0.103574, -2.372711
7231.930664, 0.047707, 2.343991
7236.655273, 0.312652, -2.346596
7241.379883, 0.529394, 2.253060
7246.064453, 1.872734, -1.741609
7250.789062, 1.402738, 1.666021
7255.513672, -2.611437, -0.449127
7260.238281, 1.133713, -0.035675
7264.922852, -2.017311, -0.814059
7269.647461, -0.626378, 2.314647
7274.372070, -0.904480, -2.104757
7279.056641, 2.869521, 0.622549
7283.781250, -0.575563, -0.859040
7288.505859, 2.096082, 1.098095
7293.190430, -1.101523, 0.044506
7297.915039, 2.007189, 0.807253
7302.639648, 0.321466, -2.363035
7307.364258, 0.529475, 2.253438
7312.048828, 1.735957, -1.827013
7316.773438, 1.416156, 1.688837
7321.498047, -2.283800, -0.248117
7326.182617, 1.493497, 1.858045
7330.907227, -0.707287, -0.146906
7335.631836, 1.951154, 0.839033
7340.316406, -0.112296, -2.361471
7345.041016, -0.717166, 2.278187
7349.765625, -1.012186, -2.048872
7354.450195, 2.426294, 0.327709
7359.174805, 0.759876, -2.283775
7363.899414, 0.992741, 2.056741
7368.624023, -2.502321, -0.375603
7373.308594, -2.751907, 1.125165
7378.033203, -1.172915, -1.429671
7382.757812, 1.250079, 1.977023
7387.442383, -1.268996, 0.076543
7392.166992, 2.067238, 0.820082
7396.891602, 1.486692, -1.979898
7401.576172, 1.345282, 1.772196
7406.300781, -1.935122, -0.074732
7411.025391, 2.302869, 1.174063
7415.709961, -0.503912, -0.594067
7420.434570, 2.015560, 0.993119
7425.159180, -2.826632, -0.600028
7429.883789, 0.559748, 0.736981
7434.568359, -2.048743, -1.048809
7439.292969, 1.681327, -0.007248
7444.017578, -2.270787, -0.979816
7448.702148, 0.774371, 0.110434
7453.426758, -1.949491, -0.834899
7458.151367, 0.139323, 2.359498
7462.835938, 0.642306, -2.295546
7467.560547, 0.879467, 2.113419
7472.285156, -2.803493, -0.576220
7477.009766, 0.553772, 0.656820
7481.694336, -2.033378, -1.014910
7486.418945, 2.240920, 0.229034
7491.143555, -1.756553, -1.699291
7495.828125, 0.557330, 0.350554
7500.552734, -1.966667, -0.907111
7505.277344, -1.017956, 2.195760
7509.961914, -1.171687, -1.936610
7514.686523, 1.913703, 0.064229
7519.411133, -2.308330, -1.151986
7524.095703, 0.508815, 0.565554
7528.820312, -2.010345, -0.982480
7533.544922, 3.090301, 0.790616
7538.269531, -0.806818, -1.173470
7542.954102, 2.048430, 1.337298
7547.678711, -0.575553, -0.358334
7552.403320, 1.984195, 0.903182
7557.087891, 1.169598, -2.134299
7561.812500, 1.248192, 1.886768
7566.537109, -1.845465, -0.038640
7571.221680, 2.281245, 1.098612
7575.946289, -0.542503, -0.459223
7580.670898, 2.000890, 0.939219
7585.355469, 2.154954, -1.561183
7590.080078, 1.379441, 1.599011
7594.804688, 2.350413, -1.418082
7599.529297, 1.364796, 1.523573
7604.213867, 0.781283, -2.270454
7608.938477, 1.008936, 2.046940
7613.663086, -2.402501, -0.314097
7618.347656, 0.038891, 2.371308
7623.072266, 0.507338, -2.322055
7627.796875, 0.802607, 2.152184
7632.481445, 3.056122, -0.884766
7637.206055, 0.931045, 1.299272
7641.930664, -1.923525, -1.508817
7646.655273, 0.567455, 0.380420
7651.339844, -1.963914, -0.916531
7656.064453, -1.236341, 2.104434
7660.789062, -1.322191, -1.834967
7665.473633, 1.814436, 0.026466
7670.198242, -2.295115, -1.070317
7674.922852, 0.569907, 0.406312
7679.607422, -1.967698, -0.928109
7684.332031, -1.585806, 1.924732
7689.056641, -1.401614, -1.731016
7693.741211, 2.015478, 0.109409
7698.465820, -2.244081, -1.269740
7703.190430, 0.512550, 0.670052
7707.915039, -2.054480, -1.010075
7712.599609, 2.252939, 0.235274
7717.324219, -1.651407, -1.763528
7722.048828, 0.607855, 0.280875
7726.733398, -1.941221, -0.886980
7731.458008, -0.485419, 2.341456
7736.182617, -0.721976, -2.184751
7740.867188, -2.683385, 1.166230
7745.591797, -1.204431, -1.455756
7750.316406, 0.969641, 2.116049
7755.041016, -2.069064, -0.132083
7759.725586, 2.197510, 1.331538
7764.450195, -0.509021, -0.680949
7769.174805, 2.054940, 1.014745
7773.859375, -2.179446, -0.195794
7778.583984, 1.963472, 1.547894
7783.308594, -0.512071, -0.560180
7787.993164, 1.994323, 0.980006
7792.717773, 2.970018, -0.957387
7797.442383, 1.017720, 1.335588
7802.126953, -1.764803, -1.630053
7806.851562, 0.590774, 0.301311
7811.576172, -1.964334, -0.888952
7816.300781, -0.643334, 2.310278
7820.985352, -0.911444, -2.095093
7825.709961, 2.664303, 0.480813
7830.434570, -0.772003, -0.139118
7835.119141, 1.945455, 0.844466
7839.843750, 0.016368, -2.370769
7844.568359, -0.183806, 2.353021
7849.252930, -0.318594, -2.304550
7853.977539, -1.217171, 2.102309
7858.702148, -1.308400, -1.844176
7863.386719, 1.791482, 0.017900
7868.111328, -2.283000, -1.054688
7872.835938, 0.587874, 0.356210
7877.560547, -1.988758, -0.901526
7882.245117, -1.193751, 2.123717
7886.969727, -1.266174, -1.873558
7891.694336, 1.832464, 0.034068
7896.378906, -2.282566, -1.087389
7901.103516, 0.551598, 0.435532
7905.828125, -1.998149, -0.930264
7910.512695, -1.919766, 1.720348
7915.237305, -1.401782, -1.656246
7919.961914, 2.771562, 0.557567
7924.686523, -0.557106, -0.560834
7929.371094, 2.011776, 0.978674
7934.095703, -3.094461, -0.793732
7938.820312, 0.810501, 1.179788
7943.504883, -2.041687, -1.345187
7948.229492, 0.572181, 0.362474
7952.954102, -1.982967, -0.905515
7957.638672, -1.212663, 2.115294
7962.363281, -1.261530, -1.874074
7967.087891, 1.828981, 0.032612
7971.772461, -2.277128, -1.085988
7976.497070, 0.551800, 0.427690
7981.221680, -1.992579, -0.929760
7985.946289, -1.797040, 1.798330
7990.630859, -1.393702, -1.675573
7995.355469, 2.564527, 0.418401
8000.080078, -1.748252, -0.018240
8004.764648, 2.266796, 1.032002
8009.489258, -0.630467, -0.275454
8014.213867, 1.970880, 0.878772
8018.898438, 0.641413, -2.310765
8023.623047, 0.835035, 2.133218
8028.347656, -3.002028, -0.718242
8033.032227, 0.666392, 1.070267
8037.756836, -2.086959, -1.234595
8042.481445, 0.657571, 0.230606
8047.206055, -1.967515, -0.862677
8051.890625, -0.326258, 2.361995
8056.615234, -0.421218, -2.281562
8061.339844, -1.420787, 2.004358
8066.024414, -1.341787, -1.783523
8070.749023, 1.869691, 0.048357
8075.473633, -2.311337, -1.113196
8080.158203, 0.523139, 0.499814
8084.882812, -1.997207, -0.959211
8089.607422, -2.553977, 1.271253
8094.332031, -1.289984, -1.471511
8099.016602, 0.453134, 2.296064
8103.741211, 1.991087, -1.663884
8108.465820, 1.432401, 1.609452
8113.150391, 3.044231, -0.897870
8117.875000, 0.946142, 1.303104
8122.599609, -1.918566, -1.517306
8127.284180, 0.556544, 0.362698
8132.008789, -1.967483, -0.912806
8136.733398, -1.172823, 2.132735
8141.417969, -1.236655, -1.883170
8146.142578, 1.824719, 0.030265
8150.867188, -2.302366, -1.076816
8155.591797, 0.564757, 0.427904
8160.276367, -1.976308, -0.932900
8165.000977, -1.758467, 1.822474
8169.725586, -1.430678, -1.675061
8174.410156, 2.366943, 0.295435
8179.134766, -0.533411, -2.288104
8183.859375, -2.461479, 1.331248
8188.543945, -1.272400, -1.515237
8193.268555, 0.015837, 2.363237
8197.993164, 0.265598, -2.349738
8202.717773, 0.520278, 2.257157
8207.402344, 1.714208, -1.840117
8212.126953, 1.413751, 1.695287
8216.851562, -2.232619, -0.219778
8221.536133, 1.776276, 1.676995
8226.260742, -0.537055, -0.416741
8230.985352, 1.989980, 0.922849
8235.669922, 1.610962, -1.910421
8240.394531, 1.382116, 1.739583
8245.119141, -2.022279, -0.113663
8249.803711, 2.226524, 1.278749
8254.528320, -0.504534, -0.668905
8259.252930, 2.043121, 1.014927
8263.977539, -2.247798, -0.232993
8268.662109, 1.695496, 1.731659
8273.386719, -0.570398, -0.338850
8278.111328, 1.976494, 0.896925
8282.795898, 0.943522, -2.223042
8287.520508, 1.117695, 1.980546
8292.245117, -2.085172, -0.141111
8296.929688, 2.162854, 1.362068
8301.654297, -0.502084, -0.676195
8306.378906, 2.045683, 1.016607
8311.063477, -2.203916, -0.208457
8315.788086, 1.858254, 1.621330
8320.512695, -0.520104, -0.483834
8325.237305, 2.008040, 0.943170
8329.921875, 2.236107, -1.503873
8334.646484, 1.376331, 1.569032
8339.371094, 1.702011, -1.853153
8344.055664, 1.382612, 1.704890
8348.780273, -2.288926, -0.250597
8353.504883, 1.463582, 1.880206
8358.189453, -0.779849, -0.077182
8362.914062, 1.936595, 0.826458
8367.638672, -0.334470, -2.330174
8372.363281, -1.342931, 2.042888
8377.047852, -1.335724, -1.799182
8381.772461, 1.825378, 0.031861
8386.497070, -2.313578, -1.074917
8391.181641, 0.551452, 0.420176
8395.906250, -1.986250, -0.929836
8400.630859, -1.754031, 1.825052
8405.315430, -1.382147, -1.694217
8410.040039, 2.408714, 0.320654
8414.764648, 0.196722, -2.374333
8419.449219, 0.201636, 2.324776
8424.173828, 0.813577, -2.252376
8428.898438, 1.072340, 2.012771
8433.623047, -2.223818, -0.212200
8438.307617, 1.825325, 1.643731
8443.032227, -0.524986, -0.458663
8447.756836, 2.000252, 0.935921
8452.441406, 2.000047, -1.667196
8457.166016, 1.404985, 1.630655
8461.890625, 3.140419, -0.825850
8466.575195, 0.813071, 1.224708
8471.299805, -2.022575, -1.386636
8476.024414, 0.562992, 0.388402
8480.749023, -1.993526, -0.910561
8485.433594, -1.385258, 2.032683
8490.158203, -1.344882, -1.800921
8494.882812, 1.835271, 0.035955
8499.567383, -2.285753, -1.089307
8504.291992, 0.550747, 0.442390
8509.016602, -2.001837, -0.931328
8513.701172, -1.971481, 1.686274
8518.425781, -1.404566, -1.639525
8523.150391, 3.002199, 0.722114
8527.834961, -0.668932, -1.071175
8532.559570, 2.089124, 1.234488
8537.284180, -0.657029, -0.232501
8542.008789, 1.969272, 0.862454
8546.693359, 0.328497, -2.361807
8551.417969, 0.437259, 2.277601
8556.142578, 1.465281, -1.981120
8560.827148, 1.355785, 1.767212
8565.551758, -1.913355, -0.065915
8570.276367, 2.310919, 1.151908
8574.960938, -0.510132, -0.566866
8579.685547, 2.012895, 0.981796
8584.410156, -3.086720, -0.787961
8589.094727, 0.757101, 1.176564
8593.819336, -2.054992, -1.329836
8598.543945, 0.578999, 0.354265
8603.268555, -1.985597, -0.900791
8607.953125, -1.126016, 2.152866
8612.677734, -1.234073, -1.899635
8617.402344, 1.868458, 0.047298
8622.086914, -2.285006, -1.117130
8626.811523, 0.532526, 0.500099
8631.536133, -2.011577, -0.951924
8636.220703, -2.538754, 1.282806
8640.945312, -1.275080, -1.499393
8645.669922, 0.243866, 2.339240
8650.394531, 0.893717, -2.227463
8655.079102, 1.141324, 1.963230
8659.803711, -1.977650, -0.091299
8664.528320, 2.297771, 1.213531
8669.212891, -0.503723, -0.638200
8673.937500, 2.031653, 1.005932
8678.662109, -2.471590, -0.363926
8683.346680, -1.969170, 1.690415
8688.071289, -1.403161, -1.641865
8692.795898, 2.981907, 0.707312
8697.480469, -0.648375, -1.042152
8702.205078, 2.091064, 1.213337
8706.929688, -0.690719, -0.191875
8711.654297, 1.965209, 0.850483
8716.338867, 0.137565, -2.372179
8721.063477, 0.046869, 2.345401
8725.788086, 0.156881, -2.354333
8730.472656, 0.284959, 2.311681
8735.197266, 1.058452, -2.168734
8739.921875, 1.245714, 1.898599
8744.606445, -1.856778, -0.041210
8749.331055, 2.295353, 1.105626
8754.055664, -0.541912, -0.485134
8758.740234, 1.979145, 0.956463
8763.464844, 2.351478, -1.420838
8768.189453, 1.351137, 1.537332
8772.914062, 0.847597, -2.250687
8777.598633, 1.085186, 1.997342
8782.323242, -2.108164, -0.151982
8787.047852, 2.165780, 1.386181
8791.732422, -0.493306, -0.662918
8796.457031, 2.032469, 1.016219
8801.181641, -2.300423, -0.262179
8805.866211, 1.323407, 1.954733
8810.590820, -0.897450, -0.009883
8815.315430, 1.959538, 0.804733
8820.040039, -0.393987, -2.318619
8824.724609, -1.540612, 1.939635
8829.449219, -1.389298, -1.745642
8834.173828, 1.944126, 0.079394
8838.858398, -2.276306, -1.188171
8843.583008, 0.514447, 0.608102
8848.307617, -2.036266, -0.989411
8852.992188, 2.737925, 0.538263
8857.716797, -0.556579, -0.487648
8862.441406, 2.013566, 0.948926
8867.125977, 2.551515, -1.273311
8871.850586, 1.268002, 1.497748
8876.575195, -0.297887, -2.330068
8881.299805, -1.125333, 2.141568
8885.984375, -1.256021, -1.875891
8890.708984, 1.800593, 0.022160
8895.433594, -2.307395, -1.055783
8900.118164, 0.572404, 0.368327
8904.842773, -1.975300, -0.913619
8909.567383, -1.298552, 2.075245
8914.251953, -1.291276, -1.834717
8918.976562, 1.819614, 0.029040
8923.701172, -2.303897, -1.072487
8928.425781, 0.569137, 0.418933
8933.110352, -1.976497, -0.928958
8937.834961, -1.665275, 1.878608
8942.559570, -1.427047, -1.697898
8947.244141, 2.169714, 0.185448
8951.968750, -2.002333, -1.518109
8956.693359, 0.509707, 0.588615
8961.377930, -2.000673, -0.990295
8966.102539, 3.032417, 0.748007
8970.827148, -0.742266, -1.120856
8975.511719, 2.062244, 1.285204
8980.236328, -0.605551, -0.297470
8984.960938, 1.967358, 0.887781
8989.685547, 0.676057, -2.302536
8994.370117, 0.942195, 2.079252
8999.094727, -2.554363, -0.408505
9003.819336, 1.980057, 0.105073
9008.503906, -2.256876, -1.234053
9013.228516, 0.510337, 0.646773
9017.953125, -2.043981, -1.003991
9022.637695, 2.416795, 0.329937
9027.362305, 0.597979, -2.323463
9032.086914, 0.836015, 2.135412
9036.771484, -3.089554, -0.782281
9041.496094, 0.793716, 1.194641
9046.220703, -2.057849, -1.347182
9050.945312, 0.574789, 0.375279
9055.629883, -1.963189, -0.915741
9060.354492, -1.235268, 2.104949
9065.079102, -1.316800, -1.838382
9069.763672, 1.814920, 0.026508
9074.488281, -2.293207, -1.071198
9079.212891, 0.568722, 0.406790
9083.897461, -1.966166, -0.929103
9088.622070, -1.598970, 1.917247
9093.346680, -1.399954, -1.729706
9098.071289, 2.033258, 0.119037
9102.755859, -2.230622, -1.287260
9107.480469, 0.510588, 0.675036
9112.205078, -2.053608, -1.012816
9116.889648, 2.214312, 0.214238
9121.614258, -1.835132, -1.640609
9126.338867, 0.531483, 0.455615
9131.023438, -1.971125, -0.944189
9135.748047, -1.920529, 1.719715
9140.472656, -1.424440, -1.638706
9145.157227, 2.854289, 0.615397
9149.881836, -0.563682, -0.835680
9154.606445, 2.086096, 1.089008
9159.331055, -1.183542, 0.052703
9164.015625, 2.031510, 0.815285
9168.740234, 0.879610, -2.245081
9173.464844, 1.125673, 1.981734
9178.149414, -2.137227, -0.166001
9182.874023, 2.084936, 1.449273
9187.598633, -0.508102, -0.641412
9192.283203, 2.011180, 1.010795
9197.007812, -2.536291, -0.404508
9201.732422, 2.221063, 0.222155
9206.416992, -1.781874, -1.669899
9211.141602, 0.527723, 0.431031
9215.866211, -1.985794, -0.931371
9220.590820, -1.711659, 1.850724
9225.275391, -1.387114, -1.700242
9230.000000, 2.323046, 0.270138
9234.724609, -1.181974, -2.034121
9239.409180, 1.292924, -0.077979
9244.133789, -2.075301, -0.824869
9248.858398, -1.754968, 1.825012
9253.542969, -1.377552, -1.697390
9258.267578, 2.397800, 0.314026
9262.992188, -0.022831, -2.372645
9267.716797, -0.260421, 2.350165
9272.401367, -0.491294, -2.262035
9277.125977, -1.846089, 1.758695
9281.850586, -1.438612, -1.645977
9286.535156, 2.643609, 0.470232
9291.259766, -0.828240, -0.088374
9295.984375, 1.968560, 0.824272
9300.668945, -0.051746, -2.366657
9305.393555, -0.529919, 2.318278
9310.118164, -0.820654, -2.143885
9314.802734, 3.136182, 0.816833
9319.527344, -0.841943, -1.235718
9324.251953, 2.021901, 1.400247
9328.976562, -0.564067, -0.396694
9333.661133, 1.966761, 0.922546
9338.385742, 1.406338, -2.021837
9343.110352, 1.373884, 1.779294
9347.794922, -1.854291, -0.041666
9352.519531, 2.298075, 1.103485
9357.244141, -0.544098, -0.482640
9361.928711, 1.981029, 0.954395
9366.653320, 2.315265, -1.447065
9371.377930, 1.364278, 1.543370
9376.102539, 1.068834, -2.172133
9380.787109, 1.224933, 1.901131
9385.511719, -1.848723, -0.039406
9390.236328, 2.316962, 1.092918
9394.920898, -0.537008, -0.463247
9399.645508, 1.995156, 0.943977
9404.370117, 2.165625, -1.553375
9409.054688, 1.357245, 1.589194
9413.779297, 1.962297, -1.688812
9418.503906, 1.424072, 1.626203
9423.188477, -3.037893, -0.748158
9427.913086, 0.741280, 1.141588
9432.637695, -2.086989, -1.290450
9437.362305, 0.600877, 0.326408
9442.046875, -1.956454, -0.899628
9446.771484, -0.857538, 2.251700
9451.496094, -1.111695, -1.990688
9456.180664, 2.175440, 0.185658
9460.905273, -1.987484, -1.528965
9465.629883, 0.509386, 0.579485
9470.314453, -1.997231, -0.987667
9475.039062, 3.116358, 0.809939
9479.763672, -0.830786, -1.207638
9484.448242, 2.011161, 1.381511
9489.172852, -0.559847, -0.378035
9493.897461, 1.978925, 0.914006
9498.622070, 1.290957, -2.078771
9503.306641, 1.304008, 1.827959
9508.031250, -1.820863, -0.029834
9512.755859, 2.310541, 1.071810
9517.440430, -0.554035, -0.410342
9522.165039, 1.982493, 0.927588
9526.889648, 1.673715, -1.873533
9531.574219, 1.371713, 1.719221
9536.298828, -2.210321, -0.207151
9541.023438, 1.879818, 1.611881
9545.748047, -0.527249, -0.487480
9550.432617, 1.983601, 0.951949
9555.157227, 2.206434, -1.524779
9559.881836, 1.399993, 1.560667
9564.566406, 1.803475, -1.791164
9569.291016, 1.409807, 1.679090
9574.015625, -2.430064, -0.333893
9578.700195, -0.657701, 2.310080
9583.424805, -0.848031, -2.127182
9588.149414, 2.962360, 0.689417
9592.833984, -0.627443, -1.008751
9597.558594, 2.091373, 1.190793
9602.283203, -0.737631, -0.144111
9607.007812, 1.962821, 0.836701
9611.692383, -0.039912, -2.367526
9616.416992, -0.435713, 2.332992
9621.141602, -0.735706, -2.181001
9625.826172, -2.723082, 1.136293
9630.550781, -1.184538, -1.440185
9635.275391, 1.144485, 2.032294
9639.959961, -1.515749, 0.057407
9644.684570, 2.176588, 0.894157
9649.409180, -1.749313, -0.014453
9654.133789, 2.300468, 1.022782
9658.818359, -0.630473, -0.270176
9663.542969, 1.964342, 0.880165
9668.267578, 0.546140, -2.330750
9672.952148, 0.799318, 2.147716
9677.676758, -3.081442, -0.776494
9682.401367, 0.792061, 1.165981
9687.085938, -2.046758, -1.330329
9691.810547, 0.577720, 0.348969
9696.535156, -1.978309, -0.902483
9701.219727, -1.121480, 2.154773
9705.944336, -1.208688, -1.914485
9710.668945, 1.883517, 0.052715
9715.393555, -2.321027, -1.121612
9720.078125, 0.522680, 0.522960
9724.802734, -2.009642, -0.963277
9729.527344, -2.746148, 1.126570
9734.211914, -1.136417, -1.430636
9738.936523, 1.295908, 1.948386
9743.661133, -1.107075, 0.055391
9748.345703, 1.994578, 0.805640
9753.070312, 0.242478, -2.368951
9757.794922, 0.312307, 2.307485
9762.479492, 1.009555, -2.186983
9767.204102, 1.160754, 1.950455
9771.928711, -1.943511, -0.076761
9776.653320, 2.311512, 1.177787
9781.337891, -0.508138, -0.604370
9786.062500, 2.025737, 0.992862
9790.787109, -2.761876, -0.554886
9795.471680, 0.545211, 0.512191
9800.196289, -2.009561, -0.962127
9804.920898, -2.789329, 1.093991
9809.605469, -1.105708, -1.419883
9814.330078, 1.400985, 1.885557
9819.054688, -0.918471, -0.004841
9823.779297, 1.973883, 0.799544
9828.463867, -0.299902, -2.336134
9833.188477, -1.381669, 2.023602
9837.913086, -1.381274, -1.776549
9842.597656, 1.828785, 0.032297
9847.322266, -2.297641, -1.081951
9852.046875, 0.559400, 0.435640
9856.731445, -1.973479, -0.937678
9861.456055, -1.853850, 1.762780
9866.180664, -1.425316, -1.655903
9870.865234, 2.615537, 0.451456
9875.589844, -0.998629, 0.002449
9880.314453, 1.991091, 0.807655
9885.039062, 0.005622, -2.370851
9889.723633, -0.148110, 2.352357
9894.448242, -0.196098, -2.328618
9899.172852, -0.595061, 2.307141
9903.857422, -0.886519, -2.107755
9908.582031, 2.707979, 0.510231
9913.306641, -0.623440, -0.328670
9917.991211, 1.959122, 0.903608
9922.715820, 1.049163, -2.183951
9927.440430, 1.211884, 1.920041
9932.125000, -1.918827, -0.065434
9936.849609, 2.287665, 1.163009
9941.574219, -0.520793, -0.580477
9946.298828, 2.034468, 0.977310
9950.983398, -2.998949, -0.723539
9955.708008, 0.703919, 1.088246
9960.432617, -2.109912, -1.240827
9965.117188, 0.632539, 0.251178
9969.841797, -1.954195, -0.877068
9974.566406, -0.423822, 2.350789
9979.250977, -0.610884, -2.221227
9983.975586, -2.457254, 1.335159
9988.700195, -1.317823, -1.506448
9993.424805, -0.089764, 2.367356
