time,theta,omega
202.630020, 1.925312, 0.123691
207.349228, 1.670042, -1.663976
212.068436, 1.926635, 0.110154
216.787643, 1.647290, -1.666294
221.466858, 1.923907, 0.136251
226.186066, 1.691239, -1.661681
230.905273, 1.925407, 0.122780
235.624481, 1.668505, -1.664138
240.343689, 1.926719, 0.109240
245.062897, 1.645751, -1.666448
249.742111, 1.924016, 0.135346
254.461319, 1.689707, -1.661851
259.181732, 1.924848, 0.120967
263.902740, 1.665926, -1.662941
268.623749, 1.922829, 0.102709
273.304749, 1.703504, -1.658501
278.025757, 1.920714, 0.125296
282.746765, 1.674792, -1.661677
287.467773, 1.922414, 0.108190
292.148773, 1.712658, -1.657465
296.869781, 1.920148, 0.130777
301.590790, 1.684006, -1.660690
306.311798, 1.921907, 0.113692
311.032806, 1.655296, -1.663694
315.713806, 1.919515, 0.136233
320.434814, 1.693203, -1.659679
325.155823, 1.921374, 0.119187
329.876831, 1.664509, -1.662758
334.597839, 1.922940, 0.102030
339.278839, 1.702398, -1.658646
343.999847, 1.920811, 0.124669
348.720856, 1.673724, -1.661793
353.441864, 1.922469, 0.107546
358.122864, 1.711589, -1.657588
362.843872, 1.920216, 0.130139
367.564880, 1.682935, -1.660805
372.285889, 1.921965, 0.113051
377.006897, 1.654217, -1.663803
381.687897, 1.919595, 0.135599
386.408905, 1.692151, -1.659773
391.129913, 1.921394, 0.118508
395.850922, 1.663393, -1.662867
400.571930, 1.922994, 0.101363
405.252930, 1.701287, -1.658772
409.973938, 1.920882, 0.124008
414.694946, 1.672611, -1.661911
419.415955, 1.922528, 0.106881
424.096954, 1.710477, -1.657718
428.817963, 1.920291, 0.129479
433.538971, 1.681813, -1.660931
438.259979, 1.922038, 0.112390
442.980988, 1.653106, -1.663915
447.661987, 1.919670, 0.134940
452.382996, 1.691020, -1.659923
457.104004, 1.921508, 0.117884
461.825012, 1.662320, -1.662983
466.546021, 1.923048, 0.100720
471.227020, 1.700215, -1.658894
475.948029, 1.920949, 0.123369
480.669037, 1.671537, -1.662024
485.390045, 1.922582, 0.106238
490.071045, 1.709405, -1.657842
494.792053, 1.920361, 0.128842
499.513062, 1.680745, -1.661044
504.234070, 1.922094, 0.111747
508.955078, 1.652032, -1.664022
513.634827, 1.920110, 0.134993
518.352234, 1.690362, -1.662702
523.069641, 1.929258, 0.127187
527.787048, 1.674093, -1.665343
532.504456, 1.930395, 0.117409
537.221863, 1.657432, -1.667064
541.939270, 1.931250, 0.107411
546.656677, 1.640637, -1.668735
551.334106, 1.928186, 0.137060
556.051514, 1.690659, -1.663506
560.768921, 1.929309, 0.127156
565.486328, 1.673907, -1.665337
570.203735, 1.930339, 0.117219
574.921143, 1.657141, -1.667088
579.638550, 1.931267, 0.107243
584.355957, 1.640356, -1.668761
589.033386, 1.928203, 0.136894
593.750793, 1.690378, -1.663537
598.468201, 1.929326, 0.126991
603.185608, 1.673627, -1.665366
607.903015, 1.930354, 0.117052
612.620422, 1.656860, -1.667118
617.337830, 1.931280, 0.107076
622.055237, 1.640079, -1.668787
626.732666, 1.928220, 0.136727
631.450073, 1.690097, -1.663570
636.167480, 1.929346, 0.126825
640.884888, 1.673353, -1.665394
645.602295, 1.930366, 0.116884
650.319702, 1.656582, -1.667144
655.037109, 1.931295, 0.106908
659.714539, 1.706549, -1.661700
664.431946, 1.928243, 0.136563
669.149353, 1.689817, -1.663602
673.866760, 1.929365, 0.126659
678.584167, 1.673069, -1.665425
683.301575, 1.930385, 0.116718
688.018982, 1.656299, -1.667174
692.736389, 1.931310, 0.106742
697.413818, 1.706273, -1.661733
702.131226, 1.928261, 0.136397
706.848633, 1.689537, -1.663632
711.566040, 1.929382, 0.126493
716.283447, 1.672790, -1.665454
721.000854, 1.930402, 0.116551
725.718262, 1.656019, -1.667202
730.435669, 1.931323, 0.106574
735.113098, 1.705992, -1.661764
739.830505, 1.928279, 0.136231
744.547913, 1.689255, -1.663664
749.265320, 1.929400, 0.126327
753.982727, 1.672508, -1.665485
758.700134, 1.930416, 0.116385
763.417542, 1.655738, -1.667230
768.134949, 1.931339, 0.106405
772.812378, 1.705694, -1.661795
777.529785, 1.928295, 0.136049
782.247192, 1.688950, -1.663698
786.964600, 1.929419, 0.126145
791.682007, 1.672200, -1.665518
796.399414, 1.930438, 0.116204
801.116821, 1.655432, -1.667262
805.834229, 1.931353, 0.106225
810.511658, 1.705406, -1.661832
815.229065, 1.928323, 0.135886
819.946472, 1.688672, -1.663727
824.663879, 1.929436, 0.125979
829.381287, 1.671920, -1.665549
834.098694, 1.930451, 0.116036
838.816101, 1.655152, -1.667291
843.533508, 1.931365, 0.106057
848.210938, 1.705127, -1.661864
852.928345, 1.928340, 0.135720
857.645752, 1.688394, -1.663758
862.363159, 1.929451, 0.125813
867.080566, 1.671640, -1.665577
871.797974, 1.930468, 0.115870
876.515381, 1.654873, -1.667319
881.232788, 1.931381, 0.105889
885.910217, 1.704851, -1.661894
890.627625, 1.928355, 0.135553
895.345032, 1.688112, -1.663790
900.062439, 1.929472, 0.125646
904.779846, 1.671358, -1.665609
909.497253, 1.930485, 0.115705
914.214661, 1.654592, -1.667346
918.932068, 1.931396, 0.105722
923.609497, 1.704564, -1.661930
928.326904, 1.928382, 0.135390
933.044312, 1.687834, -1.663820
937.761719, 1.929488, 0.125481
942.479126, 1.671081, -1.665636
947.196533, 1.930499, 0.115536
951.913940, 1.654306, -1.667377
956.631348, 1.931413, 0.105556
961.308777, 1.704287, -1.661962
966.026184, 1.928398, 0.135222
970.743591, 1.687549, -1.663853
975.460999, 1.929509, 0.125315
980.178406, 1.670802, -1.665665
984.895813, 1.930513, 0.115370
989.613220, 1.654027, -1.667405
994.330627, 1.931425, 0.105387
999.008057, 1.704008, -1.661993
1003.725464, 1.928417, 0.135058
1008.442871, 1.687270, -1.663883
1013.160278, 1.929526, 0.125148
1017.877686, 1.670517, -1.665697
1022.595093, 1.930532, 0.115204
1027.317505, 1.656885, -1.663168
1032.002075, 1.914833, 0.130845
1036.726685, 1.686402, -1.657077
1041.451294, 1.913639, 0.105162
1046.135864, 1.711799, -1.653928
1050.860474, 1.912323, 0.120672
1055.585083, 1.671246, -1.658403
1060.269653, 1.910665, 0.136116
1064.994263, 1.697128, -1.655619
1069.718872, 1.913204, 0.111895
1074.443481, 1.656562, -1.659902
1079.128052, 1.911652, 0.127379
1083.852661, 1.682459, -1.657223
1088.577271, 1.913981, 0.103081
1093.261841, 1.708318, -1.654356
1097.986450, 1.912563, 0.118613
1102.711060, 1.667782, -1.658765
1107.395630, 1.910906, 0.134059
1112.120239, 1.693663, -1.656003
1116.844849, 1.913396, 0.109819
1121.529419, 1.719507, -1.653060
1126.254028, 1.911873, 0.125313
1130.978638, 1.678994, -1.657591
1135.703247, 1.914151, 0.100995
1140.387817, 1.704863, -1.654749
1145.112427, 1.912766, 0.116541
1149.837036, 1.664316, -1.659120
1154.521606, 1.911140, 0.131996
1159.246216, 1.690209, -1.656381
1163.970825, 1.913577, 0.107739
1168.655396, 1.716049, -1.653465
1173.380005, 1.912095, 0.123246
1178.104614, 1.675537, -1.657956
1182.829224, 1.914317, 0.098909
1187.513794, 1.701402, -1.655142
1192.238403, 1.912967, 0.114466
1196.963013, 1.660855, -1.659470
1201.647583, 1.911368, 0.129933
1206.372192, 1.686743, -1.656760
1211.096802, 1.913764, 0.105658
1215.781372, 1.712594, -1.653866
1220.505981, 1.912307, 0.121177
1225.230591, 1.672075, -1.658320
1229.915161, 1.910604, 0.136605
1234.639771, 1.697945, -1.655527
1239.364380, 1.913161, 0.112389
1244.088989, 1.657387, -1.659821
1248.773560, 1.911598, 0.127870
1253.498169, 1.683285, -1.657131
1258.222778, 1.913935, 0.103574
1262.907349, 1.709141, -1.654261
1267.631958, 1.912513, 0.119106
1272.356567, 1.668609, -1.658677
1277.041138, 1.910846, 0.134546
1281.765747, 1.694484, -1.655912
1286.490356, 1.913354, 0.110314
1291.174927, 1.720329, -1.652965
1295.899536, 1.911818, 0.125802
1300.624146, 1.679820, -1.657503
1305.348755, 1.914110, 0.101491
1310.033325, 1.705683, -1.654657
1314.757935, 1.912719, 0.117032
1319.482544, 1.665142, -1.659035
1324.167114, 1.911083, 0.132485
1328.891724, 1.691026, -1.656293
1333.616333, 1.913536, 0.108232
1338.300903, 1.716870, -1.653369
1343.025513, 1.912041, 0.123736
1347.750122, 1.676357, -1.657871
1352.474731, 1.914277, 0.099404
1357.159302, 1.702224, -1.655047
1361.883911, 1.912921, 0.114958
1366.608521, 1.661673, -1.659390
1371.293091, 1.911316, 0.130425
1376.017700, 1.687567, -1.656670
1380.742310, 1.913717, 0.106151
1385.426880, 1.713413, -1.653771
1390.151489, 1.912259, 0.121670
1394.876099, 1.672894, -1.658234
1399.560669, 1.910547, 0.137094
1404.285278, 1.698766, -1.655436
1409.009888, 1.913116, 0.112884
1413.734497, 1.658209, -1.659737
1418.419067, 1.911545, 0.128360
1423.143677, 1.684107, -1.657043
1427.868286, 1.913895, 0.104070
1432.552856, 1.709960, -1.654169
1437.277466, 1.912466, 0.119597
1442.002075, 1.669426, -1.658596
1446.686646, 1.910791, 0.135036
1451.411255, 1.695312, -1.655820
1456.135864, 1.913303, 0.110804
1460.860474, 1.654742, -1.660083
1465.545044, 1.911769, 0.126294
1470.269653, 1.680640, -1.657417
1474.994263, 1.914070, 0.101986
1479.678833, 1.706507, -1.654561
1484.403442, 1.912668, 0.117524
1489.128052, 1.665966, -1.658951
1493.812622, 1.911024, 0.132975
1498.537231, 1.691845, -1.656202
1503.261841, 1.913496, 0.108727
1507.946411, 1.717692, -1.653271
1512.671021, 1.911990, 0.124228
1517.395630, 1.677177, -1.657784
1522.120239, 1.914240, 0.099900
1526.804810, 1.703045, -1.654956
1531.529419, 1.912877, 0.115453
1536.254028, 1.662496, -1.659300
1540.938599, 1.911233, 0.130875
1545.663208, 1.688334, -1.656582
1550.387817, 1.913678, 0.106616
1555.072388, 1.714187, -1.653682
1559.796997, 1.912206, 0.122129
1564.521606, 1.673663, -1.658153
1569.206177, 1.910496, 0.137552
1573.930786, 1.699537, -1.655351
1578.655396, 1.913074, 0.113347
1583.380005, 1.658982, -1.659659
1588.064575, 1.911497, 0.128819
1592.789185, 1.684877, -1.656962
1597.513794, 1.913855, 0.104534
1602.198364, 1.710730, -1.654081
1606.922974, 1.912418, 0.120057
1611.647583, 1.670197, -1.658517
1616.332153, 1.910741, 0.135496
1621.056763, 1.696079, -1.655736
1625.781372, 1.913264, 0.111267
1630.505981, 1.655516, -1.660007
1635.190552, 1.911721, 0.126755
1639.915161, 1.681411, -1.657336
1644.639771, 1.914034, 0.102450
1649.324341, 1.707275, -1.654474
1654.048950, 1.912624, 0.117987
1658.773560, 1.666739, -1.658871
1663.458130, 1.910972, 0.133434
1668.182739, 1.692621, -1.656114
1672.907349, 1.913449, 0.109190
1677.591919, 1.718462, -1.653183
1682.316528, 1.911940, 0.124689
1687.041138, 1.677948, -1.657702
1691.765747, 1.914202, 0.100366
1696.450317, 1.703817, -1.654870
1701.174927, 1.912829, 0.115915
1705.899536, 1.663272, -1.659224
1710.584106, 1.911210, 0.131371
1715.308716, 1.689157, -1.656498
1720.033325, 1.913639, 0.107111
1724.717896, 1.715007, -1.653586
1729.442505, 1.912155, 0.122619
1734.167114, 1.674485, -1.658069
1738.851685, 1.910437, 0.138043
1743.576294, 1.700358, -1.655259
1748.300903, 1.913026, 0.113837
1753.025513, 1.659804, -1.659579
1757.710083, 1.911443, 0.129311
1762.434692, 1.685696, -1.656875
1767.159302, 1.913816, 0.105028
1771.843872, 1.711554, -1.653983
1776.568481, 1.912363, 0.120550
1781.293091, 1.671021, -1.658431
1785.977661, 1.910681, 0.135985
1790.702271, 1.696900, -1.655644
1795.426880, 1.913217, 0.111763
1800.151489, 1.656340, -1.659924
1804.836060, 1.911665, 0.127246
1809.560669, 1.682235, -1.657244
1814.285278, 1.913991, 0.102945
1818.969849, 1.708099, -1.654381
1823.694458, 1.912574, 0.118478
1828.419067, 1.667558, -1.658786
1833.103638, 1.910919, 0.133923
1837.828247, 1.693440, -1.656028
1842.552856, 1.913408, 0.109685
1847.237427, 1.719284, -1.653086
1851.962036, 1.911886, 0.125177
1856.686646, 1.678777, -1.657614
1861.411255, 1.914156, 0.100860
1866.095825, 1.704635, -1.654776
1870.820435, 1.912779, 0.116405
1875.545044, 1.664095, -1.659142
1880.229614, 1.911155, 0.131863
1884.954224, 1.689980, -1.656408
1889.678833, 1.913592, 0.107603
1894.363403, 1.715828, -1.653488
1899.088013, 1.912107, 0.123112
1903.812622, 1.675310, -1.657982
1908.537231, 1.914326, 0.098772
1913.221802, 1.701182, -1.655163
1917.946411, 1.912979, 0.114332
1922.671021, 1.660631, -1.659494
1927.355591, 1.911383, 0.129800
1932.080200, 1.686521, -1.656781
1936.804810, 1.913772, 0.105523
1941.489380, 1.712373, -1.653891
1946.213989, 1.912317, 0.121042
1950.938599, 1.671843, -1.658342
1955.623169, 1.910622, 0.136471
1960.347778, 1.697722, -1.655553
1965.072388, 1.913171, 0.112255
1969.796997, 1.657160, -1.659840
1974.481567, 1.911612, 0.127734
1979.206177, 1.683056, -1.657158
1983.930786, 1.913951, 0.103441
1988.615356, 1.708914, -1.654290
1993.339966, 1.912533, 0.118971
1998.064575, 1.668379, -1.658705
2002.749146, 1.910866, 0.134415
2007.473755, 1.694266, -1.655937
2012.198364, 1.913359, 0.110175
2016.882935, 1.720101, -1.652989
2021.607544, 1.911837, 0.125671
2026.332153, 1.679594, -1.657530
2031.056763, 1.914124, 0.101355
2035.741333, 1.705461, -1.654681
2040.465942, 1.912733, 0.116899
2045.190552, 1.664916, -1.659060
2049.875000, 1.911195, 0.132468
2054.599609, 1.690984, -1.656319
2059.324219, 1.913562, 0.108228
2064.008789, 1.716852, -1.653371
2068.733398, 1.912040, 0.123725
2073.458008, 1.676338, -1.657872
2078.182617, 1.914277, 0.099388
2082.867188, 1.702204, -1.655048
2087.591797, 1.912920, 0.114946
2092.316406, 1.661653, -1.659391
2097.000977, 1.911320, 0.130412
2101.725586, 1.687541, -1.656673
2106.450195, 1.913722, 0.106140
2111.134766, 1.713399, -1.653772
2115.859375, 1.912252, 0.121654
2120.583984, 1.672870, -1.658234
2125.268555, 1.910550, 0.137079
2129.993164, 1.698745, -1.655439
2134.717773, 1.913114, 0.112870
2139.442383, 1.658186, -1.659739
2144.126953, 1.911549, 0.128346
2148.851562, 1.684083, -1.657048
2153.576172, 1.913894, 0.104057
2158.260742, 1.709937, -1.654172
2162.985352, 1.912467, 0.119584
2167.709961, 1.669410, -1.658596
2172.394531, 1.910789, 0.135023
2177.119141, 1.695286, -1.655824
2181.843750, 1.913308, 0.110791
2186.568359, 1.654724, -1.660085
2191.252930, 1.911769, 0.126282
2195.977539, 1.680620, -1.657419
2200.702148, 1.914071, 0.101970
2205.386719, 1.706478, -1.654565
2210.111328, 1.912673, 0.117513
2214.835938, 1.665944, -1.658954
2219.520508, 1.911030, 0.132963
2224.245117, 1.691827, -1.656203
2228.969727, 1.913492, 0.108714
2233.654297, 1.717668, -1.653277
2238.378906, 1.911991, 0.124216
2243.103516, 1.677159, -1.657784
2247.828125, 1.914236, 0.099886
2252.512695, 1.703021, -1.654960
2257.237305, 1.912874, 0.115439
2261.961914, 1.662475, -1.659306
2266.646484, 1.911265, 0.130900
2271.371094, 1.688362, -1.656586
2276.095703, 1.913678, 0.106634
2280.780273, 1.714215, -1.653678
2285.504883, 1.912205, 0.122144
2290.229492, 1.673692, -1.658152
2294.914062, 1.910492, 0.137570
2299.638672, 1.699567, -1.655347
2304.363281, 1.913067, 0.113360
2309.087891, 1.659012, -1.659658
2313.772461, 1.911495, 0.128838
2318.497070, 1.684900, -1.656961
2323.221680, 1.913860, 0.104551
2327.906250, 1.710763, -1.654074
2332.630859, 1.912412, 0.120075
2337.355469, 1.670229, -1.658512
2342.040039, 1.910736, 0.135512
2346.764648, 1.696106, -1.655731
2351.489258, 1.913262, 0.111287
2356.213867, 1.655544, -1.660003
2360.898438, 1.911718, 0.126773
2365.623047, 1.681444, -1.657327
2370.347656, 1.914026, 0.102467
2375.032227, 1.707304, -1.654473
2379.756836, 1.912624, 0.118005
2384.481445, 1.666765, -1.658867
2389.166016, 1.910972, 0.133450
2393.890625, 1.692647, -1.656114
2398.615234, 1.913451, 0.109209
2403.299805, 1.718489, -1.653180
2408.024414, 1.911938, 0.124704
2412.749023, 1.677982, -1.657698
2417.473633, 1.914199, 0.100382
2422.158203, 1.703843, -1.654866
2426.882812, 1.912828, 0.115930
2431.607422, 1.663298, -1.659224
2436.291992, 1.911209, 0.131390
2441.016602, 1.689183, -1.656496
2445.741211, 1.913639, 0.107127
2450.425781, 1.715034, -1.653582
2455.150391, 1.912157, 0.122638
2459.875000, 1.674517, -1.658065
2464.559570, 1.910433, 0.138059
2469.284180, 1.700391, -1.655252
2474.008789, 1.913025, 0.113857
2478.733398, 1.659834, -1.659575
2483.417969, 1.911436, 0.129327
2488.142578, 1.685724, -1.656869
2492.867188, 1.913814, 0.105047
2497.551758, 1.711578, -1.653984
2502.276367, 1.912367, 0.120569
2507.000977, 1.671052, -1.658424
2511.685547, 1.910676, 0.135998
2516.410156, 1.696929, -1.655641
2521.134766, 1.913217, 0.111780
2525.859375, 1.656367, -1.659920
2530.543945, 1.911667, 0.127261
2535.268555, 1.682262, -1.657244
2539.993164, 1.913991, 0.102964
2544.677734, 1.708127, -1.654378
2549.402344, 1.912573, 0.118494
2554.126953, 1.667589, -1.658784
2558.811523, 1.910915, 0.133941
2563.536133, 1.693474, -1.656023
2568.260742, 1.913403, 0.109699
2572.945312, 1.719311, -1.653080
2577.669922, 1.911882, 0.125196
2582.394531, 1.678802, -1.657613
2587.119141, 1.914157, 0.100876
2591.803711, 1.704660, -1.654773
2596.528320, 1.912781, 0.116425
2601.252930, 1.664121, -1.659140
2605.937500, 1.911153, 0.131881
2610.662109, 1.690007, -1.656403
2615.386719, 1.913593, 0.107623
2620.071289, 1.715853, -1.653489
2624.795898, 1.912106, 0.123130
2629.520508, 1.675339, -1.657977
2634.245117, 1.914327, 0.098791
2638.929688, 1.701206, -1.655164
2643.654297, 1.912979, 0.114350
2648.378906, 1.660656, -1.659490
2653.063477, 1.911388, 0.129816
2657.788086, 1.686548, -1.656782
2662.512695, 1.913771, 0.105540
2667.197266, 1.712401, -1.653889
2671.921875, 1.912316, 0.121058
2676.646484, 1.671873, -1.658341
2681.331055, 1.910619, 0.136490
2686.055664, 1.697751, -1.655549
2690.780273, 1.913171, 0.112271
2695.504883, 1.657191, -1.659840
2700.189453, 1.911610, 0.127754
2704.914062, 1.683085, -1.657155
2709.638672, 1.913949, 0.103456
2714.323242, 1.708943, -1.654284
2719.047852, 1.912530, 0.118990
2723.772461, 1.668414, -1.658700
2728.457031, 1.910859, 0.134430
2733.181641, 1.694289, -1.655932
2737.906250, 1.913364, 0.110196
2742.590820, 1.720131, -1.652988
2747.315430, 1.911834, 0.125688
2752.040039, 1.679623, -1.657523
2756.764648, 1.914119, 0.101374
2761.449219, 1.705490, -1.654679
2766.173828, 1.912727, 0.116915
2770.898438, 1.664943, -1.659054
2775.583008, 1.911099, 0.132368
2780.307617, 1.690832, -1.656315
2785.032227, 1.913547, 0.108116
2789.716797, 1.716673, -1.653393
2794.441406, 1.912053, 0.123618
2799.166016, 1.676161, -1.657893
2803.890625, 1.914289, 0.099288
2808.575195, 1.702028, -1.655072
2813.299805, 1.912933, 0.114841
2818.024414, 1.661479, -1.659409
2822.708984, 1.911333, 0.130308
2827.433594, 1.687367, -1.656694
2832.158203, 1.913731, 0.106034
2836.842773, 1.713219, -1.653792
2841.567383, 1.912266, 0.121552
2846.291992, 1.672698, -1.658255
2850.976562, 1.910563, 0.136978
2855.701172, 1.698572, -1.655457
2860.425781, 1.913124, 0.112766
2865.150391, 1.658011, -1.659758
2869.834961, 1.911559, 0.128244
2874.559570, 1.683908, -1.657065
2879.284180, 1.913905, 0.103953
2883.968750, 1.709761, -1.654193
2888.693359, 1.912480, 0.119482
2893.417969, 1.669230, -1.658615
2898.102539, 1.910806, 0.134919
2902.827148, 1.695108, -1.655845
2907.551758, 1.913319, 0.110690
2912.236328, 1.720948, -1.652892
2916.960938, 1.911783, 0.126176
2921.685547, 1.680445, -1.657438
2926.410156, 1.914080, 0.101868
2931.094727, 1.706310, -1.654585
2935.819336, 1.912679, 0.117406
2940.543945, 1.665769, -1.658972
2945.228516, 1.911042, 0.132859
2949.953125, 1.691651, -1.656225
2954.677734, 1.913504, 0.108608
2959.362305, 1.717496, -1.653294
2964.086914, 1.911999, 0.124111
2968.811523, 1.676982, -1.657805
2973.536133, 1.914249, 0.099781
2978.220703, 1.702849, -1.654977
2982.945312, 1.912884, 0.115336
2987.669922, 1.662304, -1.659324
2992.354492, 1.911273, 0.130797
2997.079102, 1.688195, -1.656599
3001.803711, 1.913685, 0.106529
3006.488281, 1.714041, -1.653698
3011.212891, 1.912216, 0.122043
3015.937500, 1.673519, -1.658167
3020.622070, 1.910502, 0.137465
3025.346680, 1.699393, -1.655366
3030.071289, 1.913079, 0.113260
3034.795898, 1.658833, -1.659674
3039.480469, 1.911505, 0.128732
3044.205078, 1.684730, -1.656978
3048.929688, 1.913865, 0.104447
3053.614258, 1.710585, -1.654097
3058.338867, 1.912428, 0.119970
3063.063477, 1.670050, -1.658532
3067.748047, 1.910750, 0.135410
3072.472656, 1.695938, -1.655729
3077.197266, 1.913204, 0.111097
3081.921875, 1.655261, -1.660027
3086.606445, 1.911738, 0.126610
3091.331055, 1.681167, -1.657358
3096.055664, 1.914043, 0.102300
3100.740234, 1.707023, -1.654503
3105.464844, 1.912643, 0.117844
3110.189453, 1.666489, -1.658896
3114.874023, 1.910992, 0.133287
3119.598633, 1.692372, -1.656144
3124.323242, 1.913468, 0.109045
3129.007812, 1.718212, -1.653216
3133.732422, 1.911958, 0.124540
3138.457031, 1.677705, -1.657728
3143.181641, 1.914212, 0.100219
3147.866211, 1.703570, -1.654899
3152.590820, 1.912843, 0.115765
3157.315430, 1.663025, -1.659250
3162.000000, 1.911222, 0.131224
3166.724609, 1.688913, -1.656525
3171.449219, 1.913648, 0.106960
3176.133789, 1.714761, -1.653613
3180.858398, 1.912170, 0.122471
3185.583008, 1.674242, -1.658095
3190.267578, 1.910451, 0.137897
3194.992188, 1.700113, -1.655283
3199.716797, 1.913037, 0.113689
3204.441406, 1.659561, -1.659604
3209.125977, 1.911457, 0.129166
3213.850586, 1.685449, -1.656899
3218.575195, 1.913830, 0.104879
3223.259766, 1.711305, -1.654012
3227.984375, 1.912381, 0.120405
3232.708984, 1.670774, -1.658453
3237.393555, 1.910698, 0.135836
3242.118164, 1.696650, -1.655671
3246.842773, 1.913235, 0.111617
3251.567383, 1.656088, -1.659950
3256.251953, 1.911685, 0.127098
3260.976562, 1.681987, -1.657271
3265.701172, 1.914004, 0.102800
3270.385742, 1.707847, -1.654413
3275.110352, 1.912592, 0.118330
3279.834961, 1.667308, -1.658813
3284.519531, 1.910940, 0.133776
3289.244141, 1.693197, -1.656057
3293.968750, 1.913421, 0.109534
3298.653320, 1.719031, -1.653115
3303.377930, 1.911906, 0.125032
3308.102539, 1.678527, -1.657645
3312.827148, 1.914172, 0.100710
3317.511719, 1.704389, -1.654803
3322.236328, 1.912799, 0.116259
3326.960938, 1.663839, -1.659175
3331.645508, 1.911177, 0.131721
3336.370117, 1.689733, -1.656434
3341.094727, 1.913607, 0.107455
3345.779297, 1.715581, -1.653518
3350.503906, 1.912120, 0.122967
3355.228516, 1.675061, -1.658005
3359.953125, 1.914340, 0.098624
3364.637695, 1.700934, -1.655192
3369.362305, 1.912990, 0.114186
3374.086914, 1.660380, -1.659518
3378.771484, 1.911404, 0.129652
3383.496094, 1.686271, -1.656809
3388.220703, 1.913785, 0.105377
3392.905273, 1.712127, -1.653921
3397.629883, 1.912334, 0.120893
3402.354492, 1.671598, -1.658368
3407.039062, 1.910640, 0.136324
3411.763672, 1.697470, -1.655585
3416.488281, 1.913190, 0.112107
3421.212891, 1.656919, -1.659865
3425.897461, 1.911627, 0.127586
3430.622070, 1.682813, -1.657185
3435.346680, 1.913959, 0.103289
3440.031250, 1.708669, -1.654314
3444.755859, 1.912543, 0.118822
3449.480469, 1.668135, -1.658731
3454.165039, 1.910879, 0.134269
3458.889648, 1.694018, -1.655960
3463.614258, 1.913374, 0.110026
3468.298828, 1.719852, -1.653018
3473.023438, 1.911855, 0.125526
3477.748047, 1.679348, -1.657553
3482.472656, 1.914135, 0.101206
3487.157227, 1.705210, -1.654710
3491.881836, 1.912746, 0.116754
3496.606445, 1.664669, -1.659083
3501.291016, 1.911117, 0.132205
3506.015625, 1.690555, -1.656342
3510.740234, 1.913563, 0.107953
3515.424805, 1.716398, -1.653427
3520.149414, 1.912072, 0.123454
3524.874023, 1.675885, -1.657920
3529.598633, 1.914303, 0.099124
3534.283203, 1.701753, -1.655105
3539.007812, 1.912948, 0.114676
3543.732422, 1.661206, -1.659434
3548.416992, 1.911347, 0.130141
3553.141602, 1.687091, -1.656726
3557.866211, 1.913749, 0.105869
3562.550781, 1.712942, -1.653826
3567.275391, 1.912287, 0.121386
3572.000000, 1.672425, -1.658286
3576.684570, 1.910580, 0.136817
3581.409180, 1.698297, -1.655487
3586.133789, 1.913143, 0.112599
3590.858398, 1.657739, -1.659787
3595.542969, 1.911573, 0.128081
3600.267578, 1.683631, -1.657094
3604.992188, 1.913921, 0.103785
3609.676758, 1.709491, -1.654221
3614.401367, 1.912493, 0.119319
3619.125977, 1.668961, -1.658641
3623.810547, 1.910822, 0.134753
3628.535156, 1.694836, -1.655871
3633.259766, 1.913335, 0.110526
3637.944336, 1.720673, -1.652927
3642.668945, 1.911800, 0.126012
3647.393555, 1.680166, -1.657467
3652.118164, 1.914099, 0.101707
3656.802734, 1.706033, -1.654621
3661.527344, 1.912699, 0.117241
3666.251953, 1.665489, -1.658999
3670.936523, 1.911061, 0.132694
3675.661133, 1.691378, -1.656256
3680.385742, 1.913517, 0.108442
3685.070312, 1.717218, -1.653327
3689.794922, 1.912023, 0.123946
3694.519531, 1.676709, -1.657836
3699.244141, 1.914260, 0.099614
3703.928711, 1.702573, -1.655008
3708.653320, 1.912902, 0.115168
3713.377930, 1.662026, -1.659357
3718.062500, 1.911297, 0.130636
3722.787109, 1.687917, -1.656631
3727.511719, 1.913700, 0.106362
3732.196289, 1.713764, -1.653729
3736.920898, 1.912234, 0.121881
3741.645508, 1.673246, -1.658196
3746.330078, 1.910521, 0.137302
3751.054688, 1.699118, -1.655395
3755.779297, 1.913094, 0.113096
3760.503906, 1.658557, -1.659703
3765.188477, 1.911525, 0.128569
3769.913086, 1.684455, -1.657006
3774.637695, 1.913879, 0.104284
3779.322266, 1.710311, -1.654131
3784.046875, 1.912444, 0.119806
3788.771484, 1.669781, -1.658556
3793.456055, 1.910768, 0.135243
3798.180664, 1.695655, -1.655787
3802.905273, 1.913290, 0.111016
3807.629883, 1.655089, -1.660049
3812.314453, 1.911749, 0.126503
3817.039062, 1.680994, -1.657382
3821.763672, 1.914052, 0.102195
3826.448242, 1.706850, -1.654523
3831.172852, 1.912652, 0.117734
3835.897461, 1.666316, -1.658917
3840.582031, 1.911001, 0.133186
3845.306641, 1.692196, -1.656163
3850.031250, 1.913475, 0.108937
3854.715820, 1.718039, -1.653231
3859.440430, 1.911968, 0.124441
3864.165039, 1.677530, -1.657745
3868.889648, 1.914220, 0.100109
3873.574219, 1.703394, -1.654915
3878.298828, 1.912852, 0.115665
3883.023438, 1.662849, -1.659268
3887.708008, 1.911239, 0.131122
3892.432617, 1.688738, -1.656541
3897.157227, 1.913658, 0.106860
3901.841797, 1.714582, -1.653639
3906.566406, 1.912186, 0.122369
3911.291016, 1.674065, -1.658112
3915.975586, 1.910469, 0.137791
3920.700195, 1.699936, -1.655309
3925.424805, 1.913050, 0.113585
3930.149414, 1.659379, -1.659621
3934.833984, 1.911472, 0.129059
3939.558594, 1.685282, -1.656919
3944.283203, 1.913834, 0.104773
3948.967773, 1.711131, -1.654032
3953.692383, 1.912394, 0.120298
3958.416992, 1.670600, -1.658477
3963.101562, 1.910710, 0.135738
3967.826172, 1.696480, -1.655689
3972.550781, 1.913241, 0.111508
3977.275391, 1.655914, -1.659971
3981.959961, 1.911694, 0.126998
3986.684570, 1.681816, -1.657288
3991.409180, 1.914010, 0.102690
3996.093750, 1.707670, -1.654431
4000.818359, 1.912605, 0.118231
4005.542969, 1.667137, -1.658830
4010.227539, 1.910947, 0.133672
4014.952148, 1.693020, -1.656072
4019.676758, 1.913428, 0.109434
4024.361328, 1.718858, -1.653139
4029.085938, 1.911915, 0.124927
4033.810547, 1.678353, -1.657658
4038.535156, 1.914181, 0.100609
4043.219727, 1.704214, -1.654827
4047.944336, 1.912808, 0.116154
4052.668945, 1.663671, -1.659185
4057.353516, 1.911186, 0.131611
4062.078125, 1.689560, -1.656457
4066.802734, 1.913617, 0.107350
4071.487305, 1.715410, -1.653537
4076.211914, 1.912130, 0.122858
4080.936523, 1.674893, -1.658026
4090.345703, 1.700757, -1.655212
4095.070312, 1.913003, 0.114078
4099.794922, 1.660205, -1.659540
4104.479492, 1.911415, 0.129553
4109.204102, 1.686101, -1.656826
4113.928711, 1.913795, 0.105268
4118.613281, 1.711948, -1.653940
4123.337891, 1.912349, 0.120795
4128.062500, 1.671428, -1.658384
4132.747070, 1.910649, 0.136220
4137.471680, 1.697299, -1.655599
4142.196289, 1.913195, 0.112006
4146.920898, 1.656739, -1.659883
4151.605469, 1.911640, 0.127484
4156.330078, 1.682641, -1.657199
4161.054688, 1.913967, 0.103188
4165.739258, 1.708495, -1.654339
4170.463867, 1.912554, 0.118718
4175.188477, 1.667956, -1.658747
4179.873047, 1.910897, 0.134163
4184.597656, 1.693844, -1.655985
4189.322266, 1.913384, 0.109923
4194.006836, 1.719680, -1.653039
4198.731445, 1.911865, 0.125418
4203.456055, 1.679177, -1.657574
4208.180664, 1.914140, 0.101100
4212.865234, 1.705041, -1.654728
4217.589844, 1.912754, 0.116644
4222.314453, 1.664497, -1.659103
4226.999023, 1.911126, 0.132104
4231.723633, 1.690379, -1.656363
4236.448242, 1.913571, 0.107844
4241.132812, 1.716227, -1.653442
4245.857422, 1.912081, 0.123354
4250.582031, 1.675711, -1.657937
4255.306641, 1.914309, 0.099014
4259.991211, 1.701581, -1.655120
4264.715820, 1.912956, 0.114576
4269.440430, 1.661032, -1.659451
4274.125000, 1.911361, 0.130038
4278.849609, 1.686924, -1.656737
4283.574219, 1.913749, 0.105766
4288.258789, 1.712776, -1.653845
4292.983398, 1.912292, 0.121280
4297.708008, 1.672248, -1.658300
4302.392578, 1.910592, 0.136710
4307.117188, 1.698122, -1.655512
4311.841797, 1.913150, 0.112495
4316.566406, 1.657565, -1.659800
4321.250977, 1.911587, 0.127973
4325.975586, 1.683460, -1.657117
4330.700195, 1.913928, 0.103680
4335.384766, 1.709318, -1.654240
4340.109375, 1.912503, 0.119210
4344.833984, 1.668782, -1.658665
4349.518555, 1.910838, 0.134656
4354.243164, 1.694665, -1.655891
4358.967773, 1.913343, 0.110417
4363.652344, 1.720501, -1.652944
4368.376953, 1.911811, 0.125913
4373.101562, 1.679996, -1.657483
4377.826172, 1.914101, 0.101596
4382.510742, 1.705862, -1.654634
4387.235352, 1.912705, 0.117142
4391.959961, 1.665317, -1.659016
4396.644531, 1.911071, 0.132590
4401.369141, 1.691202, -1.656271
4406.093750, 1.913526, 0.108342
4410.778320, 1.717050, -1.653350
4415.502930, 1.912028, 0.123840
4420.227539, 1.676533, -1.657851
4424.952148, 1.914272, 0.099515
4429.636719, 1.702402, -1.655031
4434.361328, 1.912908, 0.115063
4439.085938, 1.661852, -1.659369
4443.770508, 1.911307, 0.130529
4448.495117, 1.687742, -1.656655
4453.219727, 1.913714, 0.106258
4457.904297, 1.713591, -1.653750
4462.628906, 1.912246, 0.121773
4467.353516, 1.673070, -1.658220
4472.038086, 1.910535, 0.137202
4476.762695, 1.698942, -1.655415
4481.487305, 1.913106, 0.112988
4486.211914, 1.658383, -1.659725
4490.896484, 1.911533, 0.128469
4495.621094, 1.684282, -1.657024
4500.345703, 1.913888, 0.104175
4505.030273, 1.710131, -1.654149
4509.754883, 1.912459, 0.119708
4514.479492, 1.669611, -1.658572
4519.164062, 1.910772, 0.135138
4523.888672, 1.695485, -1.655799
4528.613281, 1.913296, 0.110915
4533.337891, 1.654921, -1.660064
4538.022461, 1.911756, 0.126399
4542.747070, 1.680817, -1.657396
4547.471680, 1.914065, 0.102096
4552.156250, 1.706679, -1.654547
4556.880859, 1.912663, 0.117630
4561.605469, 1.666142, -1.658932
4566.290039, 1.911016, 0.133079
4571.014648, 1.692023, -1.656188
4575.739258, 1.913486, 0.108832
4580.423828, 1.717866, -1.653252
4585.148438, 1.911980, 0.124333
4589.873047, 1.677358, -1.657767
4594.597656, 1.914228, 0.100004
4599.282227, 1.703222, -1.654934
4604.006836, 1.912864, 0.115556
4608.731445, 1.662678, -1.659289
4613.416016, 1.911246, 0.131021
4618.140625, 1.688563, -1.656561
4622.865234, 1.913668, 0.106752
4627.549805, 1.714414, -1.653652
4632.274414, 1.912193, 0.122268
4636.999023, 1.673890, -1.658129
4641.683594, 1.910480, 0.137687
4646.408203, 1.699762, -1.655324
4651.132812, 1.913062, 0.113486
4655.857422, 1.659211, -1.659635
4660.541992, 1.911478, 0.128954
4665.266602, 1.685101, -1.656935
4669.991211, 1.913845, 0.104674
4674.675781, 1.710958, -1.654056
4679.400391, 1.912405, 0.120193
4684.125000, 1.670432, -1.658488
4688.809570, 1.910717, 0.135627
4693.534180, 1.696302, -1.655715
4698.258789, 1.913254, 0.111405
4702.983398, 1.655742, -1.659983
4707.667969, 1.911703, 0.126890
4712.392578, 1.681641, -1.657313
4717.117188, 1.914020, 0.102586
4721.801758, 1.707501, -1.654449
4726.526367, 1.912610, 0.118121
4731.250977, 1.666965, -1.658852
4735.935547, 1.910957, 0.133572
4740.660156, 1.692846, -1.656091
4745.384766, 1.913443, 0.109326
4750.069336, 1.718687, -1.653156
4754.793945, 1.911929, 0.124828
4759.518555, 1.678177, -1.657677
4764.243164, 1.914191, 0.100500
4768.927734, 1.704042, -1.654842
4773.652344, 1.912817, 0.116054
4778.376953, 1.663497, -1.659203
4783.061523, 1.911196, 0.131507
4787.786133, 1.689384, -1.656471
4792.510742, 1.913625, 0.107250
4797.195312, 1.715235, -1.653561
4801.919922, 1.912143, 0.122755
4806.644531, 1.674718, -1.658041
4811.329102, 1.910417, 0.138174
4816.053711, 1.700583, -1.655236
4820.778320, 1.913013, 0.113974
4825.502930, 1.660030, -1.659553
4830.187500, 1.911428, 0.129445
4834.912109, 1.685926, -1.656852
4839.636719, 1.913804, 0.105164
4844.321289, 1.711776, -1.653958
4849.045898, 1.912359, 0.120685
4853.770508, 1.671251, -1.658410
4858.455078, 1.910663, 0.136121
4863.179688, 1.697130, -1.655616
4867.904297, 1.913202, 0.111897
4872.628906, 1.656568, -1.659904
4877.313477, 1.911650, 0.127384
4882.038086, 1.682462, -1.657219
4886.762695, 1.913980, 0.103081
4891.447266, 1.708319, -1.654356
4896.171875, 1.912564, 0.118619
4900.896484, 1.667787, -1.658762
4905.581055, 1.910902, 0.134058
4910.305664, 1.693667, -1.656000
4915.030273, 1.913396, 0.109823
4919.714844, 1.719507, -1.653064
4924.439453, 1.911874, 0.125314
4929.164062, 1.679000, -1.657589
4933.888672, 1.914150, 0.101000
4938.573242, 1.704865, -1.654753
4943.297852, 1.912767, 0.116541
4948.022461, 1.664321, -1.659119
4952.707031, 1.911140, 0.131997
4957.431641, 1.690204, -1.656387
4962.156250, 1.913584, 0.107740
4966.840820, 1.716057, -1.653461
4971.565430, 1.912092, 0.123245
4976.290039, 1.675538, -1.657959
4981.014648, 1.914318, 0.098909
4985.699219, 1.701406, -1.655139
4990.423828, 1.912968, 0.114466
4995.148438, 1.660856, -1.659474
4999.833008, 1.911371, 0.129939
5004.557617, 1.686748, -1.656757
5009.282227, 1.913763, 0.105658
5013.966797, 1.712599, -1.653863
5018.691406, 1.912306, 0.121181
5023.416016, 1.672075, -1.658319
5028.100586, 1.910604, 0.136605
5032.825195, 1.697949, -1.655526
5037.549805, 1.913161, 0.112395
5042.274414, 1.657389, -1.659818
5046.958984, 1.911599, 0.127870
5051.683594, 1.683285, -1.657131
5056.408203, 1.913939, 0.103580
5061.092773, 1.709146, -1.654263
5065.817383, 1.912513, 0.119106
5070.541992, 1.668606, -1.658679
5075.226562, 1.910850, 0.134548
5079.951172, 1.694488, -1.655915
5084.675781, 1.913351, 0.110312
5089.360352, 1.720328, -1.652962
5094.084961, 1.911823, 0.125805
5098.809570, 1.679823, -1.657507
5103.534180, 1.914109, 0.101490
5108.218750, 1.705686, -1.654654
5112.943359, 1.912719, 0.117033
5117.667969, 1.665145, -1.659039
5122.352539, 1.911083, 0.132490
5127.077148, 1.691029, -1.656290
5131.801758, 1.913536, 0.108233
5136.486328, 1.716877, -1.653366
5141.210938, 1.912038, 0.123741
5145.935547, 1.676358, -1.657869
5150.660156, 1.914277, 0.099405
5155.344727, 1.702228, -1.655046
5160.069336, 1.912920, 0.114963
5164.793945, 1.661678, -1.659387
5169.478516, 1.911316, 0.130424
5174.203125, 1.687573, -1.656667
5178.927734, 1.913714, 0.106156
5183.612305, 1.713420, -1.653772
5188.336914, 1.912254, 0.121668
5193.061523, 1.672897, -1.658232
5197.746094, 1.910548, 0.137095
5202.470703, 1.698770, -1.655438
5207.195312, 1.913113, 0.112884
5211.919922, 1.658216, -1.659734
5216.604492, 1.911541, 0.128359
5221.329102, 1.684107, -1.657047
5226.053711, 1.913898, 0.104071
5230.738281, 1.709963, -1.654166
5235.462891, 1.912466, 0.119598
5240.187500, 1.669430, -1.658598
5244.872070, 1.910792, 0.135041
5249.596680, 1.695315, -1.655818
5254.321289, 1.913303, 0.110805
5259.045898, 1.654747, -1.660085
5263.730469, 1.911767, 0.126299
5268.455078, 1.680641, -1.657416
5273.179688, 1.914071, 0.101988
5277.864258, 1.706505, -1.654563
5282.588867, 1.912672, 0.117530
5287.313477, 1.665965, -1.658951
5291.998047, 1.911030, 0.132976
5296.722656, 1.691847, -1.656203
5301.447266, 1.913498, 0.108733
5306.131836, 1.717691, -1.653277
5310.856445, 1.911995, 0.124229
5315.581055, 1.677183, -1.657782
5320.305664, 1.914237, 0.099905
5324.990234, 1.703048, -1.654959
5329.714844, 1.912872, 0.115452
5334.439453, 1.662498, -1.659304
5339.124023, 1.911265, 0.130915
5343.848633, 1.688391, -1.656584
5348.573242, 1.913677, 0.106647
5353.257812, 1.714238, -1.653674
5357.982422, 1.912206, 0.122159
5362.707031, 1.673718, -1.658151
5367.391602, 1.910493, 0.137589
5372.116211, 1.699589, -1.655343
5376.840820, 1.913069, 0.113377
5381.565430, 1.659039, -1.659656
5386.250000, 1.911490, 0.128854
5390.974609, 1.684931, -1.656953
5395.699219, 1.913853, 0.104564
5400.383789, 1.710782, -1.654073
5405.108398, 1.912414, 0.120094
5409.833008, 1.670255, -1.658507
5414.517578, 1.910732, 0.135525
5419.242188, 1.696134, -1.655727
5423.966797, 1.913258, 0.111303
5428.691406, 1.655569, -1.659999
5433.375977, 1.911715, 0.126785
5438.100586, 1.681470, -1.657326
5442.825195, 1.914028, 0.102485
5447.509766, 1.707330, -1.654472
5452.234375, 1.912618, 0.118017
5456.958984, 1.666788, -1.658866
5461.643555, 1.910974, 0.133466
5466.368164, 1.692672, -1.656115
5471.092773, 1.913450, 0.109221
5475.777344, 1.718511, -1.653177
5480.501953, 1.911938, 0.124720
5485.226562, 1.678007, -1.657698
5489.951172, 1.914195, 0.100395
5494.635742, 1.703863, -1.654863
5499.360352, 1.912826, 0.115945
5504.084961, 1.663323, -1.659225
5508.769531, 1.911209, 0.131409
5513.494141, 1.689213, -1.656490
5518.218750, 1.913631, 0.107141
5522.903320, 1.715064, -1.653576
5527.627930, 1.912148, 0.122654
5532.352539, 1.674539, -1.658059
5537.037109, 1.910432, 0.138071
5541.761719, 1.700414, -1.655250
5546.486328, 1.913021, 0.113873
5551.210938, 1.659857, -1.659571
5555.895508, 1.911436, 0.129341
5560.620117, 1.685752, -1.656864
5565.344727, 1.913813, 0.105064
5570.029297, 1.711605, -1.653982
5574.753906, 1.912367, 0.120581
5579.478516, 1.671079, -1.658422
5584.163086, 1.910671, 0.136013
5588.887695, 1.696954, -1.655641
5593.612305, 1.913213, 0.111792
5598.336914, 1.656391, -1.659917
5603.021484, 1.911661, 0.127276
5607.746094, 1.682286, -1.657244
5612.470703, 1.913992, 0.102977
5617.155273, 1.708147, -1.654375
5621.879883, 1.912574, 0.118510
5626.604492, 1.667610, -1.658786
5631.289062, 1.910916, 0.133959
5636.013672, 1.693494, -1.656020
5640.738281, 1.913405, 0.109715
5645.422852, 1.719332, -1.653080
5650.147461, 1.911887, 0.125215
5654.872070, 1.678826, -1.657608
5659.596680, 1.914160, 0.100891
5664.281250, 1.704694, -1.654767
5669.005859, 1.912774, 0.116440
5673.730469, 1.664148, -1.659136
5678.415039, 1.911152, 0.131894
5683.139648, 1.690035, -1.656399
5687.864258, 1.913589, 0.107639
5692.548828, 1.715878, -1.653488
5697.273438, 1.912103, 0.123142
5701.998047, 1.675363, -1.657974
5706.722656, 1.914328, 0.098810
5711.407227, 1.701229, -1.655164
5716.131836, 1.912978, 0.114363
5720.856445, 1.660681, -1.659487
5725.541016, 1.911383, 0.129831
5730.265625, 1.686575, -1.656780
5734.990234, 1.913769, 0.105553
5739.674805, 1.712425, -1.653883
5744.399414, 1.912315, 0.121072
5749.124023, 1.671899, -1.658342
5753.808594, 1.910619, 0.136507
5758.533203, 1.697772, -1.655546
5763.257812, 1.913172, 0.112286
5767.982422, 1.657215, -1.659841
5772.666992, 1.911609, 0.127771
5777.391602, 1.683109, -1.657151
5782.116211, 1.913950, 0.103471
5786.800781, 1.708968, -1.654281
5791.525391, 1.912525, 0.119006
5796.250000, 1.668435, -1.658695
5800.934570, 1.910858, 0.134444
5805.659180, 1.694318, -1.655928
5810.383789, 1.913357, 0.110212
5815.068359, 1.720155, -1.652986
5819.792969, 1.911832, 0.125700
5824.517578, 1.679646, -1.657521
5829.242188, 1.914120, 0.101392
5833.926758, 1.705512, -1.654680
5838.651367, 1.912729, 0.116929
5843.375977, 1.664973, -1.659051
5848.060547, 1.911093, 0.132382
5852.785156, 1.690858, -1.656313
5857.509766, 1.913542, 0.108128
5862.194336, 1.716700, -1.653387
5866.918945, 1.912053, 0.123634
5871.643555, 1.676184, -1.657893
5876.368164, 1.914286, 0.099301
5881.052734, 1.702053, -1.655065
5885.777344, 1.912927, 0.114855
5890.501953, 1.661506, -1.659407
5895.186523, 1.911325, 0.130324
5899.911133, 1.687397, -1.656686
5904.635742, 1.913728, 0.106047
5909.320312, 1.713244, -1.653789
5914.044922, 1.912266, 0.121569
5918.769531, 1.672722, -1.658251
5923.454102, 1.910563, 0.136991
5928.178711, 1.698595, -1.655455
5932.903320, 1.913125, 0.112784
5937.627930, 1.658036, -1.659755
5942.312500, 1.911559, 0.128257
5947.037109, 1.683931, -1.657063
5951.761719, 1.913907, 0.103970
5956.446289, 1.709791, -1.654191
5961.170898, 1.912475, 0.119493
5965.895508, 1.669253, -1.658613
5970.580078, 1.910808, 0.134934
5975.304688, 1.695135, -1.655844
5980.029297, 1.913320, 0.110703
5984.713867, 1.720975, -1.652886
5989.438477, 1.911779, 0.126191
5994.163086, 1.680471, -1.657436
5998.887695, 1.914074, 0.101880
6003.572266, 1.706329, -1.654582
6008.296875, 1.912683, 0.117422
6013.021484, 1.665796, -1.658972
6017.706055, 1.911037, 0.132876
6022.430664, 1.691681, -1.656217
6027.155273, 1.913500, 0.108622
6031.839844, 1.717520, -1.653291
6036.564453, 1.912003, 0.124130
6041.289062, 1.677007, -1.657801
6046.013672, 1.914249, 0.099796
6050.698242, 1.702873, -1.654974
6055.422852, 1.912884, 0.115352
6060.147461, 1.662328, -1.659320
6064.832031, 1.911276, 0.130811
6069.556641, 1.688218, -1.656598
6074.281250, 1.913687, 0.106547
6078.965820, 1.714065, -1.653698
6083.690430, 1.912213, 0.122056
6088.415039, 1.673544, -1.658165
6093.099609, 1.910502, 0.137480
6097.824219, 1.699418, -1.655365
6102.548828, 1.913080, 0.113272
6107.273438, 1.658860, -1.659671
6111.958008, 1.911503, 0.128747
6116.682617, 1.684756, -1.656978
6121.407227, 1.913865, 0.104460
6126.091797, 1.710613, -1.654091
6130.816406, 1.912424, 0.119984
6135.541016, 1.670083, -1.658529
6140.225586, 1.910742, 0.135425
6144.950195, 1.695991, -1.655675
6149.674805, 1.913104, 0.111011
6154.399414, 1.655176, -1.660026
6159.083984, 1.911741, 0.126563
6163.808594, 1.681087, -1.657373
6168.533203, 1.914050, 0.102251
6173.217773, 1.706955, -1.654506
6177.942383, 1.912642, 0.117796
6182.666992, 1.666414, -1.658908
6187.351562, 1.910998, 0.133245
6192.076172, 1.692296, -1.656148
6196.800781, 1.913470, 0.109000
6201.485352, 1.718140, -1.653222
6206.209961, 1.911959, 0.124498
6210.934570, 1.677630, -1.657729
6215.659180, 1.914214, 0.100172
6220.343750, 1.703496, -1.654907
6225.068359, 1.912843, 0.115723
6229.792969, 1.662948, -1.659253
6234.477539, 1.911230, 0.131174
6239.202148, 1.688835, -1.656535
6243.926758, 1.913654, 0.106919
6248.611328, 1.714687, -1.653625
6253.335938, 1.912174, 0.122420
6258.060547, 1.674164, -1.658104
6262.745117, 1.910458, 0.137853
6267.469727, 1.700037, -1.655296
6272.194336, 1.913041, 0.113639
6276.918945, 1.659485, -1.659611
6281.603516, 1.911460, 0.129119
6286.328125, 1.685373, -1.656910
6291.052734, 1.913831, 0.104828
6295.737305, 1.711225, -1.654018
6300.461914, 1.912392, 0.120362
6305.186523, 1.670696, -1.658468
6309.871094, 1.910707, 0.135795
6314.595703, 1.696578, -1.655675
6319.320312, 1.913238, 0.111572
6324.044922, 1.656018, -1.659958
6328.729492, 1.911682, 0.127054
6333.454102, 1.681909, -1.657275
6338.178711, 1.914011, 0.102755
6342.863281, 1.707771, -1.654423
6347.587891, 1.912596, 0.118288
6352.312500, 1.667238, -1.658814
6356.997070, 1.910938, 0.133725
6361.721680, 1.693116, -1.656065
6366.446289, 1.913424, 0.109493
6371.130859, 1.718960, -1.653127
6375.855469, 1.911909, 0.124981
6380.580078, 1.678447, -1.657654
6385.304688, 1.914181, 0.100670
6389.989258, 1.704316, -1.654815
6394.713867, 1.912797, 0.116206
6399.438477, 1.663769, -1.659179
6404.123047, 1.911180, 0.131674
6408.847656, 1.689657, -1.656445
6413.572266, 1.913610, 0.107404
6418.256836, 1.715501, -1.653523
6422.981445, 1.912130, 0.122922
6427.706055, 1.674987, -1.658018
6432.430664, 1.914342, 0.098572
6437.115234, 1.700859, -1.655195
6441.839844, 1.912996, 0.114140
6446.564453, 1.660302, -1.659531
6451.249023, 1.911410, 0.129611
6455.973633, 1.686198, -1.656814
6460.698242, 1.913791, 0.105332
6465.382812, 1.712045, -1.653932
6470.107422, 1.912339, 0.120852
6474.832031, 1.671526, -1.658371
6479.516602, 1.910641, 0.136273
6484.241211, 1.697398, -1.655591
6488.965820, 1.913190, 0.112064
6493.690430, 1.656839, -1.659869
6498.375000, 1.911633, 0.127537
6503.099609, 1.682734, -1.657194
6507.824219, 1.913966, 0.103249
6512.508789, 1.708593, -1.654328
6517.233398, 1.912547, 0.118772
6521.958008, 1.668059, -1.658739
6526.642578, 1.910886, 0.134224
6531.367188, 1.693938, -1.655976
6536.091797, 1.913380, 0.109978
6540.776367, 1.719780, -1.653022
6545.500977, 1.911856, 0.125480
6550.225586, 1.679275, -1.657564
6554.950195, 1.914136, 0.101154
6559.634766, 1.705138, -1.654712
6564.359375, 1.912748, 0.116707
6569.083984, 1.664593, -1.659094
6573.768555, 1.911121, 0.132163
6578.493164, 1.690482, -1.656346
6583.217773, 1.913564, 0.107906
6587.902344, 1.716323, -1.653436
6592.626953, 1.912078, 0.123414
6597.351562, 1.675806, -1.657925
6602.076172, 1.914307, 0.099079
6606.760742, 1.701679, -1.655113
6611.485352, 1.912950, 0.114634
6616.209961, 1.661128, -1.659438
6620.894531, 1.911356, 0.130093
6625.619141, 1.687019, -1.656733
6630.343750, 1.913747, 0.105826
6635.028320, 1.712867, -1.653837
6639.752930, 1.912289, 0.121335
6644.477539, 1.672347, -1.658294
6649.162109, 1.910587, 0.136771
6653.886719, 1.698220, -1.655499
6658.611328, 1.913145, 0.112548
6663.335938, 1.657661, -1.659795
6668.020508, 1.911579, 0.128036
6672.745117, 1.683556, -1.657107
6677.469727, 1.913926, 0.103735
6682.154297, 1.709415, -1.654225
6686.878906, 1.912495, 0.119273
6691.603516, 1.668884, -1.658652
6696.288086, 1.910825, 0.134712
6701.012695, 1.694758, -1.655876
6705.737305, 1.913337, 0.110481
6710.421875, 1.720604, -1.652933
6715.146484, 1.911801, 0.125970
6719.871094, 1.680095, -1.657468
6724.595703, 1.914095, 0.101658
6729.280273, 1.705955, -1.654629
6734.004883, 1.912699, 0.117200
6738.729492, 1.665417, -1.659001
6743.414062, 1.911065, 0.132643
6748.138672, 1.691303, -1.656265
6752.863281, 1.913522, 0.108401
6757.547852, 1.717145, -1.653339
6762.272461, 1.912025, 0.123895
6766.997070, 1.676634, -1.657844
6771.721680, 1.914263, 0.099573
6776.406250, 1.702501, -1.655020
6781.130859, 1.912900, 0.115117
6785.855469, 1.661953, -1.659362
6790.540039, 1.911297, 0.130590
6795.264648, 1.687841, -1.656643
6799.989258, 1.913705, 0.106311
6804.673828, 1.713690, -1.653732
6809.398438, 1.912239, 0.121835
6814.123047, 1.673169, -1.658208
6818.807617, 1.910528, 0.137260
6823.532227, 1.699037, -1.655401
6828.256836, 1.913104, 0.113053
6832.981445, 1.658484, -1.659714
6837.666016, 1.911530, 0.128527
6842.390625, 1.684379, -1.657009
6847.115234, 1.913883, 0.104238
6851.799805, 1.710231, -1.654142
6856.524414, 1.912450, 0.119766
6861.249023, 1.669706, -1.658560
6865.933594, 1.910772, 0.135193
6870.658203, 1.695580, -1.655795
6875.382812, 1.913296, 0.110974
6880.107422, 1.655016, -1.660052
6884.791992, 1.911756, 0.126453
6889.516602, 1.680915, -1.657391
6894.241211, 1.914057, 0.102154
6898.925781, 1.706776, -1.654536
6903.650391, 1.912654, 0.117684
6908.375000, 1.666240, -1.658925
6913.059570, 1.911008, 0.133142
6917.784180, 1.692124, -1.656175
6922.508789, 1.913477, 0.108885
6927.193359, 1.717966, -1.653234
6931.917969, 1.911971, 0.124395
6936.642578, 1.677454, -1.657757
6941.367188, 1.914225, 0.100060
6946.051758, 1.703320, -1.654919
6950.776367, 1.912854, 0.115619
6955.500977, 1.662771, -1.659280
6960.185547, 1.911249, 0.131081
6964.910156, 1.688662, -1.656546
6969.634766, 1.913662, 0.106815
6974.319336, 1.714511, -1.653646
6979.043945, 1.912189, 0.122327
6983.768555, 1.673991, -1.658113
6988.453125, 1.910468, 0.137740
6993.177734, 1.699863, -1.655316
6997.902344, 1.913052, 0.113544
7002.626953, 1.659309, -1.659620
7007.311523, 1.911472, 0.129008
7012.036133, 1.685199, -1.656930
7016.760742, 1.913842, 0.104733
7021.445312, 1.711055, -1.654045
7026.169922, 1.912399, 0.120247
7030.894531, 1.670524, -1.658484
7035.579102, 1.910717, 0.135691
7040.303711, 1.696400, -1.655704
7045.028320, 1.913247, 0.111459
7049.752930, 1.655839, -1.659977
7054.437500, 1.911700, 0.126952
7059.162109, 1.681740, -1.657301
7063.886719, 1.914016, 0.102640
7068.571289, 1.707597, -1.654433
7073.295898, 1.912608, 0.118185
7078.020508, 1.667060, -1.658843
7082.705078, 1.910952, 0.133631
7087.429688, 1.692945, -1.656075
7092.154297, 1.913434, 0.109388
7096.838867, 1.718785, -1.653148
7101.563477, 1.911921, 0.124885
7106.288086, 1.678272, -1.657664
7111.012695, 1.914189, 0.100566
7115.697266, 1.704143, -1.654835
7120.421875, 1.912808, 0.116112
7125.146484, 1.663597, -1.659187
7129.831055, 1.911189, 0.131561
7134.555664, 1.689484, -1.656464
7139.280273, 1.913621, 0.107308
7143.964844, 1.715330, -1.653551
7148.689453, 1.912139, 0.122809
7153.414062, 1.674811, -1.658037
7162.823242, 1.700680, -1.655226
7167.547852, 1.913009, 0.114028
7172.272461, 1.660135, -1.659546
7176.957031, 1.911416, 0.129506
7181.681641, 1.686022, -1.656841
7186.406250, 1.913799, 0.105218
7191.090820, 1.711870, -1.653944
7195.815430, 1.912350, 0.120749
7200.540039, 1.671348, -1.658398
7205.224609, 1.910658, 0.136180
7209.949219, 1.697222, -1.655603
7214.673828, 1.913202, 0.111961
7219.398438, 1.656666, -1.659895
7224.083008, 1.911643, 0.127442
7228.807617, 1.682563, -1.657205
7233.532227, 1.913971, 0.103144
7238.216797, 1.708418, -1.654347
7242.941406, 1.912558, 0.118676
7247.666016, 1.667884, -1.658749
7252.350586, 1.910897, 0.134111
7257.075195, 1.693763, -1.655995
7261.799805, 1.913392, 0.109882
7266.484375, 1.719603, -1.653053
7271.208984, 1.911867, 0.125368
7275.933594, 1.679101, -1.657582
7280.658203, 1.914144, 0.101059
7285.342773, 1.704962, -1.654742
7290.067383, 1.912761, 0.116595
7294.791992, 1.664416, -1.659114
7299.476562, 1.911137, 0.132061
7304.201172, 1.690305, -1.656375
7308.925781, 1.913577, 0.107794
7313.610352, 1.716150, -1.653447
7318.334961, 1.912086, 0.123309
7323.059570, 1.675635, -1.657950
7327.784180, 1.914314, 0.098964
7332.468750, 1.701504, -1.655123
7337.193359, 1.912961, 0.114530
7341.917969, 1.660956, -1.659463
7346.602539, 1.911362, 0.129996
7351.327148, 1.686842, -1.656743
7356.051758, 1.913758, 0.105722
7360.736328, 1.712693, -1.653857
7365.460938, 1.912303, 0.121240
7370.185547, 1.672172, -1.658304
7374.870117, 1.910597, 0.136659
7379.594727, 1.698045, -1.655520
7384.319336, 1.913157, 0.112454
7389.043945, 1.657490, -1.659804
7393.728516, 1.911591, 0.127923
7398.453125, 1.683382, -1.657125
7403.177734, 1.913934, 0.103639
7407.862305, 1.709238, -1.654255
7412.586914, 1.912510, 0.119160
7417.311523, 1.668707, -1.658673
7421.996094, 1.910840, 0.134609
7426.720703, 1.694588, -1.655903
7431.445312, 1.913344, 0.110366
7436.129883, 1.720423, -1.652947
7440.854492, 1.911818, 0.125868
7445.579102, 1.679920, -1.657496
7450.303711, 1.914103, 0.101545
7454.988281, 1.705783, -1.654639
7459.712891, 1.912711, 0.117097
7464.437500, 1.665243, -1.659028
7469.122070, 1.911076, 0.132548
7473.846680, 1.691132, -1.656274
7478.571289, 1.913528, 0.108295
7483.255859, 1.716968, -1.653361
7487.980469, 1.912040, 0.123800
7492.705078, 1.676454, -1.657857
7497.429688, 1.914277, 0.099470
7502.114258, 1.702326, -1.655040
7506.838867, 1.912914, 0.115022
7511.563477, 1.661779, -1.659371
7516.248047, 1.911306, 0.130477
7520.972656, 1.687663, -1.656663
7525.697266, 1.913716, 0.106217
7530.381836, 1.713513, -1.653763
7535.106445, 1.912252, 0.121724
7539.831055, 1.672994, -1.658227
7544.515625, 1.910540, 0.137158
7549.240234, 1.698868, -1.655427
7553.964844, 1.913107, 0.112937
7558.689453, 1.658310, -1.659730
7563.374023, 1.911536, 0.128423
7568.098633, 1.684209, -1.657035
7572.823242, 1.913890, 0.104124
7577.507812, 1.710055, -1.654152
7582.232422, 1.912462, 0.119662
7586.957031, 1.669530, -1.658588
7591.641602, 1.910786, 0.135099
7596.366211, 1.695404, -1.655806
7601.090820, 1.913303, 0.110871
7605.815430, 1.654839, -1.660078
7610.500000, 1.911763, 0.126358
7615.224609, 1.680745, -1.657398
7619.949219, 1.914061, 0.102048
7624.633789, 1.706604, -1.654554
7629.358398, 1.912665, 0.117589
7634.083008, 1.666065, -1.658934
7638.767578, 1.911020, 0.133029
7643.492188, 1.691945, -1.656196
7648.216797, 1.913489, 0.108791
7652.901367, 1.717792, -1.653265
7657.625977, 1.911982, 0.124282
7662.350586, 1.677278, -1.657777
7667.075195, 1.914234, 0.099964
7671.759766, 1.703145, -1.654947
7676.484375, 1.912868, 0.115506
7681.208984, 1.662602, -1.659297
7685.893555, 1.911254, 0.130976
7690.618164, 1.688489, -1.656572
7695.342773, 1.913668, 0.106700
7700.027344, 1.714336, -1.653658
7704.751953, 1.912200, 0.122223
7709.476562, 1.673816, -1.658141
7714.161133, 1.910483, 0.137646
7718.885742, 1.699686, -1.655328
7723.610352, 1.913066, 0.113440
7728.334961, 1.659130, -1.659649
7733.019531, 1.911487, 0.128915
7737.744141, 1.685032, -1.656937
7742.468750, 1.913846, 0.104627
7747.153320, 1.710882, -1.654064
7751.877930, 1.912409, 0.120152
7756.602539, 1.670354, -1.658493
7761.287109, 1.910724, 0.135578
7766.011719, 1.696229, -1.655722
7770.736328, 1.913256, 0.111363
7775.460938, 1.655670, -1.659984
7780.145508, 1.911706, 0.126838
7784.870117, 1.681568, -1.657318
7789.594727, 1.914022, 0.102544
7794.279297, 1.707421, -1.654462
7799.003906, 1.912618, 0.118073
7803.728516, 1.666888, -1.658861
7808.413086, 1.910968, 0.133528
7813.137695, 1.692771, -1.656105
7817.862305, 1.913445, 0.109276
7822.546875, 1.718607, -1.653161
7827.271484, 1.911935, 0.124783
7831.996094, 1.678101, -1.657690
7836.720703, 1.914195, 0.100450
7841.405273, 1.703964, -1.654848
7846.129883, 1.912820, 0.116008
7850.854492, 1.663423, -1.659214
7855.539062, 1.911198, 0.131465
7860.263672, 1.689311, -1.656473
7864.988281, 1.913625, 0.107204
7869.672852, 1.715153, -1.653572
7874.397461, 1.912153, 0.122716
7879.122070, 1.674640, -1.658046
7883.806641, 1.910423, 0.138125
7888.531250, 1.700512, -1.655243
7893.255859, 1.913015, 0.113932
7897.980469, 1.659956, -1.659556
7902.665039, 1.911429, 0.129394
7907.389648, 1.685850, -1.656858
7912.114258, 1.913808, 0.105122
7916.798828, 1.711699, -1.653972
7921.523438, 1.912361, 0.120635
7926.248047, 1.671172, -1.658417
7930.932617, 1.910671, 0.136077
7935.657227, 1.697051, -1.655630
7940.381836, 1.913211, 0.111847
7945.106445, 1.656483, -1.659915
7949.791016, 1.911661, 0.127340
7954.515625, 1.682385, -1.657234
7959.240234, 1.913983, 0.103031
7963.924805, 1.708247, -1.654358
7968.649414, 1.912568, 0.118573
7973.374023, 1.667713, -1.658773
7978.058594, 1.910908, 0.134016
7982.783203, 1.693591, -1.656005
7987.507812, 1.913398, 0.109777
7992.192383, 1.719434, -1.653072
7996.916992, 1.911878, 0.125272
8001.641602, 1.678924, -1.657593
8006.366211, 1.914154, 0.100955
8011.050781, 1.704788, -1.654761
8015.775391, 1.912769, 0.116500
8020.500000, 1.664247, -1.659120
8025.184570, 1.911143, 0.131947
8029.909180, 1.690131, -1.656393
8034.633789, 1.913583, 0.107698
8039.318359, 1.715978, -1.653476
8044.042969, 1.912095, 0.123196
8048.767578, 1.675461, -1.657968
8053.492188, 1.914320, 0.098867
8058.176758, 1.701332, -1.655150
8062.901367, 1.912970, 0.114416
8067.625977, 1.660779, -1.659483
8072.310547, 1.911377, 0.129894
8077.035156, 1.686672, -1.656770
8081.759766, 1.913764, 0.105608
8086.444336, 1.712521, -1.653867
8091.168945, 1.912311, 0.121136
8095.893555, 1.671995, -1.658332
8100.578125, 1.910613, 0.136565
8105.302734, 1.697873, -1.655531
8110.027344, 1.913166, 0.112350
8114.751953, 1.657313, -1.659830
8119.436523, 1.911603, 0.127829
8124.161133, 1.683210, -1.657135
8128.885742, 1.913943, 0.103534
8133.570312, 1.709060, -1.654276
8138.294922, 1.912523, 0.119066
8143.019531, 1.668535, -1.658682
8147.704102, 1.910852, 0.134497
8152.428711, 1.694417, -1.655921
8157.153320, 1.913353, 0.110271
8161.837891, 1.720256, -1.652973
8166.562500, 1.911823, 0.125753
8171.287109, 1.679746, -1.657514
8176.011719, 1.914114, 0.101450
8180.696289, 1.705611, -1.654667
8185.420898, 1.912722, 0.116983
8190.145508, 1.665068, -1.659046
8194.830078, 1.911089, 0.132445
8199.554688, 1.690953, -1.656303
8204.279297, 1.913543, 0.108184
8208.963867, 1.716797, -1.653371
8213.688477, 1.912045, 0.123696
8218.413086, 1.676287, -1.657879
8223.137695, 1.914278, 0.099353
8227.822266, 1.702151, -1.655051
8232.546875, 1.912922, 0.114918
8237.271484, 1.661606, -1.659398
8241.956055, 1.911319, 0.130383
8246.680664, 1.687494, -1.656672
8251.405273, 1.913724, 0.106112
8256.089844, 1.713346, -1.653780
8260.814453, 1.912259, 0.121626
8265.539062, 1.672821, -1.658235
8270.223633, 1.910551, 0.137044
8274.948242, 1.698691, -1.655448
8279.672852, 1.913122, 0.112843
8284.397461, 1.658139, -1.659738
8289.082031, 1.911546, 0.128310
8293.806641, 1.684029, -1.657055
8298.531250, 1.913898, 0.104028
8303.215820, 1.709884, -1.654180
8307.940430, 1.912471, 0.119549
8312.665039, 1.669355, -1.658605
8317.349609, 1.910796, 0.134996
8322.074219, 1.695233, -1.655833
8326.798828, 1.913313, 0.110756
8331.523438, 1.654670, -1.660094
8336.208008, 1.911772, 0.126253
8340.932617, 1.680570, -1.657426
8345.657227, 1.914074, 0.101935
8350.341797, 1.706427, -1.654567
8355.066406, 1.912675, 0.117484
8359.791016, 1.665889, -1.658963
8364.475586, 1.911033, 0.132935
8369.200195, 1.691780, -1.656204
8373.924805, 1.913497, 0.108685
8378.609375, 1.717623, -1.653281
8383.333984, 1.911991, 0.124186
8388.058594, 1.677107, -1.657785
8392.783203, 1.914239, 0.099858
8397.467773, 1.702972, -1.654967
8402.192383, 1.912878, 0.115411
8406.916992, 1.662426, -1.659306
8411.601562, 1.911263, 0.130863
8416.326172, 1.688314, -1.656592
8421.050781, 1.913682, 0.106606
8425.735352, 1.714167, -1.653685
8430.459961, 1.912205, 0.122108
8435.184570, 1.673642, -1.658158
8439.869141, 1.910496, 0.137542
8444.593750, 1.699515, -1.655356
8449.318359, 1.913071, 0.113326
8454.042969, 1.658956, -1.659666
8458.727539, 1.911499, 0.128811
8463.452148, 1.684853, -1.656967
8468.176758, 1.913861, 0.104515
8472.861328, 1.710704, -1.654079
8477.585938, 1.912422, 0.120049
8482.310547, 1.670180, -1.658519
8486.995117, 1.910739, 0.135483
8491.719727, 1.696052, -1.655734
8496.444336, 1.913270, 0.111260
8501.168945, 1.655490, -1.660014
8505.853516, 1.911723, 0.126745
8510.578125, 1.681391, -1.657330
8515.302734, 1.914032, 0.102439
8519.987305, 1.707251, -1.654480
8524.711914, 1.912627, 0.117977
8529.436523, 1.666714, -1.658869
8534.121094, 1.910975, 0.133415
8538.845703, 1.692596, -1.656123
8543.570312, 1.913455, 0.109180
8548.254883, 1.718436, -1.653190
8552.979492, 1.911945, 0.124670
8557.704102, 1.677927, -1.657708
8562.428711, 1.914202, 0.100355
8567.113281, 1.703796, -1.654873
8571.837891, 1.912828, 0.115894
8576.562500, 1.663243, -1.659235
8581.247070, 1.911216, 0.131364
8585.971680, 1.689136, -1.656503
8590.696289, 1.913639, 0.107092
8595.380859, 1.714986, -1.653582
8600.105469, 1.912156, 0.122609
8604.830078, 1.674469, -1.658070
8609.514648, 1.910434, 0.138030
8614.239258, 1.700336, -1.655254
8618.963867, 1.913024, 0.113829
8623.688477, 1.659779, -1.659582
8628.373047, 1.911443, 0.129300
8633.097656, 1.685679, -1.656868
8637.822266, 1.913814, 0.105017
8642.506836, 1.711525, -1.653991
8647.231445, 1.912371, 0.120540
8651.956055, 1.671002, -1.658425
8656.640625, 1.910681, 0.135964
8661.365234, 1.696879, -1.655649
8666.089844, 1.913215, 0.111751
8670.814453, 1.656313, -1.659922
8675.499023, 1.911669, 0.127227
8680.223633, 1.682213, -1.657251
8684.948242, 1.913989, 0.102935
8689.632812, 1.708072, -1.654387
8694.357422, 1.912577, 0.118458
8699.082031, 1.667536, -1.658793
8703.766602, 1.910921, 0.133913
8708.491211, 1.693414, -1.656034
8713.215820, 1.913412, 0.109666
8717.900391, 1.719261, -1.653083
8722.625000, 1.911889, 0.125168
8727.349609, 1.678751, -1.657619
8732.074219, 1.914161, 0.100840
8736.758789, 1.704616, -1.654771
8741.483398, 1.912780, 0.116396
8746.208008, 1.664070, -1.659147
8750.892578, 1.911157, 0.131853
8755.617188, 1.689958, -1.656404
8760.341797, 1.913596, 0.107594
8765.026367, 1.715802, -1.653496
8769.750977, 1.912107, 0.123101
8774.475586, 1.675287, -1.657978
8779.200195, 1.914329, 0.098763
8783.884766, 1.701160, -1.655170
8788.609375, 1.912977, 0.114320
8793.333984, 1.660604, -1.659491
8798.018555, 1.911388, 0.129781
8802.743164, 1.686497, -1.656790
8807.467773, 1.913771, 0.105511
8812.152344, 1.712350, -1.653895
8816.876953, 1.912320, 0.121022
8821.601562, 1.671822, -1.658349
8826.286133, 1.910623, 0.136462
8831.010742, 1.697697, -1.655559
8835.735352, 1.913175, 0.112237
8840.459961, 1.657140, -1.659847
8845.144531, 1.911615, 0.127726
8849.869141, 1.683035, -1.657163
8854.593750, 1.913951, 0.103420
8859.278320, 1.708893, -1.654285
8864.002930, 1.912526, 0.118960
8868.727539, 1.668361, -1.658707
8873.412109, 1.910863, 0.134402
8878.136719, 1.694242, -1.655932
8882.861328, 1.913363, 0.110166
8887.545898, 1.720079, -1.652995
8892.270508, 1.911837, 0.125659
8896.995117, 1.679573, -1.657524
8901.719727, 1.914119, 0.101344
8906.404297, 1.705436, -1.654687
8911.128906, 1.912731, 0.116888
8915.853516, 1.664892, -1.659056
8920.538086, 1.911105, 0.132334
8925.262695, 1.690777, -1.656325
8929.987305, 1.913552, 0.108088
8934.671875, 1.716624, -1.653401
8939.396484, 1.912058, 0.123584
8944.121094, 1.676111, -1.657900
8948.845703, 1.914289, 0.099258
8953.530273, 1.701979, -1.655078
8958.254883, 1.912932, 0.114805
8962.979492, 1.661427, -1.659417
8967.664062, 1.911333, 0.130280
8972.388672, 1.687320, -1.656700
8977.113281, 1.913730, 0.105998
8981.797852, 1.713168, -1.653793
8986.522461, 1.912269, 0.121523
8991.247070, 1.672645, -1.658263
8995.931641, 1.910568, 0.136950
9000.656250, 1.698517, -1.655459
9005.380859, 1.913131, 0.112739
9010.105469, 1.657965, -1.659764
9014.790039, 1.911563, 0.128215
9019.514648, 1.683855, -1.657066
9024.239258, 1.913910, 0.103925
9028.923828, 1.709714, -1.654199
9033.648438, 1.912479, 0.119453
9038.373047, 1.669186, -1.658612
9043.057617, 1.910803, 0.134882
9047.782227, 1.695061, -1.655851
9052.506836, 1.913317, 0.110659
9057.191406, 1.720896, -1.652900
9061.916016, 1.911788, 0.126142
9066.640625, 1.680396, -1.657445
9071.365234, 1.914080, 0.101839
9076.049805, 1.706256, -1.654595
9080.774414, 1.912684, 0.117372
9085.499023, 1.665715, -1.658980
9090.183594, 1.911046, 0.132832
9094.908203, 1.691600, -1.656233
9099.632812, 1.913506, 0.108573
9104.317383, 1.717445, -1.653296
9109.041992, 1.912003, 0.124083
9113.766602, 1.676931, -1.657813
9118.491211, 1.914249, 0.099745
9123.175781, 1.702803, -1.654975
9127.900391, 1.912884, 0.115305
9132.625000, 1.662251, -1.659333
9137.309570, 1.911279, 0.130770
9142.034180, 1.688143, -1.656601
9146.758789, 1.913687, 0.106500
9151.443359, 1.713987, -1.653707
9156.167969, 1.912221, 0.122015
9160.892578, 1.673471, -1.658168
9165.577148, 1.910505, 0.137430
9170.301758, 1.699340, -1.655375
9175.026367, 1.913083, 0.113231
9179.750977, 1.658785, -1.659675
9184.435547, 1.911507, 0.128697
9189.160156, 1.684678, -1.656987
9193.884766, 1.913869, 0.104419
9198.569336, 1.710532, -1.654106
9203.293945, 1.912432, 0.119936
9208.018555, 1.670005, -1.658539
9212.703125, 1.910751, 0.135381
9217.427734, 1.695878, -1.655763
9222.152344, 1.913279, 0.111146
9226.876953, 1.655321, -1.660028
9231.561523, 1.911731, 0.126640
9236.286133, 1.681216, -1.657357
9241.010742, 1.914041, 0.102326
9245.695312, 1.707079, -1.654492
9250.419922, 1.912637, 0.117872
9255.144531, 1.666539, -1.658895
9259.829102, 1.910990, 0.133321
9264.553711, 1.692417, -1.656135
9269.278320, 1.913468, 0.109076
9273.962891, 1.718262, -1.653210
9278.687500, 1.911954, 0.124575
9283.412109, 1.677754, -1.657717
9288.136719, 1.914209, 0.100249
9292.821289, 1.703618, -1.654894
9297.545898, 1.912841, 0.115800
9302.270508, 1.663076, -1.659241
9306.955078, 1.911220, 0.131249
9311.679688, 1.688961, -1.656521
9316.404297, 1.913646, 0.106995
9321.088867, 1.714810, -1.653611
9325.813477, 1.912169, 0.122497
9330.538086, 1.674287, -1.658091
9335.222656, 1.910450, 0.137928
9339.947266, 1.700162, -1.655284
9344.671875, 1.913036, 0.113716
9349.396484, 1.659610, -1.659599
9354.081055, 1.911451, 0.129195
9358.805664, 1.685503, -1.656896
9363.530273, 1.913825, 0.104904
9368.214844, 1.711350, -1.654004
9372.939453, 1.912383, 0.120437
9377.664062, 1.670826, -1.658453
9382.348633, 1.910695, 0.135870
9387.073242, 1.696707, -1.655659
9391.797852, 1.913229, 0.111647
9396.522461, 1.656138, -1.659948
9401.207031, 1.911681, 0.127132
9405.931641, 1.682041, -1.657260
9410.656250, 1.913999, 0.102829
9415.340820, 1.707896, -1.654408
9420.065430, 1.912592, 0.118365
9424.790039, 1.667364, -1.658802
9429.474609, 1.910932, 0.133801
9434.199219, 1.693242, -1.656052
9438.923828, 1.913419, 0.109569
9443.608398, 1.719081, -1.653116
9448.333008, 1.911906, 0.125058
9453.057617, 1.678576, -1.657640
9457.782227, 1.914169, 0.100744
9462.466797, 1.704439, -1.654801
9467.191406, 1.912791, 0.116283
9471.916016, 1.663898, -1.659165
9476.600586, 1.911169, 0.131749
9481.325195, 1.689782, -1.656432
9486.049805, 1.913604, 0.107480
9490.734375, 1.715626, -1.653510
9495.458984, 1.912123, 0.122998
9500.183594, 1.675112, -1.658005
9504.908203, 1.914337, 0.098650
9509.592773, 1.700987, -1.655181
9514.317383, 1.912987, 0.114216
9519.041992, 1.660434, -1.659515
9523.726562, 1.911397, 0.129685
9528.451172, 1.686326, -1.656798
9533.175781, 1.913780, 0.105407
9537.860352, 1.712172, -1.653917
9542.584961, 1.912331, 0.120928
9547.309570, 1.671653, -1.658356
9551.994141, 1.910633, 0.136349
9556.718750, 1.697528, -1.655576
9561.443359, 1.913181, 0.112139
9566.167969, 1.656967, -1.659854
9570.852539, 1.911625, 0.127612
9575.577148, 1.682859, -1.657182
9580.301758, 1.913961, 0.103325
9584.986328, 1.708716, -1.654315
9589.710938, 1.912540, 0.118848
9594.435547, 1.668185, -1.658727
9599.120117, 1.910875, 0.134298
9603.844727, 1.694061, -1.655963
9608.569336, 1.913378, 0.110055
9613.253906, 1.719904, -1.653009
9617.978516, 1.911852, 0.125557
9622.703125, 1.679396, -1.657552
9627.427734, 1.914132, 0.101232
9632.112305, 1.705263, -1.654698
9636.836914, 1.912743, 0.116784
9641.561523, 1.664718, -1.659082
9646.246094, 1.911114, 0.132239
9650.970703, 1.690606, -1.656333
9655.695312, 1.913558, 0.107983
9660.379883, 1.716451, -1.653420
9665.104492, 1.912067, 0.123488
9669.829102, 1.675934, -1.657910
9674.553711, 1.914298, 0.099154
9679.238281, 1.701800, -1.655100
9683.962891, 1.912948, 0.114711
9688.687500, 1.661254, -1.659427
9693.372070, 1.911347, 0.130168
9698.096680, 1.687143, -1.656721
9702.821289, 1.913746, 0.105903
9707.505859, 1.712994, -1.653822
9712.230469, 1.912284, 0.121411
9716.955078, 1.672473, -1.658281
9721.639648, 1.910579, 0.136848
9726.364258, 1.698347, -1.655486
9731.088867, 1.913137, 0.112624
9735.813477, 1.657784, -1.659784
9740.498047, 1.911573, 0.128113
9745.222656, 1.683684, -1.657093
9749.947266, 1.913918, 0.103811
9754.631836, 1.709538, -1.654211
9759.356445, 1.912492, 0.119349
9764.081055, 1.669006, -1.658642
9768.765625, 1.910822, 0.134788
9773.490234, 1.694885, -1.655863
9778.214844, 1.913332, 0.110557
9782.899414, 1.720728, -1.652919
9787.624023, 1.911795, 0.126045
9792.348633, 1.680217, -1.657457
9797.073242, 1.914094, 0.101736
9801.757812, 1.706081, -1.654616
9806.482422, 1.912695, 0.117276
9811.207031, 1.665543, -1.658989
9815.891602, 1.911056, 0.132718
9820.616211, 1.691428, -1.656252
9825.340820, 1.913516, 0.108477
9830.025391, 1.717274, -1.653323
9834.750000, 1.912014, 0.123969
9839.474609, 1.676758, -1.657831
9844.199219, 1.914260, 0.099650
9848.883789, 1.702627, -1.655005
9853.608398, 1.912894, 0.115193
9858.333008, 1.662079, -1.659349
9863.017578, 1.911291, 0.130665
9867.742188, 1.687967, -1.656630
9872.466797, 1.913698, 0.106387
9877.151367, 1.713814, -1.653719
9881.875977, 1.912232, 0.121911
9886.600586, 1.673296, -1.658194
9891.285156, 1.910517, 0.137335
9896.009766, 1.699168, -1.655385
9900.734375, 1.913091, 0.113127
9905.458984, 1.658613, -1.659700
9910.143555, 1.911519, 0.128602
9914.868164, 1.684507, -1.656995
9919.592773, 1.913875, 0.104314
9924.277344, 1.710359, -1.654125
9929.001953, 1.912442, 0.119841
9933.726562, 1.669832, -1.658547
9938.411133, 1.910764, 0.135268
9943.135742, 1.695707, -1.655780
9947.860352, 1.913288, 0.111050
9952.584961, 1.655147, -1.660037
9957.269531, 1.911742, 0.126528
9961.994141, 1.681041, -1.657377
9966.718750, 1.914049, 0.102230
9971.403320, 1.706906, -1.654520
9976.127930, 1.912644, 0.117759
9980.852539, 1.666370, -1.658911
9985.537109, 1.910998, 0.133216
9990.261719, 1.692251, -1.656160
9994.986328, 1.913470, 0.108961
