time,theta,omega
0.000000, 0.020000, 0.000000
4.719997, 1.912165, -0.197040
9.439993, 2.273397, -1.194121
14.119988, 1.125302, -0.047100
18.840052, 3.100286, -0.576026
23.560160, -0.436224, 1.844858
28.280268, -2.324299, -0.213690
33.000374, -2.582946, 1.090605
37.680481, -0.919758, 0.139172
42.400589, 2.923119, 0.378685
47.120697, -2.448235, -0.835034
51.840805, 2.742756, 0.795137
56.560913, -1.970739, -0.961577
61.281021, -3.030015, 0.861103
65.961128, -1.709392, 0.455259
70.681236, -2.299937, 1.153940
75.401344, -1.105838, 0.073446
80.121452, -3.110677, 0.553970
84.841560, -0.113414, -1.805157
89.521667, 2.603104, 0.374749
94.241776, 3.101549, -0.904018
98.961884, 1.877655, -0.400194
103.681992, 2.179014, -1.243451
108.402100, 1.201084, -0.060623
113.082207, 3.009961, -0.649728
117.802315, -3.129505, 0.413211
122.522423, -1.283115, -1.352156
127.242531, -3.093346, 0.753148
131.961884, 2.889616, -0.582625
136.641098, 2.452603, -0.075901
141.360306, 2.401420, -1.208937
146.079514, 1.078276, -0.063511
150.798721, -3.132565, -0.529739
155.517929, 0.745245, 1.616133
160.237137, -2.957550, -0.571581
164.916351, 1.750763, 1.104433
169.635559, 3.022117, -0.861523
174.354767, 1.533866, -0.508506
179.073975, 2.447242, -1.033258
183.793182, 0.969976, -0.138309
188.512390, -3.005313, -0.421367
193.191605, 2.049483, 0.963388
197.910812, 3.110402, -0.863772
202.630020, 2.264651, -0.200920
207.349228, 2.208141, -1.282617
212.068436, 1.207752, -0.048069
216.787643, 2.981262, -0.649875
221.466858, 2.965313, 0.277102
226.186066, -2.552085, -0.830763
230.905273, 2.498343, 0.811860
235.624481, -2.675202, -0.794313
240.343689, 2.228093, 0.860856
245.062897, -3.092000, -0.832594
249.742111, -2.172152, 1.120731
254.461319, -1.170520, 0.061114
259.181732, -3.037588, 0.616645
263.902740, 2.042329, -1.197391
268.623749, 1.253704, -0.066184
273.304749, 2.946725, -0.697181
278.025757, 1.936684, -0.368260
282.746765, 2.169510, -1.260078
287.467773, 1.218403, -0.051625
292.148773, 2.994037, -0.665311
296.869781, 2.704827, 0.088179
301.590790, 2.856540, -1.002887
306.311798, 0.867986, -0.365697
311.032806, -2.890458, -0.324148
315.713806, 2.649222, 0.831099
320.434814, -2.191648, -0.891424
325.155823, 3.093710, 0.844240
329.876831, 2.499943, -0.876251
334.597839, 0.895975, -0.227991
339.278839, -2.904035, -0.362149
343.999847, 2.539952, 0.825516
348.720856, -2.544154, -0.801462
353.441864, 2.589386, 0.790719
358.122864, -2.470051, -0.832055
362.843872, 2.689414, 0.807040
367.564880, -2.122539, -0.910988
372.285889, -3.126177, 0.852663
377.006897, -2.684158, -0.059129
381.687897, -2.815490, 1.028191
386.408905, -0.852901, 0.294868
391.129913, 2.850470, 0.308644
395.850922, -2.801196, -0.815757
400.571930, 1.625024, 1.134654
405.252930, 3.029819, -0.837484
409.973938, 1.704960, -0.461207
414.694946, 2.290997, -1.154413
419.415955, 1.102945, -0.082437
424.096954, 3.129786, -0.558995
428.817963, 0.127739, 1.821449
433.538971, -2.641873, -0.385844
438.259979, 3.103519, 0.871313
442.980988, 2.988460, -0.506585
447.661987, -1.274307, 1.634383
452.382996, -1.834496, -0.054636
457.104004, -2.451825, 1.093066
461.825012, -0.989851, 0.119696
466.546021, 3.030106, 0.439468
471.227020, -1.890187, -1.030879
475.948029, -3.040960, 0.866132
480.669037, -1.654598, 0.482913
485.390045, -2.317381, 1.126781
490.071045, -1.072783, 0.067846
494.792053, 3.117895, 0.525379
499.513062, -0.869449, -1.567446
504.234070, 3.018363, 0.621541
508.955078, -1.163815, -1.400985
513.634827, 3.121278, 0.718840
518.352234, 1.340155, -1.601791
523.069641, 1.788691, 0.041703
527.787048, 2.467939, -1.077305
532.504456, 0.978989, -0.123234
537.221863, -3.013713, -0.432756
541.939270, 2.005894, 0.951118
546.656677, 3.046916, -0.858863
551.334106, 1.849425, -0.401933
556.051514, 2.215700, -1.227347
560.768921, 1.191677, -0.043987
565.486328, 3.010725, -0.638323
570.203735, -2.842727, 0.623658
574.921143, -1.679330, 0.474855
579.638550, -2.291050, 1.146202
584.355957, -1.092975, 0.092081
589.033386, -3.136273, 0.551188
593.750793, -0.305351, -1.783112
598.468201, 2.738878, 0.446492
603.185608, -2.801311, -0.818978
607.903015, 1.585787, 1.169892
612.620422, 3.009763, -0.828230
617.337830, 1.697890, -0.474820
622.055237, 2.266713, -1.161197
626.732666, 1.112396, -0.057415
631.450073, 3.113545, -0.565206
636.167480, -0.112023, 1.848130
640.884888, -2.509947, -0.310288
645.602295, -2.869602, 0.978671
650.319702, -0.891433, 0.403985
655.037109, 2.934833, 0.353109
659.714539, -2.466125, -0.848008
664.431946, 2.668949, 0.810518
669.149353, -2.181326, -0.897321
673.866760, 3.100544, 0.849624
678.584167, 2.758445, -0.688317
683.301575, 1.105975, -0.513738
688.018982, 3.009962, -0.600273
692.736389, -2.226846, 1.069581
697.413818, -1.099324, 0.071412
702.131226, -3.131827, 0.553261
706.848633, -0.232099, -1.800380
711.566040, 2.699775, 0.422253
716.283447, -2.930891, -0.836919
721.000854, 0.376576, 1.750521
725.718262, -2.768732, -0.451039
730.435669, 2.732703, 0.800407
735.113098, -1.975809, -0.989721
739.830505, -3.068761, 0.873643
744.547913, -1.770784, 0.435693
749.265320, -2.251757, 1.191902
753.982727, -1.150865, 0.059388
758.700134, -3.055944, 0.599213
763.417542, 1.393728, -1.566579
768.134949, 1.731606, 0.008659
772.812378, 2.517335, -1.048766
777.529785, 0.956403, -0.126251
782.247192, -2.973696, -0.414798
786.964600, 2.189026, 0.899308
791.682007, -3.089983, -0.843041
796.399414, -2.418158, 0.937519
801.116821, -0.950910, 0.166765
805.834229, 2.983164, 0.403630
810.511658, -2.183723, -0.915596
815.229065, 3.070368, 0.848927
819.946472, 2.277720, -1.044890
824.663879, 1.076478, -0.091723
829.381287, -3.133139, -0.528736
834.098694, 0.740022, 1.620757
838.816101, -2.956605, -0.574605
843.533508, 1.776067, 1.058691
848.210938, 3.026475, -0.864103
852.928345, 1.520926, -0.504828
857.645752, 2.477231, -1.017942
862.363159, 0.958817, -0.137476
867.080566, -2.983230, -0.414644
871.797974, 2.168231, 0.896150
876.515381, -3.124393, -0.843292
881.232788, -2.946588, 0.538420
885.910217, 2.478959, -0.906852
890.627625, 0.930221, -0.171725
895.345032, -2.941619, -0.388080
900.062439, 2.370594, 0.849482
904.779846, -2.874049, -0.807882
909.497253, 1.158238, 1.410978
914.214661, 3.135507, -0.713360
918.932068, -1.501611, 1.510275
923.609497, -1.652917, -0.027762
928.326904, -2.561295, 1.005715
933.044312, -0.917620, 0.164552
937.761719, 2.927684, 0.375397
942.479126, -2.450302, -0.830220
947.196533, 2.750829, 0.793878
951.913940, -1.944242, -0.974463
956.631348, -3.020919, 0.864064
961.308777, -1.619658, 0.478731
966.026184, -2.384827, 1.092701
970.743591, -1.040609, 0.089055
975.460999, 3.084357, 0.495182
980.178406, -1.344825, -1.314960
984.895813, -3.071065, 0.771924
989.613220, -2.795316, -0.139762
994.330627, -3.070126, 0.909881
999.008057, -1.702932, 0.454575
1003.725464, -2.313110, 1.149044
1008.442871, -1.104760, 0.065390
1013.160278, -3.118573, 0.556781
1017.877686, -0.095936, -1.819261
1022.595093, 2.619631, 0.365055
1027.317505, 3.106874, -0.886751
1032.002075, 2.187252, -0.240489
1036.726685, 2.182609, -1.288232
1041.451294, 1.224086, -0.046593
1046.135864, 2.988392, -0.667635
1050.860474, 2.640912, 0.039990
1055.585083, 2.702550, -1.061269
1060.269653, 0.866765, -0.206954
1064.994263, -2.854841, -0.322702
1069.718872, 2.757023, 0.814959
1074.443481, -1.843459, -1.017047
1079.128052, -3.029916, 0.864321
1083.852661, -1.571983, 0.503777
1088.577271, -2.398416, 1.063851
1093.261841, -1.000839, 0.102832
1097.986450, 3.029216, 0.452443
1102.711060, -1.851952, -1.026615
1107.395630, -3.043778, 0.865749
1112.120239, -1.631696, 0.483949
1116.844849, -2.352331, 1.104316
1121.529419, -1.046682, 0.075640
1126.254028, 3.082989, 0.498212
1130.978638, -1.327690, -1.321975
1135.703247, -3.078961, 0.758483
1140.387817, 3.131243, -0.412828
1145.112427, 1.288467, 1.348198
1149.837036, 3.093427, -0.749707
1154.521606, -2.810626, 0.656501
1159.246216, -1.323183, 0.532181
1163.970825, -2.703120, 0.833479
1168.655396, -0.898645, 0.359438
1173.380005, 2.913198, 0.353363
1178.104614, -2.539672, -0.815128
1182.829224, 2.574270, 0.785143
1187.513794, -2.526029, -0.815212
1192.238403, 2.595978, 0.798123
1196.963013, -2.458794, -0.802101
1201.647583, 2.756782, 0.809591
1206.372192, -1.829262, -1.042497
1211.096802, -3.012076, 0.857615
1215.781372, -1.585418, 0.489352
1220.505981, -2.413681, 1.064578
1225.230591, -1.001519, 0.118021
1229.915161, 3.025342, 0.461761
1234.639771, -1.800470, -1.070563
1239.364380, -3.020569, 0.856365
1244.088989, -1.603122, 0.505055
1248.773560, -2.388119, 1.089229
1253.498169, -1.030667, 0.099203
1258.222778, 3.076178, 0.478232
1262.907349, -1.484470, -1.249806
1267.631958, -3.045292, 0.809712
1272.356567, -2.078979, 0.309864
1277.041138, -2.183598, 1.283256
1281.765747, -1.235993, 0.030259
1286.490356, -2.960375, 0.673837
1291.174927, -2.386606, 0.117052
1295.899536, -2.328948, 1.237987
1300.624146, -1.126733, 0.056547
1305.348755, -3.086375, 0.570441
1310.033325, 0.449253, -1.849417
1314.757935, 2.322187, 0.218512
1319.482544, 2.589995, -1.086948
1324.167114, 0.913342, -0.146116
1328.891724, -2.915924, -0.368188
1333.616333, 2.501240, 0.815874
1338.300903, -2.635940, -0.814012
1343.025513, 2.278900, 0.862553
1347.750122, -3.006521, -0.823719
1352.474731, -0.517667, 1.823467
1357.159302, -2.249841, -0.195866
1361.883911, -2.532802, 1.113551
1366.608521, -0.951422, 0.135497
1371.293091, 2.965885, 0.413246
1376.017700, -2.216253, -0.886884
1380.742310, 3.067580, 0.830351
1385.426880, 1.734900, -1.399205
1390.151489, 1.516738, -0.006789
1394.876099, 2.659893, -0.909746
1399.560669, 0.871069, -0.271738
1404.285278, -2.864007, -0.325305
1409.009888, 2.728417, 0.814066
1413.734497, -1.970543, -0.956182
1418.419067, -3.059856, 0.869283
1423.143677, -1.747967, 0.450362
1427.868286, -2.251290, 1.179982
1432.552856, -1.129795, 0.050714
1437.277466, -3.093624, 0.576382
1442.002075, 0.477557, -1.833845
1446.686646, 2.279877, 0.216555
1451.411255, 2.570114, -1.102932
1456.135864, 0.934132, -0.141715
1460.860474, -2.954961, -0.383317
1465.545044, 2.335498, 0.861827
1470.269653, -2.912930, -0.810205
1474.994263, 0.816715, 1.576190
1479.678833, -2.965426, -0.602450
1484.403442, 1.562082, 1.191284
1489.128052, 3.021925, -0.818804
1493.812622, 1.881388, -0.388263
1498.537231, 2.202427, -1.235884
1503.261841, 1.192550, -0.054166
1507.946411, 3.026963, -0.639654
1512.671021, -2.736839, 0.708911
1517.395630, -1.022363, 0.483049
1522.120239, 3.139729, 0.497664
1526.804810, -0.919270, -1.551450
1531.529419, 3.040181, 0.643639
1536.254028, -0.805605, -1.583881
1540.938599, 2.960186, 0.600227
1545.663208, -1.599308, -1.171556
1550.387817, -3.017354, 0.826763
1555.072388, -1.789245, 0.424362
1559.796997, -2.251734, 1.194090
1564.521606, -1.147530, 0.064314
1569.206177, -3.080847, 0.598615
1573.930786, 1.154961, -1.678573
1578.655396, 1.900270, 0.061412
1583.380005, 2.422142, -1.112845
1588.064575, 1.005416, -0.093997
1592.789185, -3.035790, -0.456746
1597.513794, 1.808412, 1.046795
1602.198364, 3.036209, -0.861611
1606.922974, 1.610312, -0.490954
1611.647583, 2.368992, -1.090001
1616.332153, 1.030384, -0.084392
1621.056763, -3.063658, -0.482094
1625.781372, 1.538007, 1.200812
1630.505981, 3.023369, -0.810018
1635.190552, 1.982445, -0.346525
1639.915161, 2.163309, -1.269755
1644.639771, 1.223939, -0.052299
1649.324341, 2.986077, -0.667313
1654.048950, 2.632776, 0.033061
1658.773560, 2.682457, -1.068640
1663.458130, 0.872555, -0.195108
1668.182739, -2.863540, -0.328017
1672.907349, 2.726979, 0.810655
1677.591919, -1.955565, -0.998630
1682.316528, -3.063481, 0.867722
1687.041138, -1.801155, 0.432886
1691.765747, -2.212373, 1.208970
1696.450317, -1.160834, 0.045149
1701.174927, -3.053425, 0.605009
1705.899536, 1.548240, -1.487934
1710.584106, 1.619149, 0.019068
1715.308716, 2.583615, -0.979720
1720.033325, 0.890345, -0.204525
1724.717896, -2.889321, -0.355778
1729.442505, 2.591046, 0.822064
1734.167114, -2.411330, -0.817513
1738.851685, 2.820359, 0.819731
1743.576294, -1.411621, -1.281647
1748.300903, -3.057478, 0.789637
1753.025513, -2.419403, 0.116498
1757.710083, -2.372837, 1.220740
1762.434692, -1.096871, 0.061140
1767.159302, -3.125710, 0.542579
1771.843872, -0.359453, -1.772047
1776.568481, 2.765633, 0.463013
1781.293091, -2.705213, -0.804111
1785.977661, 2.063476, 0.950321
1790.702271, 3.113322, -0.861336
1795.426880, 2.346806, -0.156704
1800.151489, 2.260598, -1.256145
1804.836060, 1.154221, -0.038590
1809.560669, 3.061715, -0.598723
1814.285278, -1.294885, 1.609098
1818.969849, -1.787040, -0.050782
1823.694458, -2.479490, 1.070410
1828.419067, -0.966394, 0.133316
1833.103638, 2.983035, 0.428024
1837.828247, -2.104439, -0.929426
1842.552856, -3.129381, 0.849200
1847.237427, -2.777090, -0.141911
1851.962036, -3.059514, 0.930058
1856.686646, -1.440864, 0.531907
1861.411255, -2.538686, 0.954495
1866.095825, -0.899653, 0.191007
1870.820435, 2.902057, 0.352671
1875.545044, -2.578553, -0.805947
1880.229614, 2.466782, 0.827554
1884.954224, -2.707246, -0.799924
1889.678833, 2.087792, 0.912854
1894.363403, 3.122550, -0.865981
1899.088013, 2.342045, -0.153612
1903.812622, 2.269132, -1.257039
1908.537231, 1.156583, -0.063077
1913.221802, 3.063330, -0.605234
1917.946411, -1.467956, 1.534344
1922.671021, -1.684774, -0.001431
1927.355591, -2.548043, 1.018469
1932.080200, -0.922540, 0.161190
1936.804810, 2.936951, 0.373154
1941.489380, -2.409055, -0.852967
1946.213989, 2.784243, 0.803008
1950.938599, -1.737529, -1.082183
1955.623169, -3.031931, 0.856984
1960.347778, -1.592070, 0.492985
1965.072388, -2.393239, 1.074237
1969.796997, -1.009523, 0.120547
1974.481567, 3.040840, 0.467559
1979.206177, -1.717883, -1.105362
1983.930786, -3.008161, 0.843867
1988.615356, -1.638565, 0.476297
1993.339966, -2.360531, 1.104472
1998.064575, -1.045215, 0.099919
2002.749146, 3.080595, 0.502601
2007.473755, -1.291516, -1.350537
2012.198364, -3.093766, 0.754765
2016.882935, 2.921849, -0.575260
2021.607544, 2.696368, 0.081352
2026.332153, 2.834525, -1.007468
2031.056763, 0.855805, -0.354258
2035.741333, -2.865668, -0.324891
2040.465942, 2.722008, 0.817316
2045.190552, -1.980269, -0.955724
2049.875000, -3.067909, 0.870709
2054.599609, -1.784758, 0.434545
2059.324219, -2.233665, 1.197690
2064.008789, -1.150530, 0.041214
2068.733398, -3.071147, 0.596613
2073.458008, 1.172801, -1.664170
2078.182617, 1.874749, 0.040833
2082.867188, 2.457284, -1.102694
2087.591797, 0.997279, -0.108647
2092.316406, -3.033761, -0.445726
2097.000977, 1.844161, 1.054147
2101.725586, 3.033046, -0.861489
2106.450195, 1.638146, -0.491731
2111.134766, 2.366438, -1.110502
2115.859375, 1.056286, -0.083967
2120.583984, -3.104814, -0.504218
2125.268555, 1.131587, 1.450987
2129.993164, -3.128594, -0.719149
2134.717773, -1.390939, 1.570251
2139.442383, -1.734652, -0.009615
2144.126953, -2.516684, 1.044936
2148.851562, -0.945327, 0.142050
2153.576172, 2.966811, 0.395205
2158.260742, -2.260027, -0.886815
2162.985352, 2.998069, 0.826982
2167.709961, 0.485096, -1.831689
2172.394531, 2.275116, 0.214236
2177.119141, 2.565389, -1.104736
2181.843750, 0.937160, -0.139576
2186.568359, -2.958854, -0.386280
2191.252930, 2.315574, 0.866640
2195.977539, -2.939984, -0.813979
2200.702148, 0.500744, 1.703745
2205.386719, -2.807047, -0.496821
2210.111328, 2.517859, 0.818618
2214.835938, -2.616107, -0.788552
2219.520508, 2.399931, 0.841398
2224.245117, -2.822172, -0.806281
2228.969727, 1.513573, 1.207363
2233.654297, 3.056363, -0.816119
2238.378906, 2.048150, -0.315981
2243.103516, 2.153336, -1.283235
2247.828125, 1.233267, -0.051970
2252.512695, 2.973552, -0.675414
2257.237305, 2.412858, -0.112492
2261.961914, 2.332236, -1.226889
2266.646484, 1.104289, -0.047599
2271.371094, 3.125240, -0.552296
2276.095703, 0.250483, 1.781807
2280.780273, -2.678145, -0.421866
2285.504883, 2.966457, 0.847067
2290.229492, 0.245599, -1.843749
2294.914062, 2.410968, 0.279438
2299.638672, 2.733509, -1.039228
2304.363281, 0.855646, -0.243303
2309.087891, -2.855682, -0.306762
2313.772461, 2.769406, 0.830400
2318.497070, -1.688567, -1.116090
2323.221680, -3.005453, 0.841595
2327.906250, -1.629219, 0.478227
2332.630859, -2.370680, 1.097328
2337.355469, -1.037493, 0.102220
2342.040039, 3.070394, 0.495530
2346.764648, -1.396250, -1.292535
2351.489258, -3.062479, 0.783750
2356.213867, -2.557810, 0.028004
2360.898438, -2.564242, 1.133732
2365.623047, -0.950930, 0.124223
2370.347656, 2.974095, 0.400779
2375.032227, -2.222150, -0.896614
2379.756836, 3.041695, 0.833457
2384.481445, 1.341780, -1.588664
2389.166016, 1.759118, 0.047428
2393.890625, 2.496041, -1.057510
2398.615234, 0.955190, -0.139068
2403.299805, -2.967407, -0.417997
2408.024414, 2.188864, 0.902047
2412.749023, -3.082729, -0.837469
2417.473633, -2.141735, 1.125631
2422.158203, -1.163149, 0.059326
2426.882812, -3.049211, 0.607163
2431.607422, 1.659392, -1.427950
2436.291992, 1.541106, 0.006642
2441.016602, 2.647392, -0.927163
2445.741211, 0.864718, -0.265926
2450.425781, -2.861383, -0.331544
2455.150391, 2.715132, 0.821849
2459.875000, -1.984925, -0.959310
2464.559570, -3.076690, 0.872482
2469.284180, -1.820122, 0.417733
2474.008789, -2.221514, 1.212588
2478.733398, -1.165602, 0.066898
2483.417969, -3.053558, 0.614119
2488.142578, 1.811441, -1.346748
2492.867188, 1.442221, -0.033524
2497.551758, 2.750302, -0.853915
2502.276367, 0.894466, -0.374858
2507.000977, -2.921479, -0.349305
2511.685547, 2.506325, 0.841439
2516.410156, -2.584711, -0.806608
2521.134766, 2.462746, 0.810306
2525.859375, -2.759880, -0.784788
2530.543945, 1.916602, 1.008214
2535.268555, 3.040016, -0.864539
2539.993164, 1.680825, -0.480774
2544.677734, 2.326715, -1.139699
2549.402344, 1.088560, -0.074745
2554.126953, 3.135931, -0.534709
2558.811523, 0.536930, 1.717063
2563.536133, -2.857323, -0.522936
2568.260742, 2.310465, 0.848343
2572.945312, -2.950541, -0.832580
2577.669922, 0.040973, 1.831964
2582.394531, -2.590983, -0.352156
2587.119141, -3.042308, 0.906991
2591.803711, -1.540745, 0.503550
2596.528320, -2.451185, 1.032184
2601.252930, -0.965747, 0.141799
2605.937500, 2.983987, 0.426848
2610.662109, -2.107310, -0.926301
2615.386719, -3.128342, 0.848191
2620.071289, -2.788696, -0.149115
2624.795898, -3.090717, 0.918314
2629.520508, -1.705102, 0.468774
2634.245117, -2.273851, 1.157821
2638.929688, -1.103635, 0.063211
2643.654297, -3.122371, 0.550600
2648.378906, -0.258161, -1.776877
2653.063477, 2.679882, 0.418938
2657.788086, -2.970426, -0.844434
2662.512695, -0.241706, 1.840923
2667.197266, -2.409755, -0.274748
2671.921875, -2.725287, 1.040139
2676.646484, -0.855445, 0.243086
2681.331055, 2.845811, 0.323255
2686.055664, -2.768835, -0.826586
2690.780273, 1.716736, 1.096371
2695.504883, 3.000916, -0.843618
2700.189453, 1.604580, -0.487648
2704.914062, 2.386584, -1.081777
2709.638672, 1.018835, -0.113714
2714.323242, -3.050209, -0.477033
2719.047852, 1.619476, 1.162475
2723.772461, 3.016365, -0.830216
2728.457031, 1.760170, -0.434923
2733.181641, 2.270652, -1.178638
2737.906250, 1.130280, -0.068834
2742.590820, 3.101578, -0.582708
2747.315430, -0.578664, 1.832552
2752.040039, -2.245259, -0.181350
2756.764648, -2.512142, 1.115705
2761.449219, -0.958690, 0.113545
2766.173828, 2.975925, 0.411686
2770.898438, -2.202085, -0.877998
2775.583008, 3.069853, 0.847901
2780.307617, 2.245717, -1.064009
2785.032227, 1.092619, -0.095518
2789.716797, -3.138983, -0.547324
2794.441406, 0.427062, 1.745745
2799.166016, -2.796823, -0.474707
2803.890625, 2.608906, 0.795799
2808.575195, -2.409834, -0.833377
2813.299805, 2.819564, 0.801305
2818.024414, -1.567102, -1.171085
2822.708984, -3.042572, 0.824424
2827.433594, -1.890635, 0.392741
2832.158203, -2.177735, 1.244507
2836.842773, -1.199988, 0.030113
2841.567383, -3.010500, 0.642284
2846.291992, 2.919198, -0.564000
2850.976562, 2.988773, 0.296785
2855.701172, -2.431165, -0.843851
2860.425781, 2.759470, 0.794813
2865.150391, -1.900889, -0.989589
2869.834961, -3.040989, 0.867915
2874.559570, -1.621798, 0.490329
2879.284180, -2.352105, 1.100318
2883.968750, -1.040715, 0.082713
2888.693359, 3.079070, 0.491232
2893.417969, -1.408148, -1.270962
2898.102539, -3.083330, 0.789326
2902.827148, -2.610324, -0.019460
2907.551758, -2.641462, 1.089925
2912.236328, -0.895179, 0.159110
2916.960938, 2.889344, 0.351841
2921.685547, -2.606853, -0.813623
2926.410156, 2.393175, 0.813018
2931.094727, -2.865910, -0.817133
2935.819336, 1.122420, 1.435481
2940.543945, -3.128748, -0.700143
2945.228516, -1.007839, 1.734381
2949.953125, -1.998365, -0.097202
2954.677734, -2.421323, 1.133153
2959.362305, -1.019447, 0.079930
2964.086914, 3.049095, 0.472085
2968.811523, -1.663409, -1.131441
2973.536133, -3.007352, 0.834201
2978.220703, -1.698560, 0.460114
2982.945312, -2.304748, 1.145793
2987.669922, -1.091000, 0.086456
2992.354492, 3.138962, 0.544991
2997.079102, -0.476357, -1.726435
3001.803711, 2.820434, 0.485493
3006.488281, -2.493944, -0.836717
3011.212891, 2.625700, 0.802720
3015.937500, -2.354428, -0.829654
3020.622070, 2.904878, 0.827434
3025.346680, -0.651256, -1.665424
3030.071289, 2.911988, 0.551358
3034.795898, -2.043546, -0.930291
3039.480469, -3.096111, 0.865225
3044.205078, -2.095414, 0.296531
3048.929688, -2.145430, 1.290278
3053.614258, -1.236491, 0.021125
3058.338867, -2.966833, 0.675467
3063.063477, -2.381157, 0.136253
3067.748047, -2.339730, 1.237417
3072.472656, -1.128355, 0.047892
3077.197266, -3.090676, 0.573661
3081.921875, 0.422969, -1.833259
3086.606445, 2.303644, 0.219100
3091.331055, 2.582727, -1.094301
3096.055664, 0.918908, -0.158398
3100.740234, -2.925735, -0.382264
3105.464844, 2.429592, 0.834839
3110.189453, -2.782642, -0.790442
3114.874023, 1.782449, 1.081901
3119.598633, 3.022015, -0.860040
3124.323242, 1.564492, -0.509400
3129.007812, 2.438502, -1.056062
3133.732422, 0.996576, -0.109579
3138.457031, -3.027517, -0.446929
3143.181641, 1.890923, 1.001213
3147.866211, 3.044613, -0.865433
3152.590820, 1.661382, -0.479049
3157.315430, 2.316756, -1.127642
3162.000000, 1.071029, -0.070701
3166.724609, -3.117253, -0.520310
3171.449219, 0.946161, 1.521177
3176.133789, -3.025954, -0.650446
3180.858398, 0.804946, 1.599440
3185.583008, -2.986557, -0.600468
3190.267578, 1.445919, 1.276005
3194.992188, 3.056302, -0.805126
3199.716797, 2.193559, -0.244689
3204.441406, 2.166589, -1.289876
3209.125977, 1.222440, -0.024839
3213.850586, 2.981351, -0.662255
3218.575195, 2.716663, 0.084281
3223.259766, 2.898315, -0.993832
3227.984375, 0.896230, -0.398364
3232.708984, -2.928602, -0.352792
3237.393555, 2.478173, 0.844812
3242.118164, -2.646091, -0.803225
3246.842773, 2.287485, 0.848464
3251.567383, -3.018177, -0.817271
3256.251953, -0.602005, 1.828510
3260.976562, -2.232565, -0.177119
3265.701172, -2.503757, 1.119321
3270.385742, -0.965391, 0.108540
3275.110352, 2.983673, 0.418542
3279.834961, -2.152303, -0.896239
3284.519531, 3.108913, 0.855519
3289.244141, 3.073367, -0.452429
3293.968750, 0.525722, 1.703625
3298.653320, -2.822869, -0.514164
3303.377930, 2.424322, 0.838671
3308.102539, -2.782540, -0.796517
3312.827148, 1.787520, 1.047486
3317.511719, 3.026133, -0.859439
3322.236328, 1.569832, -0.503605
3326.960938, 2.402215, -1.061624
3331.645508, 0.998720, -0.103282
3336.370117, -3.025915, -0.450597
3341.094727, 1.872144, 1.017592
3345.779297, 3.048454, -0.867291
3350.503906, 1.651493, -0.477646
3355.228516, 2.336420, -1.117471
3359.953125, 1.057514, -0.101581
3364.637695, -3.100980, -0.512706
3369.362305, 1.105459, 1.445248
3374.086914, -3.121313, -0.692219
3378.771484, -0.746166, 1.803970
3383.496094, -2.151425, -0.147212
3388.220703, -2.456451, 1.135029
3392.905273, -0.998528, 0.089542
3397.629883, 3.024415, 0.451258
3402.354492, -1.874356, -1.017771
3407.039062, -3.050233, 0.867901
3411.763672, -1.655681, 0.475635
3416.488281, -2.334795, 1.119672
3421.212891, -1.060392, 0.099513
3425.897461, 3.103687, 0.515656
3430.622070, -1.059678, -1.470487
3435.346680, 3.101967, 0.678592
3440.031250, 0.280118, -1.857746
3444.755859, 2.418472, 0.265973
3449.480469, 2.718086, -1.035237
3454.165039, 0.859967, -0.233710
3458.889648, -2.848277, -0.315063
3463.614258, 2.789046, 0.816170
3468.298828, -1.640394, -1.162676
3473.023438, -3.024525, 0.844100
3477.748047, -1.650063, 0.483588
3482.472656, -2.322873, 1.121161
3487.157227, -1.063127, 0.075601
3491.881836, 3.108873, 0.512255
3496.606445, -1.080046, -1.450505
3501.291016, 3.084294, 0.691554
3506.015625, 0.309025, -1.850654
3510.740234, 2.393618, 0.243744
3515.424805, 2.708813, -1.054454
3520.149414, 0.869385, -0.208244
3524.874023, -2.865721, -0.322488
3529.598633, 2.739774, 0.802713
3534.283203, -1.944174, -0.994212
3539.007812, -3.047487, 0.864502
3543.732422, -1.737460, 0.462171
3548.416992, -2.284945, 1.173059
3553.141602, -1.126294, 0.063334
3557.866211, -3.088829, 0.570737
3562.550781, 0.448610, -1.852074
3567.275391, 2.326218, 0.224422
3572.000000, 2.600243, -1.084893
3576.684570, 0.910910, -0.146123
3581.409180, -2.910347, -0.366863
3586.133789, 2.516357, 0.818351
3590.858398, -2.623838, -0.783723
3595.542969, 2.393432, 0.838193
3600.267578, -2.842945, -0.804272
3604.992188, 1.405761, 1.264668
3609.676758, 3.080546, -0.786711
3614.401367, 2.625677, 0.028086
3619.125977, 2.668322, -1.075793
3623.810547, 0.879462, -0.182616
3628.535156, -2.871411, -0.335284
3633.259766, 2.691462, 0.810317
3637.944336, -2.094013, -0.939810
3642.668945, -3.135124, 0.858932
3647.393555, -2.635353, -0.031398
3652.118164, -2.681582, 1.066685
3656.802734, -0.870305, 0.200450
3661.527344, 2.863157, 0.324851
3666.251953, -2.737203, -0.807692
3670.936523, 1.929001, 1.007174
3675.661133, 3.049616, -0.866604
3680.385742, 1.717813, -0.465406
3685.070312, 2.307489, -1.159304
3689.794922, 1.112405, -0.062532
3694.519531, 3.109890, -0.558508
3699.244141, 0.029822, 1.818357
3703.928711, -2.555261, -0.345383
3708.653320, -2.984745, 0.936505
3713.377930, -1.137516, 0.537665
3718.062500, -2.969565, 0.645125
3722.787109, -2.643365, -0.040717
3727.511719, -2.705505, 1.058668
3732.196289, -0.864558, 0.212655
3736.920898, 2.853447, 0.319993
3741.645508, -2.767248, -0.813914
3746.330078, 1.761784, 1.096316
3751.054688, 3.023900, -0.859852
3755.779297, 1.564113, -0.506956
3760.503906, 2.402910, -1.058893
3765.188477, 0.995004, -0.107602
3769.913086, -3.023088, -0.446284
3774.637695, 1.905999, 0.997987
3779.322266, 3.052473, -0.867488
3784.046875, 1.690269, -0.467651
3788.771484, 2.299359, -1.144312
3793.456055, 1.090797, -0.060285
3798.180664, -3.139267, -0.540004
3802.905273, 0.558153, 1.692416
3807.629883, -2.859962, -0.504521
3812.314453, 2.340053, 0.857352
3817.039062, -2.911694, -0.810437
3821.763672, 0.826026, 1.572061
3826.448242, -2.969926, -0.605772
3831.172852, 1.519305, 1.215673
3835.897461, 3.029720, -0.809844
3840.582031, 2.010638, -0.329466
3845.306641, 2.167714, -1.274310
3850.031250, 1.229128, -0.045069
3854.715820, 2.984991, -0.672653
3859.440430, 2.519893, -0.039111
3864.165039, 2.485095, -1.162139
3868.889648, 0.994140, -0.111038
3873.574219, -3.020346, -0.453202
3878.298828, 1.873415, 1.025088
3883.023438, 3.023156, -0.857258
3887.708008, 1.666018, -0.468398
3892.432617, 2.336695, -1.123206
3897.157227, 1.066441, -0.091823
3901.841797, -3.106567, -0.522580
3906.566406, 0.961285, 1.526404
3911.291016, -3.058861, -0.652611
3915.975586, 0.499763, 1.731680
3920.700195, -2.839823, -0.514732
3925.424805, 2.382739, 0.835637
3930.149414, -2.875082, -0.795876
3934.833984, 1.220143, 1.392265
3939.558594, 3.118992, -0.739211
3944.283203, -2.288174, 1.027145
3948.967773, -1.046780, 0.093110
3953.692383, 3.086940, 0.496824
3958.416992, -1.323278, -1.319915
3963.101562, -3.108895, 0.767195
3967.826172, 3.033685, -0.483806
3972.550781, -0.331842, 1.846017
3977.275391, -2.374051, -0.226530
3981.959961, -2.671438, 1.064965
3986.684570, -0.879670, 0.193571
3991.409180, 2.883441, 0.330814
3996.093750, -2.653026, -0.827334
4000.818359, 2.193187, 0.883642
4005.542969, -3.102804, -0.838291
4010.227539, -2.507362, 0.883095
4014.952148, -0.907485, 0.201953
4019.676758, 2.917260, 0.358543
4024.361328, -2.496930, -0.843234
4029.085938, 2.603449, 0.806237
4033.810547, -2.409387, -0.820635
4038.535156, 2.849408, 0.792861
4043.219727, -1.414376, -1.282187
4047.944336, -3.057820, 0.791791
4052.668945, -2.388287, 0.134768
4057.353516, -2.341892, 1.235017
4062.078125, -1.122877, 0.052455
4066.802734, -3.094965, 0.567796
4071.487305, 0.330827, -1.859902
4076.211914, 2.393595, 0.257595
4080.936523, 2.687511, -1.050001
4090.345703, -2.858755, -0.327121
4095.070312, 2.737062, 0.815483
4099.794922, -1.927151, -0.977760
4104.479492, -3.048323, 0.869340
4109.204102, -1.659190, 0.478746
4113.928711, -2.321177, 1.125389
4118.613281, -1.068961, 0.070157
4123.337891, 3.113637, 0.518665
4128.062500, -0.982249, -1.504519
4132.747070, 3.042055, 0.663707
4137.471680, -0.519264, -1.714992
4142.196289, 2.844725, 0.505863
4146.920898, -2.403099, -0.818522
4151.605469, 2.840027, 0.812492
4156.330078, -1.348532, -1.307967
4161.054688, -3.071458, 0.765992
4165.739258, -2.931002, -0.250028
4170.463867, 2.704071, 0.820956
4175.188477, -2.038616, -0.931690
4179.873047, -3.094536, 0.869246
4184.597656, -2.019854, 0.331659
4189.322266, -2.151666, 1.279248
4194.006836, -1.232714, 0.018088
4198.731445, -2.975012, 0.672752
4203.456055, -2.469529, 0.077602
4208.180664, -2.399886, 1.195530
4212.865234, -1.051107, 0.066061
4217.589844, 3.093076, 0.501111
4222.314453, -1.268023, -1.347703
4226.999023, -3.126248, 0.748877
4231.723633, 2.440657, -0.925580
4236.448242, 0.938082, -0.174647
4241.132812, -2.948701, -0.401022
4245.857422, 2.302593, 0.867132
4250.582031, -2.962295, -0.815206
4255.306641, 0.234542, 1.778339
4259.991211, -2.665217, -0.407136
4264.715820, 3.020625, 0.853045
4269.440430, 1.194463, -1.649402
4274.125000, 1.849895, 0.064804
4278.849609, 2.454112, -1.095489
4283.574219, 0.989124, -0.119812
4288.258789, -3.011469, -0.449471
4292.983398, 1.916841, 1.009694
4297.708008, 3.040134, -0.860208
4302.392578, 1.748489, -0.438097
4307.117188, 2.281832, -1.171275
4311.841797, 1.122672, -0.069064
4316.566406, 3.089600, -0.566372
4321.250977, -0.342410, 1.855234
4325.975586, -2.381473, -0.245255
4330.700195, -2.661073, 1.057219
4335.384766, -0.876663, 0.192724
4340.109375, 2.870090, 0.331512
4344.833984, -2.705069, -0.807753
4349.518555, 2.055246, 0.952343
4354.243164, 3.106617, -0.861687
4358.967773, 2.273715, -0.201094
4363.652344, 2.254606, -1.271687
4368.376953, 1.194284, -0.032070
4373.101562, 3.012505, -0.635868
4377.826172, -2.729084, 0.703643
4382.510742, -1.054334, 0.482983
4387.235352, -3.114865, 0.529286
4391.959961, -0.350191, -1.755092
4396.644531, 2.730020, 0.451690
4401.369141, -2.803068, -0.821046
4406.093750, 1.561168, 1.179599
4410.778320, 3.047000, -0.826325
4415.502930, 1.890012, -0.389794
4420.227539, 2.185965, -1.242336
4424.952148, 1.196697, -0.061380
4429.636719, 3.015433, -0.642332
4434.361328, -2.887100, 0.591055
4439.085938, -2.276392, 0.201300
4443.770508, -2.249532, 1.270947
4448.495117, -1.190463, 0.039496
4453.219727, -3.011836, 0.631247
4457.904297, 2.639942, -0.786195
4462.628906, 0.886501, -0.334637
4467.353516, -2.902852, -0.339334
4472.038086, 2.578627, 0.836165
4476.762695, -2.400353, -0.833408
4481.487305, 2.839121, 0.801602
4486.211914, -1.451985, -1.235334
4490.896484, -3.066611, 0.796679
4495.621094, -2.369542, 0.139861
4500.345703, -2.287152, 1.246840
4505.030273, -1.139045, 0.038007
4509.754883, -3.083189, 0.585284
4514.479492, 0.766601, -1.787479
4519.164062, 2.114088, 0.150411
4523.888672, 2.461600, -1.137036
4528.613281, 1.005535, -0.103033
4533.337891, -3.046416, -0.452990
4538.022461, 1.764695, 1.090989
4542.747070, 3.019122, -0.853941
4547.471680, 1.600192, -0.504630
4552.156250, 2.393793, -1.086132
4556.880859, 1.027728, -0.099094
4561.605469, -3.071277, -0.475754
4566.290039, 1.520534, 1.231216
4571.014648, 3.039587, -0.818586
4575.739258, 1.948825, -0.372225
4580.423828, 2.196815, -1.258413
4585.148438, 1.219020, -0.033751
4589.873047, 2.981455, -0.658541
4594.597656, 2.794476, 0.136726
4599.282227, 3.099791, -0.918599
4604.006836, 1.754226, -0.449133
4608.731445, 2.245686, -1.183907
4613.416016, 1.134033, -0.050051
4618.140625, 3.088011, -0.580258
4622.865234, -0.612686, 1.816357
4627.549805, -2.202394, -0.183427
4632.274414, -2.506570, 1.125278
4636.999023, -0.975440, 0.117151
4641.683594, 2.991409, 0.437632
4646.408203, -2.035227, -0.960954
4651.132812, -3.093183, 0.857410
4655.857422, -2.214380, 0.240145
4660.541992, -2.211927, 1.282830
4665.266602, -1.215440, 0.037011
4669.991211, -2.980794, 0.654225
4674.675781, -2.882468, -0.216197
4679.400391, 2.886962, 0.840524
4684.125000, -0.817086, -1.580590
4688.809570, 2.966502, 0.608493
4693.534180, -1.511883, -1.225335
4698.258789, -3.034513, 0.811535
4702.983398, -1.999985, 0.353545
4707.667969, -2.175008, 1.273476
4712.392578, -1.229721, 0.039618
4717.117188, -2.961944, 0.667221
4721.801758, -2.514534, 0.039617
4726.526367, -2.483154, 1.165994
4731.250977, -1.001387, 0.103459
4735.935547, 3.025820, 0.461331
4740.660156, -1.806026, -1.064699
4745.384766, -3.018218, 0.855582
4750.069336, -1.622497, 0.477388
4754.793945, -2.384132, 1.090179
4759.518555, -1.030858, 0.101433
4764.243164, 3.078327, 0.477806
4768.927734, -1.481438, -1.248685
4773.652344, -3.044223, 0.807238
4778.376953, -2.104065, 0.298506
4783.061523, -2.182563, 1.285760
4787.786133, -1.235111, 0.032808
4792.510742, -2.959221, 0.672666
4797.195312, -2.402617, 0.108704
4801.919922, -2.342375, 1.230977
4806.644531, -1.113393, 0.062382
4811.329102, -3.123182, 0.567150
4816.053711, 0.062124, -1.846275
4820.778320, 2.535663, 0.322640
4825.502930, 2.920900, -0.951335
4830.187500, 0.999534, -0.470209
4834.912109, -3.085232, -0.468241
4839.636719, 1.486725, 1.224412
4844.321289, 3.062769, -0.807303
4849.045898, 2.204738, -0.234665
4853.770508, 2.179481, -1.287773
4858.455078, 1.220255, -0.018757
4863.179688, 2.988888, -0.661213
4867.904297, 2.780778, 0.132996
4872.628906, 3.039131, -0.919219
4877.313477, 1.469990, -0.518148
4882.038086, 2.527479, -0.972598
4886.762695, 0.909156, -0.189592
4891.447266, -2.914998, -0.372768
4896.171875, 2.483516, 0.827725
4900.896484, -2.678406, -0.787822
4905.581055, 2.207228, 0.894770
4910.305664, -3.063536, -0.841043
4915.030273, -1.916698, 1.277299
4919.714844, -1.354652, 0.014960
4924.439453, -2.835732, 0.780668
4929.164062, -1.086554, 0.511435
4933.888672, -3.040828, 0.573687
4938.573242, 1.256236, -1.639474
4943.297852, 1.839367, 0.048948
4948.022461, 2.443051, -1.092601
4952.707031, 0.988835, -0.101564
4957.431641, -3.012902, -0.441351
4962.156250, 1.961797, 0.975335
4966.840820, 3.072901, -0.869392
4971.565430, 1.821164, -0.418885
4976.290039, 2.216973, -1.214129
4981.014648, 1.166472, -0.069093
4985.699219, 3.050579, -0.614551
4990.423828, -1.847099, 1.323778
4995.148438, -1.412073, 0.040323
4999.833008, -2.777805, 0.829962
5004.557617, -0.930311, 0.421221
5009.282227, 2.984063, 0.389972
5013.966797, -2.212242, -0.903178
5018.691406, 3.045743, 0.836283
5023.416016, 1.492014, -1.518422
5028.100586, 1.662570, 0.031730
5032.825195, 2.557417, -1.006025
5037.549805, 0.911134, -0.175791
5042.274414, -2.925648, -0.360751
5046.958984, 2.476389, 0.837298
5051.683594, -2.670288, -0.795841
5056.408203, 2.236291, 0.855798
5061.092773, -3.052922, -0.845241
5065.817383, -1.865840, 1.313543
5070.541992, -1.402195, 0.037316
5075.226562, -2.791921, 0.822006
5079.951172, -0.950090, 0.434102
5084.675781, 3.011297, 0.411840
5089.360352, -2.040293, -0.971299
5094.084961, -3.113145, 0.860861
5098.809570, -2.337197, 0.161517
5103.534180, -2.254393, 1.259422
5108.218750, -1.160677, 0.035557
5112.943359, -3.055154, 0.605095
5117.667969, 1.527885, -1.499085
5122.352539, 1.634312, 0.022769
5127.077148, 2.573403, -0.989165
5131.801758, 0.897256, -0.194394
5136.486328, -2.896898, -0.362599
5141.210938, 2.553991, 0.825361
5145.935547, -2.505766, -0.803453
5150.660156, 2.677765, 0.782458
5155.344727, -2.231694, -0.880035
5160.069336, 3.051458, 0.834163
5164.793945, 1.509698, -1.506217
5169.478516, 1.644131, 0.022246
5174.203125, 2.564147, -0.995300
5178.927734, 0.901313, -0.190117
5183.612305, -2.903050, -0.366041
5188.336914, 2.530742, 0.825397
5193.061523, -2.567618, -0.795157
5197.746094, 2.513798, 0.826167
5202.470703, -2.595922, -0.807428
5207.195312, 2.428298, 0.817138
5211.919922, -2.818162, -0.789863
5216.604492, 1.612884, 1.169605
5221.329102, 3.020328, -0.834758
5226.053711, 1.707752, -0.470993
5230.738281, 2.308357, -1.155311
5235.462891, 1.106601, -0.067963
5240.187500, 3.114218, -0.552201
5244.872070, 0.109715, 1.829705
5249.596680, -2.634761, -0.386323
5254.321289, 3.112122, 0.873836
5259.045898, -3.119220, -0.372821
5263.730469, 1.705070, 1.124186
5268.455078, 3.018304, -0.846665
5273.179688, 1.633991, -0.495268
5277.864258, 2.363674, -1.109710
5282.588867, 1.054207, -0.088016
5287.313477, -3.104798, -0.501399
5291.998047, 1.162950, 1.430639
5296.722656, -3.141212, -0.725299
5301.447266, -1.681957, 1.417287
5306.131836, -1.529832, -0.009758
5310.856445, -2.661913, 0.919025
5315.581055, -0.864520, 0.273864
5320.305664, 2.871464, 0.315104
5324.990234, -2.716273, -0.826201
5329.714844, 1.957874, 0.976634
5334.439453, 3.038639, -0.860520
5339.124023, 1.758004, -0.438163
5343.848633, 2.266603, -1.179105
5348.573242, 1.129801, -0.071983
5353.257812, 3.099726, -0.581719
5357.982422, -0.566881, 1.832134
5362.707031, -2.248884, -0.179557
5367.391602, -2.555247, 1.114382
5372.116211, -0.956616, 0.117197
5376.840820, 2.975298, 0.408804
5381.565430, -2.216821, -0.869810
5386.250000, 3.062112, 0.844281
5390.974609, 2.006712, -1.223309
5395.699219, 1.288172, -0.056104
5400.383789, 2.911972, -0.725412
5405.108398, 1.529850, -0.508130
5409.833008, 2.450891, -1.026905
5414.517578, 0.963833, -0.122676
5419.242188, -2.979285, -0.417476
5423.966797, 2.164734, 0.897006
5428.691406, -3.124742, -0.837173
5433.375977, -2.816723, 0.648856
5438.100586, -1.386938, 0.531892
5442.825195, -2.610888, 0.900658
5447.509766, -0.874222, 0.254991
5452.234375, 2.871396, 0.327399
5456.958984, -2.710885, -0.807043
5461.643555, 2.036695, 0.959052
5466.368164, 3.094957, -0.862805
5471.092773, 2.143407, -0.275138
5475.777344, 2.196547, -1.285910
5480.501953, 1.232009, -0.027901
5485.226562, 2.966829, -0.670448
5489.951172, 2.475676, -0.080363
5494.635742, 2.442092, -1.189472
5499.360352, 1.042469, -0.079334
5504.084961, -3.089958, -0.490011
5508.769531, 1.337441, 1.332952
5513.494141, 3.082521, -0.773712
5518.218750, 2.889466, 0.207916
5522.903320, -2.869592, -0.849777
5527.627930, 0.849792, 1.577122
5532.352539, -3.008029, -0.615444
5537.037109, 1.221146, 1.401962
5541.761719, 3.121702, -0.746305
5546.486328, -2.428588, 0.931326
5551.210938, -0.941274, 0.175424
5555.895508, 2.956506, 0.402878
5560.620117, -2.278566, -0.867540
5565.344727, 3.002816, 0.817572
5570.029297, 0.402737, -1.853546
5574.753906, 2.350918, 0.234869
5579.478516, 2.627937, -1.073282
5584.163086, 0.895377, -0.163756
5588.887695, -2.890974, -0.351295
5593.612305, 2.605514, 0.811632
5598.336914, -2.403842, -0.808739
5603.021484, 2.854289, 0.814236
5607.746094, -1.237575, -1.370374
5612.470703, -3.109298, 0.733875
5617.155273, 2.299097, -1.032180
5621.879883, 1.058368, -0.099115
5626.604492, -3.110445, -0.505422
5631.289062, 1.091290, 1.469644
5636.013672, -3.113328, -0.704270
5640.738281, -0.869888, 1.762645
5645.422852, -2.055121, -0.131819
5650.147461, -2.447120, 1.137165
5654.872070, -1.015380, 0.098075
5659.596680, 3.057733, 0.463022
5664.281250, -1.662616, -1.147866
5669.005859, -3.020187, 0.842040
5673.730469, -1.664320, 0.484824
5678.415039, -2.341947, 1.128560
5683.139648, -1.076239, 0.077967
5687.864258, 3.131037, 0.523109
5692.548828, -0.787242, -1.618555
5697.273438, 2.980084, 0.607463
5701.998047, -1.466539, -1.239380
5706.722656, -3.037733, 0.793650
5711.407227, -2.253603, 0.203703
5716.131836, -2.210392, 1.280000
5720.856445, -1.202540, 0.052164
5725.541016, -3.011330, 0.647801
5730.265625, 3.049592, -0.469552
5734.990234, 0.097741, 1.812532
5739.674805, -2.595940, -0.373440
5744.399414, -3.090244, 0.905155
5749.124023, -1.790799, 0.439394
5753.808594, -2.260988, 1.198106
5758.533203, -1.156186, 0.049541
5763.257812, -3.056588, 0.600074
5767.982422, 1.382498, -1.568068
5772.666992, 1.727100, 0.035276
5777.391602, 2.507579, -1.042018
5782.116211, 0.939808, -0.154159
5786.800781, -2.951845, -0.402126
5791.525391, 2.294325, 0.865028
5796.250000, -2.980741, -0.815046
5800.934570, -0.056904, 1.849468
5805.659180, -2.543854, -0.334381
5810.383789, -2.951334, 0.945368
5815.068359, -1.060622, 0.490073
5819.792969, -3.112617, 0.535599
5824.517578, -0.208554, -1.796223
5829.242188, 2.675279, 0.390999
5833.926758, -3.007004, -0.860900
5838.651367, -1.189851, 1.659023
5843.375977, -1.868937, -0.044452
5848.060547, -2.464655, 1.100435
5852.785156, -0.996438, 0.105326
5857.509766, 3.029515, 0.446093
5862.194336, -1.852559, -1.055165
5866.918945, -3.040353, 0.863897
5871.643555, -1.655801, 0.483298
5876.368164, -2.314836, 1.126039
5881.052734, -1.068084, 0.075206
5885.777344, 3.116266, 0.516644
5890.501953, -0.996895, -1.492112
5895.186523, 3.048568, 0.663136
5899.911133, -0.482741, -1.723028
5904.635742, 2.823478, 0.486868
5909.320312, -2.482751, -0.837735
5914.044922, 2.650550, 0.801410
5918.769531, -2.280184, -0.848388
5923.454102, 2.997584, 0.839960
5928.178711, 0.797872, -1.788789
5932.903320, 2.116255, 0.129365
5937.627930, 2.435566, -1.138573
5942.312500, 1.007729, -0.089160
5947.037109, -3.038875, -0.459017
5951.761719, 1.785853, 1.057918
5956.446289, 3.033808, -0.859183
5961.170898, 1.609385, -0.491516
5965.895508, 2.368993, -1.089602
5970.580078, 1.029799, -0.085091
5975.304688, -3.063265, -0.481411
5980.029297, 1.544955, 1.196350
5984.713867, 3.054202, -0.823533
5989.438477, 1.962337, -0.356235
5994.163086, 2.166675, -1.264756
5998.887695, 1.219361, -0.053940
6003.572266, 2.990901, -0.663137
6008.296875, 2.746617, 0.111653
6013.021484, 2.951395, -0.955356
6017.706055, 1.047074, -0.489396
6022.430664, 3.127132, -0.521842
6027.155273, 0.538543, 1.697839
6031.839844, -2.829041, -0.517240
6036.564453, 2.398982, 0.842473
6041.289062, -2.827360, -0.799169
6046.013672, 1.538141, 1.184909
6050.698242, 3.046252, -0.816535
6055.422852, 1.993457, -0.347660
6060.147461, 2.146155, -1.275491
6064.832031, 1.228491, -0.025387
6069.556641, 2.975080, -0.668034
6074.281250, 2.561921, -0.020584
6078.965820, 2.580152, -1.130476
6083.690430, 0.946754, -0.122104
6088.415039, -2.964489, -0.398491
6093.099609, 2.252293, 0.894681
6097.824219, -2.996302, -0.830775
6102.548828, -0.552508, 1.827432
6107.273438, -2.248678, -0.170849
6111.958008, -2.543794, 1.115018
6116.682617, -0.956398, 0.123266
6121.407227, 2.980141, 0.406460
6126.091797, -2.182746, -0.911343
6130.816406, 3.076164, 0.841043
6135.541016, 2.141851, -1.129242
6140.225586, 1.170594, -0.051123
6144.950195, 3.045421, -0.615119
6149.674805, -1.919586, 1.277194
6154.399414, -1.352101, 0.051854
6159.083984, -2.837288, 0.780333
6163.808594, -1.089395, 0.511299
6168.533203, -3.038113, 0.576481
6173.217773, 1.355631, -1.596287
6177.942383, 1.776201, 0.035587
6182.666992, 2.470958, -1.066450
6187.351562, 0.965642, -0.116015
6192.076172, -2.982689, -0.419016
6196.800781, 2.150736, 0.899618
6201.485352, -3.105801, -0.856688
6206.209961, -3.061056, 0.463088
6210.934570, -0.266836, -1.782539
6215.659180, 2.706208, 0.408600
6220.343750, -2.918105, -0.842563
6225.068359, 0.424365, 1.738570
6229.792969, -2.791613, -0.464042
6234.477539, 2.618915, 0.824077
6239.202148, -2.313509, -0.848170
6243.926758, 2.974101, 0.814882
6248.611328, -0.036810, -1.838681
6253.335938, 2.594781, 0.362685
6258.060547, 3.067682, -0.904964
6262.745117, 1.683605, -0.459565
6267.469727, 2.332186, -1.131679
6272.194336, 1.078086, -0.082279
6276.918945, -3.137289, -0.523742
6281.603516, 0.750264, 1.629876
6286.328125, -2.961424, -0.588993
6291.052734, 1.673192, 1.117108
6295.737305, 3.033269, -0.844890
6300.461914, 1.680981, -0.469962
6305.186523, 2.307821, -1.138072
6309.871094, 1.083918, -0.062266
6314.595703, -3.130396, -0.533541
6319.320312, 0.702460, 1.636468
6324.044922, -2.933894, -0.554587
6328.729492, 1.926340, 1.008366
6333.454102, 3.047295, -0.862999
6338.178711, 1.744167, -0.459638
6342.863281, 2.280879, -1.176601
6347.587891, 1.130353, -0.061949
6352.312500, 3.084010, -0.574633
6356.997070, -0.574581, 1.837852
6361.721680, -2.254754, -0.193032
6366.446289, -2.530203, 1.112288
6371.130859, -0.953889, 0.111238
6375.855469, 2.965192, 0.408997
6380.580078, -2.237391, -0.875017
6385.304688, 3.055642, 0.824364
6389.989258, 1.371676, -1.586788
6394.713867, 1.763453, 0.031058
6399.438477, 2.475558, -1.060709
6404.123047, 0.960178, -0.120998
6408.847656, -2.976647, -0.413309
6413.572266, 2.191474, 0.884102
6418.256836, -3.074952, -0.850459
6422.981445, -2.406700, 0.951087
6427.706055, -0.964714, 0.152403
6432.430664, 2.996243, 0.412592
6437.115234, -2.113938, -0.930225
6441.839844, 3.140631, 0.849389
6446.564453, -2.942311, -0.243411
6451.249023, 2.678589, 0.829865
6455.973633, -2.094260, -0.919477
6460.698242, -3.105588, 0.852445
6465.382812, -2.460019, 0.074882
6470.107422, -2.407332, 1.201687
6474.832031, -1.061757, 0.078541
6479.516602, 3.098513, 0.518674
6484.241211, -1.049394, -1.483217
6488.965820, 3.097085, 0.682826
6493.690430, 0.247517, -1.838405
6498.375000, 2.402523, 0.266160
6503.099609, 2.706778, -1.044621
6507.824219, 0.857781, -0.236379
6512.508789, -2.851602, -0.324369
6517.233398, 2.756677, 0.820838
6521.958008, -1.810648, -1.040769
6526.642578, -3.033004, 0.864318
6531.367188, -1.568894, 0.500234
6536.091797, -2.412459, 1.057761
6540.776367, -0.996167, 0.100584
6545.500977, 3.019192, 0.449445
6550.225586, -1.896308, -1.011661
6554.950195, -3.025811, 0.857114
6559.634766, -1.693185, 0.461334
6564.359375, -2.310904, 1.141893
6569.083984, -1.086997, 0.086633
6573.768555, 3.133179, 0.541475
6578.493164, -0.564444, -1.696890
6583.217773, 2.866480, 0.516733
6587.902344, -2.278497, -0.881843
6592.626953, 2.974338, 0.826146
6597.351562, 0.132384, -1.840526
6602.076172, 2.485460, 0.282093
6606.760742, 2.840077, -0.997711
6611.485352, 0.863055, -0.349416
6616.209961, -2.877803, -0.316095
6620.894531, 2.696779, 0.827850
6625.619141, -2.028771, -0.947270
6630.343750, -3.070460, 0.858456
6635.028320, -2.027526, 0.321599
6639.752930, -2.166068, 1.277712
6644.477539, -1.231784, 0.044102
6649.162109, -2.982157, 0.675063
6653.886719, -2.459697, 0.077965
6658.611328, -2.399247, 1.201287
6663.335938, -1.059397, 0.086005
6668.020508, 3.100896, 0.514855
6672.745117, -1.086188, -1.456941
6677.469727, 3.113139, 0.687510
6682.154297, 0.565461, -1.837085
6686.878906, 2.257660, 0.191931
6691.603516, 2.529593, -1.111557
6696.288086, 0.952271, -0.113863
6701.012695, -2.964454, -0.406827
6705.737305, 2.248849, 0.869287
6710.421875, -3.014892, -0.842476
6715.146484, -1.159523, 1.675870
6719.871094, -1.897395, -0.060942
6724.595703, -2.423207, 1.112043
6729.280273, -1.004898, 0.093945
6734.004883, 3.034858, 0.456366
6738.729492, -1.813368, -1.044733
6743.414062, -3.037183, 0.862252
6748.138672, -1.611549, 0.490322
6752.863281, -2.368598, 1.090653
6757.547852, -1.031232, 0.083627
6762.272461, 3.064436, 0.483017
6766.997070, -1.527731, -1.207098
6771.721680, -3.025614, 0.808058
6776.406250, -2.014634, 0.330835
6781.130859, -2.159349, 1.276709
6785.855469, -1.229661, 0.050339
6790.540039, -2.979909, 0.672508
6795.264648, -2.497967, 0.056512
6799.989258, -2.445481, 1.177251
6804.673828, -1.022060, 0.073366
6809.398438, 3.053461, 0.474389
6814.123047, -1.634969, -1.144925
6818.807617, -3.041268, 0.840481
6823.532227, -1.746668, 0.445172
6828.256836, -2.265888, 1.175215
6832.981445, -1.123672, 0.078578
6837.666016, -3.103109, 0.575165
6842.390625, 0.383447, -1.846311
6847.115234, 2.348713, 0.218922
6851.799805, 2.646713, -1.077239
6856.524414, 0.895851, -0.170882
6861.249023, -2.900947, -0.347885
6865.933594, 2.567373, 0.834823
6870.658203, -2.437761, -0.824392
6875.382812, 2.780696, 0.795367
6880.107422, -1.804457, -1.036671
6884.791992, -3.025420, 0.860399
6889.516602, -1.566737, 0.505561
6894.241211, -2.402224, 1.060279
6898.925781, -0.996795, 0.105721
6903.650391, 3.024638, 0.448305
6908.375000, -1.889642, -1.007117
6913.059570, -3.050017, 0.867368
6917.784180, -1.668902, 0.473581
6922.508789, -2.318638, 1.130018
6927.193359, -1.075104, 0.064963
6931.917969, 3.119031, 0.525271
6936.642578, -0.872524, -1.561188
6941.367188, 3.017233, 0.613420
6946.051758, -1.199161, -1.404960
6950.776367, -3.127013, 0.732004
6955.500977, 2.016677, -1.210720
6960.185547, 1.268865, -0.034768
6964.910156, 2.926298, -0.704987
6969.634766, 1.778705, -0.442793
6974.319336, 2.266384, -1.192187
6979.043945, 1.148768, -0.053320
6983.768555, 3.064196, -0.592737
6988.453125, -1.185454, 1.673250
6993.177734, -1.893599, -0.071860
6997.902344, -2.437289, 1.109990
7002.626953, -1.000652, 0.116501
7007.311523, 3.028424, 0.459488
7012.036133, -1.809415, -1.058474
7016.760742, -3.014161, 0.854024
7021.445312, -1.619831, 0.480883
7026.169922, -2.379460, 1.090572
7030.894531, -1.029992, 0.105278
7035.579102, 3.061049, 0.488488
7040.303711, -1.490912, -1.239071
7045.028320, -3.039724, 0.806676
7049.752930, -2.087451, 0.309701
7054.437500, -2.174714, 1.285656
7059.162109, -1.235463, 0.037177
7063.886719, -2.955408, 0.672461
7068.571289, -2.388710, 0.119749
7073.295898, -2.322610, 1.237502
7078.020508, -1.123720, 0.063808
7082.705078, -3.107690, 0.575948
7087.429688, 0.361706, -1.850505
7092.154297, 2.365317, 0.231536
7096.838867, 2.673758, -1.069071
7101.563477, 0.885739, -0.181128
7106.288086, -2.885202, -0.339088
7111.012695, 2.655623, 0.800847
7115.697266, -2.255750, -0.873171
7120.421875, 3.025087, 0.830185
7125.146484, 0.967035, -1.730767
7129.831055, 1.991388, 0.105569
7134.555664, 2.433472, -1.131384
7139.280273, 1.016091, -0.103288
7143.964844, -3.043709, -0.475340
7148.689453, 1.653907, 1.147115
7153.414062, 3.016233, -0.837917
7162.823242, 2.319954, -1.141801
7167.547852, 1.089640, -0.078025
7172.272461, 3.131686, -0.534948
7176.957031, 0.511963, 1.722433
7181.681641, -2.843052, -0.509676
7186.406250, 2.393651, 0.825475
7191.090820, -2.843666, -0.816985
7195.815430, 1.281441, 1.350765
7200.540039, 3.095237, -0.750882
7205.224609, -2.832516, 0.642029
7209.949219, -1.464017, 0.516125
7214.673828, -2.531785, 0.967506
7219.398438, -0.903852, 0.197138
7224.083008, 2.910624, 0.367074
7228.807617, -2.512513, -0.821302
7233.532227, 2.625330, 0.786059
7238.216797, -2.381149, -0.843360
7242.941406, 2.856458, 0.807744
7247.666016, -1.286519, -1.335193
7252.350586, -3.119100, 0.755747
7257.075195, 2.688075, -0.743815
7261.799805, 0.929789, -0.419340
7266.484375, -2.974116, -0.403555
7271.208984, 2.203892, 0.898092
7275.933594, -3.067250, -0.834950
7280.658203, -1.810614, 1.337995
7285.342773, -1.426889, 0.012756
7290.067383, -2.752811, 0.840309
7294.791992, -0.905339, 0.408373
7299.476562, 2.942205, 0.377887
7304.201172, -2.386287, -0.845070
7308.925781, 2.849890, 0.797798
7313.610352, -1.366014, -1.316134
7318.334961, -3.074087, 0.784133
7323.059570, -2.623885, -0.022699
7327.784180, -2.655617, 1.076791
7332.468750, -0.879639, 0.185239
7337.193359, 2.876346, 0.333599
7341.917969, -2.688456, -0.803024
7346.602539, 2.136636, 0.915389
7351.327148, -3.130281, -0.850962
7356.051758, 3.054718, 0.328323
7360.736328, -2.126374, -0.934668
7365.460938, 3.118276, 0.849306
7370.185547, 3.039144, -0.472037
7374.870117, -0.085191, 1.855661
7379.594727, -2.530585, -0.329595
7384.319336, -2.927495, 0.955604
7389.043945, -0.977536, 0.483452
7393.728516, 3.068079, 0.462530
7398.453125, -1.588034, -1.177235
7403.177734, -3.018174, 0.822705
7407.862305, -1.832959, 0.409158
7412.586914, -2.222667, 1.216247
7417.311523, -1.171094, 0.060875
7421.996094, -3.050860, 0.619864
7426.720703, 1.999822, -1.231750
7431.445312, 1.300461, -0.048664
7436.129883, 2.903042, -0.736467
7440.854492, 1.419399, -0.522841
7445.579102, 2.587288, -0.925930
7450.303711, 0.876431, -0.240055
7454.988281, -2.877565, -0.341474
7459.712891, 2.657580, 0.815648
7464.437500, -2.225481, -0.860010
7469.122070, 3.061642, 0.847688
7473.846680, 2.085848, -1.173104
7478.571289, 1.227234, -0.063087
7483.255859, 2.984195, -0.671439
7487.980469, 2.526402, -0.035166
7492.705078, 2.494633, -1.157435
7497.429688, 0.986435, -0.115106
7502.114258, -3.011155, -0.445769
7506.838867, 1.942113, 0.991621
7511.563477, 3.040614, -0.858016
7516.248047, 1.789837, -0.426726
7520.972656, 2.245608, -1.196066
7525.697266, 1.148670, -0.067260
7530.381836, 3.076881, -0.599119
7535.106445, -1.199070, 1.659216
7539.831055, -1.868601, -0.049336
7544.515625, -2.470128, 1.099904
7549.240234, -0.996883, 0.101642
7553.964844, 3.027224, 0.447599
7558.689453, -1.888914, -1.002719
7563.374023, -3.044748, 0.865554
7568.098633, -1.659659, 0.479239
7572.823242, -2.319035, 1.126241
7577.507812, -1.069615, 0.070814
7582.232422, 3.115163, 0.519066
7586.957031, -0.970853, -1.509312
7591.641602, 3.037017, 0.658992
7596.366211, -0.621247, -1.676804
7601.090820, 2.896267, 0.538954
7605.815430, -2.144682, -0.888500
7610.500000, 3.129275, 0.854975
7615.224609, -2.951864, -0.256522
7619.949219, 2.648995, 0.805070
7624.633789, -2.264750, -0.871797
7629.358398, 3.012749, 0.829045
7634.083008, 0.744440, -1.789817
7638.767578, 2.124586, 0.151986
7643.492188, 2.463046, -1.136587
7648.216797, 1.002886, -0.105640
7652.901367, -3.026298, -0.463240
7657.625977, 1.790625, 1.075399
7662.350586, 3.019291, -0.855463
7667.075195, 1.600415, -0.505910
7671.759766, 2.390235, -1.087410
7676.484375, 1.028560, -0.100322
7681.208984, -3.073646, -0.476135
7685.893555, 1.510135, 1.235104
7690.618164, 3.040181, -0.815185
7695.342773, 1.989289, -0.354499
7700.027344, 2.186275, -1.269150
7704.751953, 1.227908, -0.033356
7709.476562, 2.969520, -0.666434
7714.161133, 2.566589, -0.001437
7718.885742, 2.577305, -1.127131
7723.610352, 0.940768, -0.131764
7728.334961, -2.961752, -0.390547
7733.019531, 2.292304, 0.875172
7737.744141, -2.964786, -0.819639
7742.468750, 0.120600, 1.805549
7747.153320, -2.607175, -0.378549
7751.877930, -3.116011, 0.896595
7756.602539, -2.090924, 0.303912
7761.287109, -2.185484, 1.284331
7766.011719, -1.236334, 0.029056
7770.736328, -2.960761, 0.674271
7775.460938, -2.374995, 0.144627
7780.145508, -2.324234, 1.240395
7784.870117, -1.131373, 0.054565
7789.594727, -3.081339, 0.575033
7794.279297, 0.593656, -1.832988
7799.003906, 2.240662, 0.183675
7803.728516, 2.514135, -1.116759
7808.413086, 0.961264, -0.108917
7813.137695, -2.976624, -0.415290
7817.862305, 2.183522, 0.888582
7822.546875, -3.078853, -0.852298
7827.271484, -2.524818, 0.865929
7831.996094, -0.893163, 0.228342
7836.720703, 2.905479, 0.342806
7841.405273, -2.571880, -0.828168
7846.129883, 2.446790, 0.816232
7850.854492, -2.780390, -0.789524
7855.539062, 1.800160, 1.070848
7860.263672, 3.022005, -0.860805
7864.988281, 1.566468, -0.510088
7869.672852, 2.433667, -1.058553
7874.397461, 0.998773, -0.109675
7879.122070, -3.031418, -0.448667
7883.806641, 1.829833, 1.068914
7888.531250, 3.038608, -0.863719
7893.255859, 1.636257, -0.487540
7897.980469, 2.335660, -1.111547
7902.665039, 1.052579, -0.079392
7907.389648, -3.095313, -0.502208
7912.114258, 1.243454, 1.362018
7916.798828, 3.135142, -0.742164
7921.523438, -2.181582, 1.109009
7926.248047, -1.147411, 0.079906
7930.932617, -3.078280, 0.598459
7935.657227, 1.185613, -1.665810
7940.381836, 1.879452, 0.054394
7945.106445, 2.425490, -1.106717
7949.791016, 1.000120, -0.098133
7954.515625, -3.029969, -0.451261
7959.240234, 1.859133, 1.019634
7963.924805, 3.041478, -0.864859
7968.649414, 1.633028, -0.485638
7973.374023, 2.345817, -1.106967
7978.058594, 1.048719, -0.077391
7982.783203, -3.087610, -0.499442
7987.507812, 1.299303, 1.334900
7992.192383, 3.117237, -0.761649
7996.916992, -2.832254, 0.636881
8001.641602, -1.515316, 0.514018
8006.366211, -2.456243, 1.018201
8011.050781, -0.953437, 0.134778
8015.775391, 2.970151, 0.405734
8020.500000, -2.239473, -0.866008
8025.184570, 3.034969, 0.841651
8029.909180, 1.470563, -1.534790
8034.633789, 1.688397, 0.007493
8039.318359, 2.551408, -1.020126
8044.042969, 0.925175, -0.155609
8048.767578, -2.937031, -0.376986
8053.492188, 2.426733, 0.817263
8058.176758, -2.797456, -0.808255
8062.901367, 1.633754, 1.144654
8067.625977, 3.008179, -0.831443
8072.310547, 1.711127, -0.454512
8077.035156, 2.298821, -1.152363
8081.759766, 1.099183, -0.081858
8086.444336, 3.135941, -0.553042
8091.168945, 0.288102, 1.782790
8095.893555, -2.722256, -0.426003
8100.578125, 2.849432, 0.839454
8105.302734, -1.091261, -1.457957
8110.027344, 3.115243, 0.696167
8114.751953, 0.710753, -1.794463
8119.436523, 2.139684, 0.152672
8124.161133, 2.463346, -1.135602
8128.885742, 0.998219, -0.111416
8133.570312, -3.023699, -0.457713
8138.294922, 1.834668, 1.047750
8143.019531, 3.019692, -0.856614
8147.704102, 1.634751, -0.475475
8152.428711, 2.369218, -1.100127
8157.153320, 1.041326, -0.098832
8161.837891, -3.073600, -0.499586
8166.562500, 1.346156, 1.322949
8171.287109, 3.077759, -0.772195
8176.011719, 2.880590, 0.198625
8180.696289, -2.909584, -0.851530
8185.420898, 0.437169, 1.735414
8190.145508, -2.798927, -0.469800
8194.830078, 2.587202, 0.826653
8199.554688, -2.402153, -0.828728
8204.279297, 2.845994, 0.798489
8208.963867, -1.387107, -1.304513
8213.688477, -3.068456, 0.789772
8218.413086, -2.489932, 0.066202
8223.137695, -2.425456, 1.183033
8227.822266, -1.030250, 0.075299
8232.546875, 3.067870, 0.480682
8237.271484, -1.541311, -1.190841
8241.956055, -3.050011, 0.818285
8246.680664, -2.001122, 0.342372
8251.405273, -2.148987, 1.276357
8256.089844, -1.229749, 0.022382
8260.814453, -2.975713, 0.669565
8265.539062, -2.534779, 0.037074
8270.223633, -2.538552, 1.150662
8274.948242, -0.979057, 0.100600
8279.672852, 3.004111, 0.430669
8284.397461, -2.044351, -0.932275
8289.082031, -3.098794, 0.864166
8293.806641, -2.133897, 0.276436
8298.531250, -2.151218, 1.291928
8303.215820, -1.233748, 0.021396
8307.940430, -2.969797, 0.672910
8312.665039, -2.442860, 0.097740
8317.349609, -2.407448, 1.208108
8322.074219, -1.076088, 0.062480
8326.798828, 3.127955, 0.523811
8331.523438, -0.859649, -1.556181
8336.208008, 2.985287, 0.613895
8340.932617, -1.391864, -1.284838
8345.657227, -3.059036, 0.776667
8350.341797, -2.649667, -0.049704
8355.066406, -2.730417, 1.054339
8359.791016, -0.853636, 0.242013
8364.475586, 2.845464, 0.320894
8369.200195, -2.776890, -0.824201
8373.924805, 1.692109, 1.106390
8378.609375, 3.032525, -0.850481
8383.333984, 1.631084, -0.482552
8388.058594, 2.356491, -1.102679
8392.783203, 1.041160, -0.106894
8397.467773, -3.080057, -0.497481
8402.192383, 1.345024, 1.314204
8406.916992, 3.074247, -0.764817
8411.601562, 2.985675, 0.290160
8416.326172, -2.462878, -0.833242
8421.050781, 2.714285, 0.788148
8425.735352, -2.078424, -0.942794
8430.459961, -3.120136, 0.859189
8435.184570, -2.462357, 0.085329
8439.869141, -2.433380, 1.197970
8444.593750, -1.058809, 0.065999
8449.318359, 3.104747, 0.507783
8454.042969, -1.153055, -1.408341
8458.727539, 3.114547, 0.711679
8463.452148, 1.058344, -1.708530
8468.176758, 1.951205, 0.066959
8472.861328, 2.449365, -1.122665
8477.585938, 1.013646, -0.095624
8482.310547, -3.051439, -0.462799
8486.995117, 1.681479, 1.144254
8491.719727, 3.025170, -0.848041
8496.444336, 1.640376, -0.487774
8501.168945, 2.327944, -1.115667
8505.853516, 1.056421, -0.079913
8510.578125, -3.101789, -0.505358
8515.302734, 1.185737, 1.391600
8519.987305, -3.127127, -0.722779
8524.711914, -1.465966, 1.536662
8529.436523, -1.689756, -0.005933
8534.121094, -2.548626, 1.020982
8538.845703, -0.925486, 0.156332
8543.570312, 2.938541, 0.376871
8548.254883, -2.391605, -0.859732
8552.979492, 2.805654, 0.807305
8557.704102, -1.596287, -1.163933
8562.428711, -3.011559, 0.823504
8567.113281, -1.789864, 0.427728
8571.837891, -2.242174, 1.196954
8576.562500, -1.148898, 0.069336
8581.247070, -3.074856, 0.598990
8585.971680, 1.210999, -1.653088
8590.696289, 1.858476, 0.044284
8595.380859, 2.470340, -1.096695
8600.105469, 0.993620, -0.105310
8604.830078, -3.024538, -0.443863
8609.514648, 1.878982, 1.044423
8614.239258, 3.048959, -0.865629
8618.963867, 1.698211, -0.468662
8623.688477, 2.283917, -1.152063
8628.373047, 1.097886, -0.062754
8633.097656, 3.131325, -0.545623
8637.822266, 0.397676, 1.741251
8642.506836, -2.754910, -0.467053
8647.231445, 2.714689, 0.814983
8651.956055, -2.011791, -0.945316
8656.640625, -3.084956, 0.870997
8661.365234, -1.909760, 0.381687
8666.089844, -2.178405, 1.249519
8670.814453, -1.204104, 0.059639
8675.499023, -3.006820, 0.649076
8680.223633, 3.115971, -0.418288
8684.948242, 1.190603, 1.390408
8689.632812, -3.128602, -0.724671
8694.357422, -1.526847, 1.506090
8699.082031, -1.648684, 0.001019
8703.766602, -2.576461, 0.997414
8708.491211, -0.906593, 0.176579
8713.215820, 2.914339, 0.358344
8717.900391, -2.505490, -0.842398
8722.625000, 2.583849, 0.807789
8727.349609, -2.461367, -0.811684
8732.074219, 2.759632, 0.785814
8736.758789, -1.912121, -1.011596
8741.483398, -3.040185, 0.864934
8746.208008, -1.675145, 0.481802
8750.892578, -2.333073, 1.135559
8755.617188, -1.084208, 0.075215
8760.341797, 3.141024, 0.530764
8765.026367, -0.629101, -1.684033
8769.750977, 2.903747, 0.554919
8774.475586, -2.050662, -0.937168
8779.200195, -3.078683, 0.852511
8783.884766, -2.192408, 0.238941
8788.609375, -2.181098, 1.288218
8793.333984, -1.222321, 0.049573
8798.018555, -2.988189, 0.665714
8802.743164, -2.679863, -0.065225
8807.467773, -2.785358, 1.023255
8812.152344, -0.854792, 0.289480
8816.876953, 2.846260, 0.309095
8821.601562, -2.806004, -0.817048
8826.286133, 1.544571, 1.215377
8831.010742, 3.034691, -0.826132
8835.735352, 1.839337, -0.417562
8840.459961, 2.191819, -1.226291
8845.144531, 1.179416, -0.040571
8849.869141, 3.030855, -0.622338
8854.593750, -2.224014, 1.071833
8859.278320, -1.098405, 0.074934
8864.002930, -3.130835, 0.546188
8868.727539, -0.376311, -1.748833
8873.412109, 2.744546, 0.462208
8878.136719, -2.747883, -0.818147
8882.861328, 1.854852, 1.021650
8887.545898, 3.042131, -0.869201
8892.270508, 1.589947, -0.492918
8896.995117, 2.397214, -1.072021
8901.719727, 1.007471, -0.120599
8906.404297, -3.037483, -0.465859
8911.128906, 1.739398, 1.095090
8915.853516, 3.009441, -0.847104
8920.538086, 1.625589, -0.479220
8925.262695, 2.374211, -1.094681
8929.987305, 1.034570, -0.103322
8934.671875, -3.066683, -0.492799
8939.396484, 1.434051, 1.271265
8944.121094, 3.052720, -0.793303
8948.845703, 2.343076, -0.165078
8953.530273, 2.294219, -1.252900
8958.254883, 1.154107, -0.049528
8962.979492, 3.053485, -0.596583
8967.664062, -1.362455, 1.593246
8972.388672, -1.772059, -0.035042
8977.113281, -2.473372, 1.064532
8981.797852, -0.964005, 0.116952
8986.522461, 2.980400, 0.417519
8991.247070, -2.163096, -0.895652
8995.931641, 3.095575, 0.855193
9000.656250, 2.869120, -0.608329
9005.380859, 1.923595, -0.379132
9010.105469, 2.160063, -1.256716
9014.790039, 1.210503, -0.032305
9019.514648, 2.994259, -0.651207
9024.239258, 3.037270, 0.315639
9028.923828, -2.227542, -0.898635
9033.648438, 3.030576, 0.832258
9038.373047, 1.128513, -1.677569
9043.057617, 1.895985, 0.081493
9047.782227, 2.446909, -1.110065
9052.506836, 1.002614, -0.108725
9057.191406, -3.025121, -0.463282
9061.916016, 1.792454, 1.076277
9066.640625, 3.021275, -0.856372
9071.365234, 1.602266, -0.504271
9076.049805, 2.391478, -1.087759
9080.774414, 1.029478, -0.098506
9085.499023, -3.073654, -0.477407
9090.183594, 1.499387, 1.242897
9094.908203, 3.043283, -0.813939
9099.632812, 2.018545, -0.339320
9104.317383, 2.185589, -1.274534
9109.041992, 1.232308, -0.030397
9113.766602, 2.965771, -0.670676
9118.491211, 2.464765, -0.087731
9123.175781, 2.426927, -1.195941
9127.900391, 1.053421, -0.075996
9132.625000, -3.104181, -0.500450
9137.309570, 1.180822, 1.419047
9142.034180, 3.134865, -0.728899
9146.758789, -1.850103, 1.317368
9151.443359, -1.402855, 0.010915
9156.167969, -2.782095, 0.820869
9160.892578, -0.945423, 0.442417
9165.577148, 3.001755, 0.422146
9170.301758, -2.041685, -0.958334
9175.026367, -3.096628, 0.856703
9179.750977, -2.260423, 0.213845
9184.435547, -2.235754, 1.275495
9189.160156, -1.198670, 0.039746
9193.884766, -3.000680, 0.638640
9198.569336, 2.908074, -0.583534
9203.293945, 2.478295, -0.067817
9208.018555, 2.419767, -1.189676
9212.703125, 1.042688, -0.063920
9217.427734, -3.078538, -0.494527
9222.152344, 1.383729, 1.288365
9226.876953, 3.060906, -0.772440
9231.561523, 2.740518, 0.111248
9236.286133, 2.945387, -0.963863
9241.010742, 0.993740, -0.490989
9245.695312, -3.091587, -0.480693
9250.419922, 1.345795, 1.316235
9255.144531, 3.074999, -0.766706
9259.829102, 2.955714, 0.269358
9264.553711, -2.594846, -0.823457
9269.278320, 2.398481, 0.818645
9273.962891, -2.843515, -0.820517
9278.687500, 1.250008, 1.371745
9283.412109, 3.107214, -0.744580
9288.136719, -2.540837, 0.842617
9292.821289, -0.884725, 0.251642
9297.545898, 2.886657, 0.337127
9302.270508, -2.653446, -0.803675
9306.955078, 2.252154, 0.877167
9311.679688, -3.023642, -0.832023
9316.404297, -0.994314, 1.723897
9321.088867, -1.977845, -0.104437
9325.813477, -2.436890, 1.129007
9330.538086, -1.015618, 0.101454
9335.222656, 3.041271, 0.475530
9339.947266, -1.659330, -1.147069
9344.671875, -3.018240, 0.840229
9349.396484, -1.670726, 0.484479
9354.081055, -2.332639, 1.133958
9358.805664, -1.081597, 0.078268
9363.530273, 3.139481, 0.527752
9368.214844, -0.681677, -1.661190
9372.939453, 2.928890, 0.569614
9377.664062, -1.899863, -1.002445
9382.348633, -3.053199, 0.869445
9387.073242, -1.669395, 0.471806
9391.797852, -2.322470, 1.129020
9396.522461, -1.070858, 0.096161
9401.207031, 3.116824, 0.525443
9405.931641, -0.879731, -1.559991
9410.656250, 3.020957, 0.618522
9415.340820, -1.131644, -1.443886
9420.065430, 3.130080, 0.713772
9424.790039, 1.276788, -1.618077
9429.474609, 1.801704, 0.057230
9434.199219, 2.476414, -1.076509
9438.923828, 0.972721, -0.127068
9443.608398, -2.988876, -0.434723
9448.333008, 2.055667, 0.951940
9453.057617, 3.103628, -0.855497
9457.782227, 2.354499, -0.157808
9462.466797, 2.305498, -1.248934
9467.191406, 1.147169, -0.049688
9471.916016, 3.062978, -0.590263
9476.600586, -1.118184, 1.695852
9481.325195, -1.929608, -0.075750
9486.049805, -2.423890, 1.120114
9490.734375, -1.012042, 0.085571
9495.458984, 3.040457, 0.464629
9500.183594, -1.741897, -1.087857
9504.908203, -3.004260, 0.844786
9509.592773, -1.624380, 0.483199
9514.317383, -2.365903, 1.096877
9519.041992, -1.035278, 0.107630
9523.726562, 3.071422, 0.492329
9528.451172, -1.422990, -1.271981
9533.175781, -3.052707, 0.786780
9537.860352, -2.446830, 0.082746
9542.584961, -2.391040, 1.208944
9547.309570, -1.074306, 0.074592
9551.994141, 3.113794, 0.530426
9556.718750, -0.830467, -1.590420
9561.443359, 2.998881, 0.610986
9566.167969, -1.357504, -1.291429
9570.852539, -3.094515, 0.771052
9575.577148, -3.037643, -0.320972
9580.301758, 2.231632, 0.869603
9584.986328, -3.041540, -0.841895
9589.710938, -1.591316, 1.471797
9594.435547, -1.603988, 0.008245
9599.120117, -2.609658, 0.969738
9603.844727, -0.887593, 0.204220
9608.569336, 2.890482, 0.339598
9613.253906, -2.610820, -0.834754
9617.978516, 2.305230, 0.856426
9622.703125, -2.972612, -0.819348
9627.427734, 0.038693, 1.816455
9632.112305, -2.560721, -0.349536
9636.836914, -2.999233, 0.932478
9641.561523, -1.191412, 0.544509
9646.246094, -2.892317, 0.704451
9650.970703, -1.516518, 0.510481
9655.695312, -2.465527, 1.015699
9660.379883, -0.952874, 0.130893
9665.104492, 2.965311, 0.406775
9669.829102, -2.244897, -0.871314
9674.553711, 3.050400, 0.822315
9679.238281, 1.231692, -1.647471
9683.962891, 1.852622, 0.050210
9688.687500, 2.436458, -1.097574
9693.372070, 0.992871, -0.100404
9698.096680, -3.019098, -0.444856
9702.821289, 1.925956, 0.990106
9707.505859, 3.059515, -0.868559
9712.230469, 1.729356, -0.453764
9716.955078, 2.272208, -1.167153
9721.639648, 1.116837, -0.050322
9726.364258, 3.112875, -0.565044
9731.088867, -0.089778, 1.839968
9735.813477, -2.510683, -0.296981
9740.498047, -2.888687, 0.979906
9745.222656, -0.900116, 0.406411
9749.947266, 2.939378, 0.357371
9754.631836, -2.440224, -0.846309
9759.356445, 2.731659, 0.799327
9764.081055, -1.993699, -0.952524
9768.765625, -3.076431, 0.871037
9773.490234, -1.841836, 0.410986
9778.214844, -2.205444, 1.223593
9782.899414, -1.179283, 0.031424
9787.624023, -3.038184, 0.623811
9792.348633, 2.210910, -1.086086
9797.073242, 1.115906, -0.093753
9801.757812, 3.111512, -0.568201
9806.482422, -0.179351, 1.848357
9811.207031, -2.464268, -0.276761
9815.891602, -2.812572, 1.011880
9820.616211, -0.853959, 0.308120
9825.340820, 2.855401, 0.306619
9830.025391, -2.765272, -0.836342
9834.750000, 1.669721, 1.133438
9839.474609, 3.012128, -0.842137
9844.199219, 1.625296, -0.499108
9848.883789, 2.367596, -1.104954
9853.608398, 1.048161, -0.092245
9858.333008, -3.098639, -0.495095
9863.017578, 1.252056, 1.379914
9867.742188, 3.109524, -0.749624
9872.466797, -2.627670, 0.781272
9877.151367, -0.895455, 0.339714
9881.875977, 2.906920, 0.349369
9886.600586, -2.567389, -0.811865
9891.285156, 2.479160, 0.830609
9896.009766, -2.669689, -0.804648
9900.734375, 2.203208, 0.875770
9905.458984, -3.101445, -0.834678
9910.143555, -2.383733, 0.970401
9914.868164, -0.987359, 0.134285
9919.592773, 3.021591, 0.435912
9924.277344, -1.929989, -1.014061
9929.001953, -3.056663, 0.863914
9933.726562, -1.791363, 0.439441
9938.411133, -2.259127, 1.198721
9943.135742, -1.156478, 0.050523
9947.860352, -3.055386, 0.600163
9952.584961, 1.394242, -1.561901
9957.269531, 1.718077, 0.032232
9961.994141, 2.511575, -1.037412
9966.718750, 0.935397, -0.158442
9971.403320, -2.947153, -0.397668
9976.127930, 2.323109, 0.856548
9980.852539, -2.946362, -0.808627
9985.537109, 0.453524, 1.742189
9990.261719, -2.814352, -0.493988
9994.986328, 2.511264, 0.811400
