time,theta,omega
3.679998, 1.754514, 0.456490
8.359994, -2.784363, -1.128507
13.079989, 0.813794, 0.557440
17.800028, -2.468954, -0.809490
22.520136, -2.262564, 1.427886
27.240244, -1.692716, -1.017727
31.920351, 2.440561, 1.347330
36.640457, -0.787460, -0.298357
41.360565, 2.355302, 0.708015
46.080673, -0.963278, -2.089554
50.800781, 1.424954, 1.853210
55.520889, -0.244368, -2.277130
60.200996, 2.058759, 1.468971
64.921104, -1.892487, -0.021822
69.641212, 2.861679, 1.035937
74.361320, -0.823023, -0.530314
79.081429, 2.476193, 0.795144
83.761536, 1.947832, -1.647756
88.481644, 1.861609, 1.088819
93.201752, -1.945148, -1.602900
97.921860, 2.008590, 0.064706
102.641968, -2.902209, -1.105432
107.322075, 0.845897, 0.628694
112.042183, -2.504657, -0.847204
116.762291, 2.679813, 0.449511
121.482399, 0.750873, -2.223925
126.202507, 2.189278, 1.252848
130.882065, -2.777343, -0.516436
135.601273, 2.328994, 0.236897
140.320480, -2.614230, -1.318169
145.039688, 0.794876, 0.517615
149.758896, -2.452955, -0.785642
154.478104, -1.341678, 1.992459
159.157318, -2.047139, -1.179034
163.876526, -0.119373, 2.314342
168.595734, -2.144386, -1.389518
173.314941, 1.768978, -0.020642
178.034149, -2.813483, -0.959802
182.753357, 0.805960, 0.362891
187.432571, -2.378493, -0.737529
192.151779, 0.333883, 2.278108
196.870987, -1.995800, -1.517367
201.590195, 2.235140, 0.175764
206.309402, -2.797172, -1.239243
211.028610, 0.862831, 0.631829
215.707825, -2.501318, -0.852577
220.427032, 2.588234, 0.391075
225.146240, -1.109606, -2.032813
229.865448, 1.061277, 2.031709
234.584656, -1.327867, -1.904251
239.303864, 0.650907, 2.184058
243.983078, -1.836073, -1.622738
248.702286, 3.119903, 0.757628
253.421494, -0.859751, -0.576238
258.141510, 2.503377, 0.825956
262.862518, 3.099248, -0.804493
267.543518, 0.892429, 0.651710
272.264526, -2.533664, -0.869066
276.985535, 2.040093, 0.085776
281.706543, -2.893809, -1.126523
286.427551, 0.874925, 0.634020
291.108551, -2.508548, -0.856268
295.829559, 2.461717, 0.311047
300.550568, -2.189008, -1.501243
305.271576, 1.017645, 0.003253
309.952576, -2.348721, -0.663783
314.673584, 1.247388, 1.969345
319.394592, -0.577492, -2.209588
324.115601, 1.893173, 1.586674
328.836609, -2.975924, -0.648018
333.517609, 0.854588, 0.209286
338.238617, -2.351632, -0.692295
342.959625, 1.098818, 2.033453
347.680634, -1.134979, -1.997247
352.401642, 1.208373, 1.961595
357.082642, -1.003484, -2.061004
361.803650, 1.337061, 1.902271
366.524658, -0.472442, -2.236027
371.245667, 1.979015, 1.531634
375.926666, -2.448624, -0.301147
380.647675, 2.223751, 1.486588
385.368683, -0.927867, -0.068841
390.089691, 2.341639, 0.655951
394.810699, -1.477676, -1.850852
399.491699, -0.364037, 2.295692
404.212708, -2.170954, -1.340267
408.933716, 1.891670, 0.021062
413.654724, -2.870240, -1.035375
418.335724, 0.806293, 0.534661
423.056732, -2.451593, -0.801859
427.777740, -1.879621, 1.689617
432.498749, -1.896373, -1.087317
437.219757, 1.863114, 1.643667
441.900757, -2.734288, -0.484391
446.621765, -2.735366, 1.083704
451.342773, -1.317039, -0.919102
456.063782, 2.710742, 1.117531
460.784790, -0.796164, -0.400653
465.465790, 2.388736, 0.748371
470.186798, -0.091203, -2.308397
474.907806, 2.102387, 1.435311
479.628815, -1.860443, -0.007095
484.309814, 2.826801, 1.016886
489.030823, -0.802301, -0.496718
493.751831, 2.441423, 0.783565
498.472839, 1.220948, -2.051350
503.193848, 2.116797, 1.178409
507.874847, 0.970793, -2.155687
512.595398, 2.143315, 1.239868
517.312805, 2.765895, -1.056333
522.030212, 1.284183, 0.903193
526.747620, -2.711089, -1.099098
531.465027, 0.796066, 0.382997
536.182434, -2.407040, -0.733341
540.859863, 0.200241, 2.300389
545.577271, -2.033924, -1.487962
550.294678, 1.984551, 0.058701
555.012085, -2.880813, -1.092877
559.729492, 0.853100, 0.613029
564.446899, -2.513770, -0.838051
569.164307, 2.816264, 0.539909
573.881714, -1.874798, -0.019241
578.559143, 2.836748, 1.028607
583.276550, -0.808523, -0.522266
587.993958, 2.451669, 0.796146
592.711365, 1.741063, -1.776221
597.428772, 1.953604, 1.110186
602.146179, -1.478161, -1.846325
606.863586, -0.337733, 2.292803
611.580994, -2.206919, -1.316017
616.258423, 1.892703, 0.025365
620.975830, -2.848316, -1.037353
625.693237, 0.816210, 0.538365
630.410645, -2.464356, -0.802544
635.128052, -2.050988, 1.575582
639.845459, -1.814631, -1.056907
644.562866, 2.202078, 1.470449
649.280273, -1.078411, 0.026554
653.957703, 2.374791, 0.670319
658.675110, -0.976153, -2.088768
663.392517, 1.304877, 1.918894
668.109924, -0.558955, -2.215718
672.827332, 1.898640, 1.584016
677.544739, -2.855606, -0.564147
682.262146, 1.376221, -0.071480
686.979553, -2.570477, -0.754257
691.656982, 3.070769, 0.727895
696.374390, -0.826297, -0.508066
701.091797, 2.455488, 0.795133
705.809204, 1.799250, -1.740344
710.526611, 1.930516, 1.100799
715.244019, -1.647710, -1.758532
719.961426, -1.674035, 1.808633
724.678833, -1.984850, -1.103647
729.356262, 1.321430, 1.929819
734.073669, -0.227827, -2.286332
738.791077, 2.050724, 1.478638
743.508484, -1.935055, -0.037497
748.225891, 2.877391, 1.062264
752.943298, -0.839287, -0.574302
757.660706, 2.497781, 0.817504
762.378113, 2.788064, -1.037367
767.055542, 1.223264, 0.896879
771.772949, -2.686008, -1.079441
776.490356, 0.793493, 0.345654
781.207764, -2.379764, -0.725295
785.925171, 0.562267, 2.224246
790.642578, -1.889093, -1.588668
795.359985, 3.012370, 0.675047
800.077393, -0.827579, -0.315072
804.754822, 2.371270, 0.725428
809.472229, -0.541550, -2.233318
814.189636, 1.856174, 1.609280
818.907043, -3.072836, -0.722002
823.624451, 0.828007, 0.481807
828.341858, -2.456193, -0.780781
833.059265, -1.348136, 1.989937
837.776672, -2.089477, -1.153785
842.454102, -0.149197, 2.315356
847.171509, -2.137549, -1.391936
851.888916, 1.755318, -0.022741
856.606323, -2.795582, -0.951983
861.323730, 0.803950, 0.343197
866.041138, -2.390196, -0.723474
870.758545, 0.538427, 2.227914
875.475952, -1.938744, -1.557455
880.153381, 2.752941, 0.497616
884.870789, -2.975981, -0.659280
889.588196, 0.831326, 0.271482
894.305603, -2.369408, -0.707145
899.023010, 0.844705, 2.134907
903.740417, -1.604186, -1.756318
908.457825, -0.893603, 2.172818
913.175232, -2.181247, -1.221404
917.852661, -2.879014, 0.973677
922.570068, -1.168223, -0.865535
927.287476, 2.679828, 1.045076
932.004883, -0.812136, -0.275413
936.722290, 2.364053, 0.702480
941.439697, -0.970460, -2.085530
946.157104, 1.437684, 1.846309
950.874512, -0.202573, -2.283079
955.551941, 2.071188, 1.458803
960.269348, -1.827292, 0.000000
964.986755, 2.828127, 0.996106
969.704163, -0.801869, -0.456865
974.421570, 2.431107, 0.766195
979.138977, 0.670616, -2.242719
983.856384, 2.196882, 1.264665
988.573792, -2.514016, -0.336206
993.251221, 1.911114, 1.640785
997.968628, -1.886969, -0.019324
1002.686035, 2.853030, 1.032496
1007.403442, -0.817517, -0.529525
1012.120850, 2.465917, 0.797396
1016.838257, 1.899414, -1.674484
1021.555664, 1.890624, 1.074110
1026.236450, -1.888124, -1.635283
1030.961060, 2.189539, 0.152797
1035.685669, -2.830011, -1.212811
1040.410278, 0.872496, 0.644594
1045.094849, -2.511829, -0.858785
1049.819458, 2.431714, 0.291383
1054.544067, -2.344837, -1.429636
1059.228638, 0.835425, 0.176401
1063.953247, -2.330458, -0.674636
1068.677856, 1.415388, 1.882619
1073.362427, 0.039447, -2.309340
1078.087036, 2.126549, 1.408334
1082.811646, -1.799883, 0.012557
1087.496216, 2.798185, 0.979718
1092.220825, -0.793755, -0.407703
1096.945435, 2.406605, 0.746316
1101.670044, -0.051093, -2.305620
1106.354614, 2.105026, 1.423257
1111.079224, -1.840813, -0.002135
1115.803833, 2.850342, 1.003356
1120.488403, -0.794728, -0.467299
1125.213013, 2.426071, 0.770794
1129.937622, 0.690847, -2.237158
1134.622192, 2.149458, 1.283792
1139.346802, -2.679202, -0.447283
1144.071411, -0.743651, 2.225714
1148.755981, -2.141501, -1.279372
1153.480591, 2.827133, 0.548875
1158.205200, -1.591434, 0.054239
1162.929810, 2.708961, 0.858748
1167.614380, -1.041205, -0.010226
1172.338989, 2.376197, 0.667541
1177.063599, -1.107650, -2.026962
1181.748169, 1.113600, 2.011906
1186.472778, -1.096829, -2.017839
1191.197388, 1.211159, 1.961934
1195.881958, -0.932464, -2.091465
1200.606567, 1.432232, 1.852623
1205.331177, -0.016336, -2.302727
1210.055786, 2.155128, 1.392793
1214.740356, -1.803201, 0.008203
1219.464966, 2.821084, 0.980565
1224.189575, -0.802705, -0.409426
1228.874146, 2.394936, 0.753099
1233.598755, 0.040529, -2.313932
1238.323364, 2.146654, 1.393895
1243.007935, -1.828345, -0.001288
1247.732544, 2.826507, 0.996355
1252.457153, -0.802564, -0.446959
1257.141724, 2.404823, 0.768991
1261.866333, 0.496495, -2.282043
1266.590942, 2.183441, 1.309279
1271.315552, -2.132787, -0.122410
1276.000122, 2.845529, 1.180399
1280.724731, -0.869262, -0.656391
1285.449341, 2.536799, 0.858078
1290.133911, -2.294313, -0.215663
1294.858521, 2.682762, 1.287724
1299.583130, -0.816518, -0.566087
1304.267700, 2.455012, 0.816240
1308.992310, 2.273549, -1.421995
1313.716919, 1.685101, 1.023583
1318.441528, -2.487990, -1.327001
1323.126099, 0.789858, 0.288703
1327.850708, -2.355677, -0.702994
1332.575317, 1.053628, 2.049121
1337.259888, -1.254514, -1.944212
1341.984497, 0.716337, 2.167172
1346.709106, -1.783220, -1.652558
1351.393677, -2.360329, 1.357498
1356.118286, -1.625458, -1.016795
1360.842896, 2.544883, 1.294149
1365.527466, -0.773637, -0.361162
1370.252075, 2.371125, 0.728753
1374.976685, -0.607869, -2.210794
1379.701294, 1.867185, 1.600389
1384.385864, 2.959509, -0.909766
1389.110474, 1.076000, 0.803302
1393.835083, -2.659181, -0.982263
1398.519653, 0.916958, 0.099777
1403.244263, -2.341670, -0.666989
1407.968872, 1.375347, 1.902713
1412.653442, -0.157668, -2.295764
1417.378052, 2.070064, 1.460677
1422.102661, -1.923443, -0.030920
1426.787231, 2.845196, 1.055339
1431.511841, -0.819887, -0.558783
1436.236450, 2.475243, 0.809750
1440.961060, 2.284461, -1.409785
1445.645630, 1.639494, 1.029348
1450.370239, -2.504761, -1.314656
1455.094849, 0.787918, 0.329519
1459.779419, -2.355540, -0.721470
1464.504028, 0.786564, 2.156586
1469.228638, -1.659065, -1.724043
1473.913208, -1.345184, 1.993119
1478.637817, -2.071787, -1.180458
1483.362427, -0.378634, 2.293701
1488.087036, -2.200334, -1.313956
1492.771606, 2.004255, 0.068225
1497.496216, -2.884113, -1.104412
1502.220825, 0.859671, 0.613648
1506.905396, -2.494082, -0.844364
1511.630005, 2.861940, 0.574053
1516.354614, -1.271948, 0.062782
1521.039185, 2.479105, 0.722096
1525.763794, 1.173626, -2.074620
1530.488403, 2.120366, 1.194175
1535.172974, 1.358726, -1.989449
1539.897583, 2.067508, 1.180650
1544.622192, 0.327158, -2.299564
1549.346802, 2.195900, 1.325056
1554.031372, -1.944263, -0.043513
1558.755981, 2.873771, 1.067951
1563.480591, -0.839487, -0.572652
1568.165161, 2.470520, 0.823588
1572.889771, 2.671326, -1.128854
1577.614380, 1.376320, 0.930810
1582.298950, -2.673841, -1.150473
1587.023560, 0.785192, 0.423499
1591.748169, -2.409590, -0.749459
1596.432739, -0.105672, 2.319127
1601.157349, -2.123019, -1.405051
1605.881958, 1.826055, -0.003057
1610.606567, -2.845456, -0.994243
1615.291138, 0.793415, 0.446901
1620.015747, -2.418782, -0.762272
1624.740356, -0.410091, 2.290542
1629.424927, -2.156512, -1.331072
1634.149536, 2.068979, 0.095906
1638.874146, -2.887993, -1.142326
1643.558716, 0.852676, 0.651438
1648.283325, -2.514780, -0.857668
1653.007935, 2.428340, 0.288841
1657.732544, -2.364902, -1.420840
1662.417114, 0.823550, 0.197580
1667.141724, -2.334701, -0.678562
1671.866333, 1.376466, 1.901116
1676.550903, -0.196604, -2.290298
1681.275513, 2.064663, 1.466314
1686.000122, -1.959969, -0.044684
1690.684692, 2.857411, 1.077397
1695.409302, -0.833878, -0.588526
1700.133911, 2.494528, 0.823676
1704.818481, 2.902699, -0.958319
1709.543091, 1.143945, 0.852846
1714.267700, -2.678225, -1.028672
1718.992310, 0.834077, 0.223875
1723.676880, -2.339653, -0.693370
1728.401489, 1.173522, 2.000226
1733.126099, -0.935314, -2.082925
1737.810669, 1.515725, 1.808666
1742.535278, 0.584894, -2.258412
1747.259888, 2.192422, 1.284753
1751.944458, -2.314802, -0.224717
1756.669067, 2.641561, 1.305081
1761.393677, -0.802524, -0.537737
1766.118286, 2.468137, 0.792530
1770.802856, 1.698780, -1.802753
1775.527466, 1.968212, 1.119109
1780.252075, -1.354203, -1.905900
1784.936646, 0.366123, 2.262600
1789.661255, -1.992977, -1.519677
1794.385864, 2.282653, 0.199647
1799.070435, -2.698270, -1.277082
1803.795044, 0.820549, 0.593524
1808.519653, -2.490336, -0.821759
1813.204224, -2.780212, 1.050375
1817.928833, -1.273480, -0.910831
1822.653442, 2.703290, 1.099047
1827.378052, -0.796709, -0.367806
1832.062622, 2.377608, 0.735718
1836.787231, -0.429753, -2.256223
1841.511841, 1.978518, 1.529363
1846.196411, -2.497391, -0.330118
1850.921021, 1.973122, 1.606339
1855.645630, -1.701325, 0.043416
1860.330200, 2.746206, 0.919810
1865.054810, -0.833516, -0.227793
1869.779419, 2.355568, 0.689892
1874.463989, -1.090698, -2.041987
1879.188599, 1.003213, 2.059364
1883.913208, -1.369108, -1.884043
1888.637817, 0.427245, 2.243662
1893.322388, -1.976610, -1.529447
1898.046997, 2.276782, 0.198613
1902.771606, -2.739965, -1.266263
1907.456177, 0.815794, 0.600026
1912.180786, -2.483238, -0.826673
1916.905396, -2.826874, 1.009651
1921.589966, -1.184798, -0.883772
1926.314575, 2.680244, 1.058845
1931.039185, -0.807156, -0.291038
1935.763794, 2.374253, 0.702857
1940.448364, -0.893655, -2.119537
1945.172974, 1.478240, 1.825639
1949.897583, 0.115007, -2.303829
1954.582153, 2.139658, 1.382859
1959.306763, -1.811097, 0.006941
1964.031372, 2.833916, 0.985245
1968.715942, -0.790242, -0.425896
1973.440552, 2.406541, 0.755199
1978.165161, 0.156387, -2.311708
1982.849731, 2.127975, 1.387178
1987.574341, -1.842231, -0.004697
1992.298950, 2.841794, 1.004701
1997.023560, -0.809283, -0.464316
2001.708130, 2.419946, 0.774147
2006.432739, 0.741939, -2.225941
2011.157349, 2.186029, 1.257181
2015.841919, -2.774426, -0.513495
2020.566528, 2.457304, 0.309878
2025.291138, -2.214602, -1.488150
2029.975708, 0.990227, 0.021235
2034.700317, -2.347113, -0.658891
2039.424927, 1.363215, 1.909727
2044.149536, -0.260647, -2.273936
2048.833984, 2.056794, 1.470248
2053.558594, -1.946556, -0.040766
2058.283203, 2.889122, 1.068169
2062.967773, -0.825083, -0.580009
2067.692383, 2.482540, 0.820559
2072.416992, 2.676853, -1.121916
2077.101562, 1.332392, 0.941254
2081.826172, -2.692356, -1.136445
2086.550781, 0.791181, 0.412439
2091.235352, -2.386732, -0.753409
2095.959961, 0.020749, 2.313080
2100.684570, -2.121109, -1.416757
2105.409180, 1.851093, 0.002643
2110.093750, -2.830545, -1.010580
2114.818359, 0.804240, 0.478046
2119.542969, -2.444282, -0.771978
2124.227539, -0.943005, 2.166817
2128.952148, -2.150386, -1.240154
2133.676758, -2.787402, 1.037146
2138.361328, -1.224196, -0.900040
2143.085938, 2.688511, 1.079382
2147.810547, -0.798068, -0.332598
2152.495117, 2.358731, 0.726624
2157.219727, -0.664865, -2.197389
2161.944336, 1.768961, 1.660470
2166.668945, 2.287224, -1.403918
2171.353516, 1.636470, 1.027933
2176.078125, -2.509645, -1.311987
2180.802734, 0.787282, 0.334395
2185.487305, -2.357140, -0.723060
2190.211914, 0.755763, 2.167045
2194.936523, -1.695221, -1.703250
2199.621094, -1.638361, 1.835764
2204.345703, -1.985173, -1.136057
2209.070312, 1.076457, 2.036994
2213.794922, -1.248688, -1.941327
2218.479492, 0.898266, 2.103226
2223.204102, -1.529988, -1.798293
2227.928711, -0.436274, 2.280309
2232.613281, -2.164119, -1.319949
2237.337891, 2.109231, 0.114375
2242.062500, -2.880727, -1.165491
2246.747070, 0.857937, 0.659696
2251.471680, -2.521390, -0.861547
2256.196289, 2.314826, 0.222700
2260.880859, -2.631556, -1.306615
2265.605469, 0.797470, 0.546931
2270.330078, -2.460688, -0.799213
2275.054688, -1.777213, 1.749725
2279.739258, -1.904118, -1.110070
2284.463867, 1.689725, 1.736888
2289.188477, 2.135158, -1.511161
2293.873047, 1.728808, 1.056555
2298.597656, -2.337752, -1.401248
2303.322266, 0.861818, 0.144669
2308.006836, -2.318452, -0.673998
2312.731445, 1.419126, 1.884755
2317.456055, 0.192491, -2.303570
2322.140625, 2.137064, 1.376047
2326.865234, -1.835097, -0.002574
2331.589844, 2.837491, 1.000373
2336.314453, -0.807307, -0.455136
2340.999023, 2.414930, 0.770624
2345.723633, 0.608734, -2.258612
2350.448242, 2.192180, 1.280796
2355.132812, -2.386117, -0.265081
2359.857422, 2.467099, 1.378316
2364.582031, -0.779398, -0.359739
2369.266602, 2.360786, 0.731630
2373.991211, -0.607112, -2.213913
2378.715820, 1.827204, 1.625284
2383.440430, 2.760032, -1.054419
2388.125000, 1.249587, 0.903689
2392.849609, -2.698446, -1.088145
2397.574219, 0.797667, 0.349929
2402.258789, -2.369450, -0.730446
2406.983398, 0.559582, 2.225636
2411.708008, -1.883696, -1.590311
2416.392578, 3.111172, 0.752724
2421.117188, -0.853172, -0.571790
2425.841797, 2.498122, 0.822526
2430.526367, 2.954942, -0.919078
2435.250977, 1.085674, 0.819594
2439.975586, -2.657133, -0.994855
2444.700195, 0.892043, 0.129700
2449.384766, -2.332708, -0.674015
2454.109375, 1.349406, 1.917643
2458.833984, -0.263294, -2.274875
2463.518555, 2.042578, 1.479817
2468.243164, -1.967869, -0.050434
2472.967773, 2.887507, 1.081455
2477.652344, -0.828619, -0.598130
2482.376953, 2.486847, 0.830257
2487.101562, 2.993316, -0.885143
2491.826172, 1.035589, 0.758928
2496.510742, -2.610773, -0.954466
2501.235352, 1.050483, 0.001302
2505.959961, -2.388301, -0.663655
2510.644531, 1.037532, 2.063090
2515.369141, -1.187923, -1.974253
2520.093750, 1.012571, 2.051730
2524.778320, -1.385238, -1.878985
2529.502930, 0.143063, 2.294885
2534.227539, -2.103165, -1.437524
2538.912109, 1.881716, 0.020124
2543.636719, -2.845909, -1.029429
2548.361328, 0.813980, 0.514088
2553.085938, -2.464408, -0.786992
2557.770508, -1.547155, 1.890369
2562.495117, -2.019623, -1.143473
2567.219727, 0.766798, 2.155399
2571.904297, -1.695017, -1.705890
2576.628906, -1.941077, 1.645260
2581.353516, -1.868277, -1.073254
2586.038086, 1.962534, 1.595360
2590.762695, -1.772768, 0.020266
2595.487305, 2.809588, 0.961077
2600.171875, -0.791281, -0.363281
2604.896484, 2.379959, 0.733928
2609.621094, -0.435951, -2.254377
2614.345703, 1.980717, 1.528058
2619.030273, -2.503669, -0.333631
2623.754883, 1.939761, 1.622727
2628.479492, -1.897070, -0.018353
2633.164062, 2.842719, 1.038338
2637.888672, -0.814155, -0.531067
2642.613281, 2.465811, 0.796033
2647.297852, 1.839594, -1.718081
2652.022461, 1.908952, 1.106815
2656.747070, -1.697687, -1.731838
2661.471680, -2.131163, 1.513018
2666.156250, -1.731841, -1.052801
2670.880859, 2.347573, 1.396477
2675.605469, -0.859386, -0.148834
2680.290039, 2.321589, 0.673536
2685.014648, -1.421746, -1.882434
2689.739258, -0.147853, 2.303808
2694.423828, -2.138857, -1.379838
2699.148438, 1.818955, -0.003700
2703.873047, -2.834387, -0.990220
2708.557617, 0.789291, 0.437890
2713.282227, -2.408703, -0.760516
2718.006836, -0.301052, 2.304358
2722.731445, -2.192163, -1.331697
2727.416016, 1.924883, 0.035854
2732.140625, -2.868590, -1.056029
2736.865234, 0.832635, 0.556010
2741.549805, -2.461540, -0.815521
2746.274414, -2.351187, 1.365488
2750.999023, -1.633750, -1.005924
2755.683594, 2.516749, 1.302855
2760.408203, -0.778142, -0.365337
2765.132812, 2.382901, 0.726696
2769.857422, -0.597282, -2.210346
2774.541992, 1.857120, 1.607006
2779.266602, -3.089075, -0.732694
2783.991211, 0.837609, 0.500225
2788.675781, -2.446087, -0.795149
2793.400391, -1.638626, 1.836306
2798.125000, -1.994018, -1.119210
2802.809570, 1.146352, 2.011125
2807.534180, -0.919153, -2.093205
2812.258789, 1.530504, 1.797106
2816.943359, 0.449124, -2.285818
2821.667969, 2.170495, 1.327369
2826.392578, -2.014886, -0.070078
2831.117188, 2.901076, 1.109527
2835.801758, -0.846912, -0.625888
2840.526367, 2.509519, 0.843436
2845.250977, -2.781893, -0.515462
2849.935547, 2.597551, 0.399805
2854.660156, -0.930597, -2.106201
2859.384766, 1.449609, 1.839469
2864.069336, -0.048095, -2.305905
2868.793945, 2.103115, 1.431396
2873.518555, -1.835898, 0.000751
2878.203125, 2.813975, 1.001677
2882.927734, -0.796598, -0.459769
2887.652344, 2.427621, 0.766523
2892.376953, 0.583007, -2.260344
2897.061523, 2.161471, 1.295704
2901.786133, -2.416886, -0.280191
2906.510742, 2.401264, 1.405765
2911.195312, -0.796647, -0.253891
2915.919922, 2.341403, 0.694082
2920.644531, -1.203451, -1.984452
2925.329102, 0.830793, 2.130231
2930.053711, -1.584222, -1.769423
2934.778320, -0.939032, 2.158827
2939.502930, -2.170302, -1.218093
2944.187500, -2.594735, 1.185702
2948.912109, -1.444963, -0.959527
2953.636719, 2.692229, 1.181790
2958.321289, -0.780899, -0.443970
2963.045898, 2.411041, 0.758461
2967.770508, 0.233085, -2.307628
2972.455078, 2.143542, 1.366419
2977.179688, -1.885452, -0.019565
2981.904297, 2.863093, 1.031334
2986.588867, -0.802414, -0.523031
2991.313477, 2.447163, 0.795375
2996.038086, 1.594264, -1.860735
3000.762695, 2.011728, 1.121008
3005.447266, -1.026970, -2.062017
3010.171875, 1.249743, 1.944167
3014.896484, -0.846522, -2.118015
3019.581055, 1.632290, 1.743037
3024.305664, 1.436292, -1.943724
3029.030273, 2.057616, 1.150174
3033.714844, -0.264817, -2.288056
3038.439453, 2.017411, 1.500070
3043.164062, -2.140136, -0.126487
3047.848633, 2.830504, 1.186225
3052.573242, -0.862709, -0.659630
3057.297852, 2.528503, 0.860475
3062.022461, -2.300092, -0.212999
3066.707031, 2.671482, 1.290419
3071.431641, -0.811458, -0.569165
3076.156250, 2.480012, 0.808766
3080.840820, 2.305325, -1.401146
3085.565430, 1.663716, 1.027437
3090.290039, -2.493299, -1.322609
3094.974609, 0.782165, 0.308704
3099.699219, -2.354417, -0.711652
3104.423828, 0.937833, 2.098737
3109.148438, -1.486946, -1.818366
3113.833008, -0.065921, 2.309021
3118.557617, -2.143079, -1.394292
3123.282227, 1.796588, -0.014687
3127.966797, -2.802731, -0.977502
3132.691406, 0.796263, 0.402046
3137.416016, -2.409298, -0.742796
3142.100586, 0.023603, 2.315181
3146.825195, -2.100908, -1.430979
3151.549805, 1.864078, 0.008984
3156.234375, -2.825988, -1.018948
3160.958984, 0.802639, 0.495725
3165.683594, -2.444332, -0.781325
3170.408203, -1.134606, 2.086482
3175.092773, -2.096637, -1.206775
3179.817383, -1.287487, 2.019700
3184.541992, -2.098799, -1.170717
3189.226562, -0.550330, 2.271553
3193.951172, -2.176111, -1.306002
3198.675781, 2.196628, 0.155806
3203.360352, -2.795449, -1.220538
3208.084961, 0.855237, 0.649689
3212.809570, -2.523854, -0.853570
3217.534180, 2.474174, 0.313917
3222.218750, -2.140779, -1.525104
3226.943359, 1.080498, -0.027950
3231.667969, -2.394310, -0.662097
3236.352539, 0.995522, 2.080464
3241.077148, -1.278620, -1.929976
3245.801758, 0.740011, 2.156485
3250.486328, -1.739817, -1.680279
3255.210938, -2.363605, 1.352788
3259.935547, -1.623731, -1.004087
3264.620117, 2.525675, 1.296999
3269.344727, -0.777109, -0.375084
3274.069336, 2.385460, 0.730464
3278.793945, -0.518002, -2.231711
3283.478516, 1.908638, 1.573919
3288.203125, -2.708923, -0.464085
3292.927734, -1.547976, 1.886152
3297.612305, -1.986978, -1.147702
3302.336914, 0.929208, 2.099578
3307.061523, -1.481332, -1.822876
3311.746094, -0.125987, 2.310799
3316.470703, -2.141039, -1.390149
3321.195312, 1.797814, -0.012844
3325.879883, -2.796204, -0.978570
3330.604492, 0.793351, 0.404715
3335.329102, -2.404634, -0.745450
3340.053711, 0.081083, 2.303802
3344.738281, -2.095437, -1.432261
3349.462891, 1.854552, 0.007006
3354.187500, -2.855350, -1.011847
3358.872070, 0.796920, 0.485238
3363.596680, -2.433287, -0.778349
3368.321289, -0.960926, 2.155478
3373.005859, -2.120416, -1.241103
3377.730469, -2.449177, 1.292923
3382.455078, -1.562336, -0.990077
3387.179688, 2.630368, 1.243764
3391.864258, -0.777107, -0.420121
3396.588867, 2.401786, 0.747733
3401.313477, -0.083461, -2.303927
3405.998047, 2.092218, 1.434675
3410.722656, -1.857062, -0.008113
3415.447266, 2.855114, 1.013440
3420.131836, -0.796844, -0.488606
3424.856445, 2.433741, 0.780013
3429.581055, 1.013873, -2.136399
3434.265625, 2.111250, 1.234143
3438.990234, 2.165684, -1.496648
3443.714844, 1.749954, 1.043483
3448.439453, -2.359749, -1.390861
3453.124023, 0.862579, 0.140518
3457.848633, -2.330930, -0.667607
3462.573242, 1.459987, 1.860012
3467.257812, 0.276956, -2.303473
3471.982422, 2.166507, 1.354517
3476.707031, -1.856561, -0.006561
3481.391602, 2.825481, 1.014467
3486.116211, -0.802065, -0.486460
3490.840820, 2.442026, 0.776936
3495.525391, 1.070744, -2.120645
3500.250000, 2.125397, 1.227376
3504.974609, 2.181098, -1.483709
3509.699219, 1.742458, 1.030086
3514.383789, -2.359699, -1.389459
3519.108398, 0.832799, 0.188418
3523.833008, -2.341678, -0.674208
3528.517578, 1.326467, 1.932415
3533.242188, -0.186700, -2.289324
3537.966797, 2.090703, 1.448407
3542.651367, -1.920001, -0.034366
3547.375977, 2.858969, 1.053114
3552.100586, -0.826599, -0.553232
3556.825195, 2.484991, 0.805025
3561.509766, 2.274462, -1.422219
3566.234375, 1.684116, 1.027766
3570.958984, -2.476692, -1.332168
3575.643555, 0.790314, 0.282884
3580.368164, -2.350993, -0.702481
3585.092773, 1.072392, 2.042241
3589.777344, -1.186864, -1.977910
3594.501953, 0.892177, 2.104571
3599.226562, -1.561901, -1.779943
3603.911133, -0.668960, 2.243503
3608.635742, -2.168348, -1.289675
3613.360352, 2.425655, 0.284756
3618.084961, -2.377567, -1.415604
3622.769531, 0.813445, 0.216732
3627.494141, -2.336658, -0.683495
3632.218750, 1.326237, 1.925823
3636.903320, -0.412761, -2.253280
3641.627930, 1.962464, 1.540375
3646.352539, -2.432857, -0.286332
3651.037109, 2.310518, 1.446863
3655.761719, -0.826698, -0.193126
3660.486328, 2.336917, 0.676379
3665.210938, -1.393725, -1.891651
3669.895508, 0.158551, 2.293965
3674.620117, -2.087011, -1.449339
3679.344727, 1.905731, 0.022679
3684.029297, -2.848191, -1.044053
3688.753906, 0.818385, 0.539935
3693.478516, -2.472609, -0.799681
3698.163086, -2.008301, 1.607763
3702.887695, -1.832853, -1.077939
3707.612305, 2.080103, 1.531157
3712.296875, -1.431543, 0.080245
3717.021484, 2.578277, 0.775489
3721.746094, -2.433317, -0.292433
3726.470703, 2.342946, 1.430282
3731.155273, -0.839921, -0.169786
3735.879883, 2.331345, 0.672635
3740.604492, -1.430929, -1.874396
3745.289062, -0.099248, 2.309775
3750.013672, -2.142401, -1.391719
3754.738281, 1.794776, -0.014440
3759.422852, -2.797834, -0.976578
3764.147461, 0.794668, 0.399647
3768.872070, -2.405167, -0.742864
3773.556641, 0.043552, 2.315020
3778.281250, -2.086879, -1.442022
3783.005859, 1.882811, 0.016438
3787.730469, -2.869956, -1.029137
3792.415039, 0.805551, 0.518219
3797.139648, -2.451588, -0.791837
3801.864258, -1.518685, 1.901198
3806.548828, -1.995491, -1.153106
3811.273438, 0.798424, 2.148570
3815.998047, -1.656910, -1.725599
3820.682617, -1.335972, 1.997666
3825.407227, -2.073918, -1.182069
3830.131836, -0.438049, 2.285918
3834.856445, -2.201808, -1.303337
3839.541016, 2.084019, 0.104106
3844.265625, -2.877339, -1.152038
3848.990234, 0.876214, 0.645850
3853.674805, -2.511458, -0.861496
3858.399414, 2.368570, 0.254998
3863.124023, -2.543822, -1.347186
3867.808594, 0.768345, 0.425843
3872.533203, -2.395649, -0.750157
3877.257812, 0.076598, 2.306118
3881.942383, -2.079891, -1.442724
3886.666992, 1.861923, 0.011072
3891.391602, -2.850105, -1.016703
3896.116211, 0.814082, 0.488731
3900.800781, -2.431130, -0.784417
3905.525391, -1.126008, 2.093459
3910.250000, -2.133846, -1.196108
3914.934570, -1.580369, 1.870703
3919.659180, -2.006798, -1.141716
3924.383789, 0.875221, 2.117521
3929.068359, -1.546307, -1.791417
3933.792969, -0.829208, 2.196986
3938.517578, -2.172774, -1.247635
3943.242188, 3.072745, 0.719510
3947.926758, -0.813845, -0.450380
3952.651367, 2.432161, 0.767539
3957.375977, 0.693419, -2.235372
3962.060547, 2.154949, 1.277911
3966.785156, -2.726149, -0.477860
3971.509766, -2.194722, 1.475611
3976.194336, -1.695427, -1.049446
3980.918945, 2.400272, 1.369295
3985.643555, -0.817643, -0.221832
3990.328125, 2.325502, 0.691429
3995.052734, -1.256296, -1.963867
3999.777344, 0.586077, 2.205434
4004.501953, -1.911283, -1.574445
4009.186523, 2.966177, 0.645876
4013.911133, -0.848591, -0.226740
4018.635742, 2.367339, 0.690875
4023.320312, -1.023033, -2.069106
4028.044922, 1.214936, 1.961494
4032.769531, -0.929571, -2.086385
4037.454102, 1.510517, 1.811809
4042.178711, 0.582692, -2.259360
4046.903320, 2.189662, 1.287664
4051.587891, -2.297926, -0.215732
4056.312500, 2.669817, 1.292248
4061.037109, -0.811408, -0.563401
4065.761719, 2.480251, 0.805330
4070.446289, 2.200667, -1.474797
4075.170898, 1.729369, 1.042050
4079.895508, -2.388965, -1.376255
4084.580078, 0.833512, 0.183032
4089.304688, -2.330949, -0.677229
4094.029297, 1.386449, 1.897417
4098.713867, -0.088546, -2.302739
4103.438477, 2.089514, 1.443440
4108.163086, -1.862011, -0.008463
4112.887695, 2.864117, 1.016215
4117.572266, -0.801306, -0.493476
4122.296875, 2.441837, 0.780695
4127.021484, 1.096354, -2.102647
4131.706055, 2.102731, 1.214340
4136.430664, 1.557701, -1.880608
4141.155273, 2.021161, 1.131421
4145.839844, -0.834296, -2.138852
4150.564453, 1.550915, 1.787043
4155.289062, 0.660636, -2.239468
4159.973633, 2.150877, 1.288505
4164.698242, -2.573458, -0.378568
4169.422852, 1.332761, 1.928368
4174.147461, -0.351045, -2.258635
4178.832031, 2.016499, 1.500971
4183.556641, -2.093766, -0.105200
4188.281250, 2.888499, 1.155763
4192.965820, -0.858548, -0.656450
4197.690430, 2.522072, 0.859777
4202.415039, -2.345423, -0.239536
4207.099609, 2.570491, 1.333588
4211.824219, -0.782065, -0.490040
4216.548828, 2.433559, 0.773323
4221.233398, 0.849356, -2.199366
4225.958008, 2.153556, 1.262899
4230.682617, -2.999234, -0.668969
4235.407227, 0.829013, 0.295287
4240.091797, -2.365063, -0.717736
4244.816406, 0.738078, 2.172231
4249.541016, -1.726623, -1.684699
4254.225586, -1.854307, 1.703882
4258.950195, -1.903127, -1.100246
4263.674805, 1.761649, 1.697538
4268.359375, 2.728163, -1.085043
4273.083984, 1.322842, 0.928415
4277.808594, -2.704201, -1.124598
4282.533203, 0.795103, 0.401303
4287.217773, -2.389948, -0.747276
4291.942383, 0.138629, 2.302155
4296.666992, -2.106666, -1.434506
4301.351562, 1.916788, 0.032223
4306.076172, -2.863831, -1.050839
4310.800781, 0.828494, 0.548805
4315.485352, -2.455667, -0.812440
4320.209961, -2.205938, 1.469697
4324.934570, -1.727157, -1.034167
4329.619141, 2.362979, 1.387078
4334.343750, -0.822281, -0.205560
4339.068359, 2.338650, 0.680396
4343.792969, -1.347914, -1.914509
4348.477539, 0.354380, 2.264475
4353.202148, -2.002633, -1.513127
4357.926758, 2.243117, 0.178019
4362.611328, -2.754037, -1.248837
4367.335938, 0.841462, 0.627212
4372.060547, -2.512324, -0.839978
4376.745117, 2.848252, 0.567759
4381.469727, -1.304214, 0.064236
4386.194336, 2.513859, 0.728146
4390.918945, 1.695994, -1.798898
4395.603516, 1.936856, 1.120697
4400.328125, -1.478871, -1.846171
4405.052734, -0.369493, 2.288434
4409.737305, -2.163163, -1.331523
4414.461914, 2.012654, 0.070177
4419.186523, -2.894705, -1.108678
4423.871094, 0.842902, 0.626398
4428.595703, -2.504203, -0.844324
4433.320312, 2.795245, 0.525791
4438.004883, -2.236077, -0.187478
4442.729492, 2.759270, 1.248819
4447.454102, -0.844357, -0.622365
4452.178711, 2.516859, 0.836537
4456.863281, -2.903823, -0.605496
4461.587891, 0.996476, 0.046294
4466.312500, -2.374393, -0.664600
4470.997070, 1.143257, 2.017545
4475.721680, -0.906176, -2.097796
4480.446289, 1.558630, 1.781348
4485.130859, 0.605755, -2.257179
4489.855469, 2.173924, 1.297268
4494.580078, -2.292803, -0.207720
4499.264648, 2.672954, 1.287660
4503.989258, -0.810924, -0.580561
4508.713867, 2.478457, 0.815747
4513.438477, 2.455362, -1.285780
4518.123047, 1.518944, 0.995737
4522.847656, -2.628150, -1.234955
4527.572266, 0.788021, 0.428892
4532.256836, -2.393755, -0.757335
4536.981445, -0.095259, 2.315016
4541.706055, -2.153873, -1.383801
4546.390625, 1.825489, 0.000775
4551.115234, -2.823313, -0.994707
4555.839844, 0.801296, 0.443320
4560.564453, -2.431987, -0.756996
4565.249023, -0.448694, 2.290104
4569.973633, -2.179763, -1.320193
4574.698242, 2.054129, 0.085681
4579.382812, -2.865349, -1.134131
4584.107422, 0.861501, 0.640692
4588.832031, -2.527068, -0.850331
4593.516602, 2.500562, 0.336980
4598.241211, -1.926979, -1.629916
4602.965820, 1.928723, 0.031342
4607.650391, -2.847318, -1.058012
4612.375000, 0.821810, 0.562924
4617.099609, -2.478037, -0.811613
4621.824219, -2.365832, 1.351020
4626.508789, -1.584486, -1.013379
4631.233398, 2.573028, 1.274706
4635.958008, -0.784797, -0.390598
4640.642578, 2.378088, 0.742432
4645.367188, -0.318476, -2.278772
4650.091797, 2.026504, 1.495734
4654.776367, -2.206403, -0.164522
4659.500977, 2.798832, 1.226591
4664.225586, -0.859356, -0.641409
4668.910156, 2.497193, 0.857496
4673.634766, -2.548370, -0.365471
4678.359375, 1.575963, 1.807928
4683.083984, 1.266399, -2.023395
4687.768555, 2.067185, 1.186070
4692.493164, 0.452077, -2.285171
4697.217773, 2.194269, 1.307375
4701.902344, -2.084324, -0.105321
4706.626953, 2.870389, 1.153047
4711.351562, -0.872568, -0.647875
4716.036133, 2.506555, 0.863045
4720.760742, -2.364148, -0.253573
4725.485352, 2.543911, 1.346827
4730.209961, -0.783487, -0.429896
4734.894531, 2.394802, 0.755006
4739.619141, 0.029870, -2.312914
4744.343750, 2.150160, 1.392317
4749.028320, -1.828833, -0.000903
4753.752930, 2.829795, 0.996531
4758.477539, -0.804007, -0.447144
4763.162109, 2.407461, 0.768415
4767.886719, 0.498616, -2.280994
4772.611328, 2.187523, 1.305436
4777.295898, -2.143189, -0.134467
4782.020508, 2.841545, 1.189010
4786.745117, -0.870349, -0.655421
4791.469727, 2.538987, 0.857067
4796.154297, -2.303771, -0.220315
4800.878906, 2.670776, 1.293665
4805.603516, -0.812734, -0.553018
4810.288086, 2.450666, 0.809350
4815.012695, 2.017429, -1.598963
4819.737305, 1.831581, 1.063209
4824.421875, -2.095132, -1.525766
4829.146484, 1.246947, -0.072947
4833.871094, -2.473341, -0.703118
4838.595703, -0.476679, 2.279621
4843.280273, -2.165686, -1.312125
4848.004883, 2.200845, 0.159324
4852.729492, -2.830964, -1.218056
4857.414062, 0.849234, 0.649871
4862.138672, -2.516634, -0.854172
4866.863281, 2.504061, 0.333721
4871.547852, -1.946806, -1.621871
4876.272461, 1.718912, -0.036205
4880.997070, -2.779886, -0.928246
4885.681641, 0.815810, 0.262965
4890.406250, -2.352377, -0.702989
4895.130859, 1.018373, 2.066524
4899.855469, -1.338731, -1.896323
4904.540039, 0.594530, 2.207119
4909.264648, -1.852287, -1.611279
4913.989258, -3.039245, 0.845399
4918.673828, -0.951925, -0.720953
4923.398438, 2.581837, 0.912923
4928.123047, -1.358013, 0.076299
4932.807617, 2.528090, 0.750718
4937.532227, 2.724548, -1.089858
4942.256836, 1.326396, 0.916859
4946.941406, -2.674945, -1.126294
4951.666016, 0.784808, 0.399391
4956.390625, -2.398072, -0.741593
4961.115234, 0.218867, 2.289560
4965.799805, -2.052217, -1.470601
4970.524414, 1.969420, 0.050622
4975.249023, -2.890731, -1.082235
4979.933594, 0.830697, 0.598514
4984.658203, -2.489674, -0.830075
4989.382812, -3.009440, 0.872523
4994.067383, -0.987000, -0.758866
4998.791992, 2.601913, 0.940530
5003.516602, -1.130814, 0.034008
5008.241211, 2.424781, 0.675336
5012.925781, -0.588498, -2.220259
5017.650391, 1.830909, 1.623092
5022.375000, 2.835658, -0.998119
5027.059570, 1.172639, 0.872310
5031.784180, -2.681975, -1.048288
5036.508789, 0.815056, 0.269591
5041.193359, -2.344847, -0.706822
5045.917969, 0.999941, 2.076376
5050.642578, -1.319917, -1.907696
5055.327148, 0.578808, 2.213594
5060.051758, -1.833645, -1.622969
5064.776367, -3.017745, 0.863285
5069.500977, -1.006437, -0.737829
5074.185547, 2.593574, 0.936995
5078.910156, -1.162816, 0.043835
5083.634766, 2.437272, 0.683204
5088.319336, -0.315949, -2.282507
5093.043945, 1.995007, 1.516109
5097.768555, -2.276874, -0.196891
5102.453125, 2.704015, 1.273671
5107.177734, -0.822400, -0.599599
5111.902344, 2.492097, 0.825201
5116.626953, 2.853846, -0.987427
5121.311523, 1.154478, 0.859433
5126.036133, -2.680497, -1.035394
5130.760742, 0.826753, 0.240368
5135.445312, -2.341749, -0.697850
5140.169922, 1.118565, 2.024999
5144.894531, -1.079139, -2.021937
5149.579102, 1.266448, 1.939683
5154.303711, -0.639029, -2.192427
5159.028320, 1.840082, 1.618562
5163.712891, 2.882374, -0.969390
5168.437500, 1.163910, 0.861813
5173.162109, -2.684799, -1.039148
5177.886719, 0.823227, 0.250506
5182.571289, -2.345211, -0.699957
5187.295898, 1.086053, 2.038650
5192.020508, -1.173852, -1.977988
5196.705078, 1.069908, 2.032053
5201.429688, -1.202797, -1.968078
5206.154297, 0.958742, 2.074518
5210.838867, -1.466877, -1.835645
5215.563477, -0.310332, 2.299158
5220.288086, -2.183367, -1.337116
5224.972656, 1.899017, 0.027670
5229.697266, -2.850871, -1.040561
5234.421875, 0.818922, 0.533364
5239.146484, -2.473173, -0.795931
5243.831055, -1.895884, 1.680754
5248.555664, -1.886945, -1.091233
5253.280273, 1.873193, 1.638106
5257.964844, -2.655292, -0.430887
5262.689453, -0.184819, 2.315122
5267.414062, -2.166711, -1.365306
5272.098633, 1.849305, 0.009051
5276.823242, -2.834059, -1.009521
5281.547852, 0.805857, 0.475392
5286.272461, -2.446561, -0.770052
5290.957031, -0.904096, 2.179227
5295.681641, -2.159154, -1.242074
5300.406250, -2.928633, 0.929987
5305.090820, -1.073446, -0.816734
5309.815430, 2.648741, 0.990896
5314.540039, -0.903812, -0.115260
5319.224609, 2.330165, 0.673247
5323.949219, -1.347104, -1.919939
5328.673828, 0.217007, 2.282791
5333.358398, -2.047954, -1.473770
5338.083008, 1.925189, 0.034327
5342.807617, -2.872383, -1.055670
5347.532227, 0.834536, 0.554988
5352.216797, -2.464333, -0.814516
5356.941406, -2.343102, 1.370628
5361.666016, -1.639447, -1.003914
5366.350586, 2.518693, 1.302780
5371.075195, -0.779588, -0.362592
5375.799805, 2.384571, 0.724849
5380.484375, -0.535330, -2.235878
5385.208984, 1.848562, 1.612370
5389.933594, 3.082982, -0.814171
5394.618164, 0.907807, 0.679410
5399.342773, -2.546676, -0.885110
5404.067383, 1.763443, -0.017774
5408.791992, -2.814013, -0.957662
5413.476562, 0.795566, 0.352215
5418.201172, -2.382661, -0.728088
5422.925781, 0.533110, 2.229203
5427.610352, -1.882731, -1.590511
5432.334961, 2.826446, 0.545588
5437.059570, -1.648983, 0.044264
5441.744141, 2.715594, 0.893971
5446.468750, -0.895453, -0.129150
5451.193359, 2.346626, 0.670093
5455.917969, -1.356776, -1.910032
5460.602539, 0.326132, 2.269503
5465.327148, -2.019249, -1.501492
5470.051758, 2.170179, 0.139970
5474.736328, -2.822253, -1.202706
5479.460938, 0.864303, 0.655176
5484.185547, -2.532646, -0.856882
5488.870117, 2.342712, 0.243190
5493.594727, -2.578623, -1.331687
5498.319336, 0.786445, 0.479440
5503.003906, -2.408652, -0.777165
5507.728516, -0.689412, 2.241602
5512.453125, -2.179309, -1.275763
5517.177734, 2.559696, 0.365152
5521.862305, -1.542912, -1.828009
5526.586914, -1.239809, 2.038689
5531.311523, -2.110041, -1.176995
5535.996094, -0.835771, 2.200197
5540.720703, -2.161857, -1.257652
5545.445312, 3.006288, 0.672877
5550.129883, -0.817121, -0.306325
5554.854492, 2.371647, 0.718369
5559.579102, -0.705973, -2.181083
5564.303711, 1.783498, 1.650714
5568.988281, 2.243659, -1.439950
5573.712891, 1.702360, 1.031441
5578.437500, -2.449100, -1.346386
5583.122070, 0.801341, 0.250520
5587.846680, -2.343729, -0.693159
5592.571289, 1.203360, 1.983939
5597.255859, -0.849558, -2.122732
5601.980469, 1.569784, 1.777214
5606.705078, 0.800052, -2.202665
5611.389648, 2.140299, 1.265417
5616.114258, -3.061220, -0.716157
5620.838867, 0.822787, 0.463547
5625.563477, -2.450038, -0.770268
5630.248047, -0.987729, 2.150148
5634.972656, -2.147270, -1.229736
5639.697266, -2.513120, 1.241774
5644.381836, -1.473095, -0.984363
5649.106445, 2.652699, 1.210615
5653.831055, -0.789594, -0.440009
5658.515625, 2.397408, 0.762482
5663.240234, 0.246058, -2.310731
5667.964844, 2.172142, 1.354185
5672.649414, -1.869473, -0.016701
5677.374023, 2.840003, 1.022179
5682.098633, -0.809891, -0.500694
5686.823242, 2.456671, 0.781306
5691.507812, 1.312316, -2.012461
5696.232422, 2.084089, 1.180564
5700.957031, 0.505494, -2.273682
5705.641602, 2.159381, 1.312212
5710.366211, -2.226468, -0.173829
5715.090820, 2.797991, 1.235248
5719.775391, -0.836546, -0.639233
5724.500000, 2.503690, 0.848419
5729.224609, -2.719203, -0.474411
5733.949219, -1.895222, 1.676439
5738.633789, -1.853646, -1.091465
5743.358398, 1.960127, 1.594096
5748.083008, -1.955040, -0.040846
5752.767578, 2.860413, 1.073753
5757.492188, -0.834228, -0.583434
5762.216797, 2.495224, 0.820669
5766.901367, 2.822301, -1.018150
5771.625977, 1.229634, 0.890016
5776.350586, -2.701353, -1.073595
5781.035156, 0.790275, 0.329122
5785.759766, -2.366159, -0.721115
5790.484375, 0.728983, 2.174093
5795.208984, -1.753545, -1.668527
5799.893555, -2.014386, 1.598569
5804.618164, -1.830165, -1.070990
5809.342773, 2.118471, 1.511073
5814.027344, -1.322133, 0.080068
5818.751953, 2.512046, 0.730003
5823.476562, 1.812919, -1.729327
5828.161133, 1.886811, 1.111667
5832.885742, -1.735532, -1.713969
5837.610352, -2.685245, 1.112445
5847.019531, 2.686788, 1.135407
5851.744141, -0.789039, -0.411007
5856.468750, 2.411659, 0.742950
5861.153320, -0.029390, -2.313885
5865.877930, 2.108088, 1.426425
5870.602539, -1.861669, -0.007332
5875.287109, 2.829398, 1.017272
5880.011719, -0.804147, -0.492040
5884.736328, 2.446275, 0.778935
5889.420898, 1.161611, -2.082670
5894.145508, 2.111096, 1.211175
5898.870117, 1.587404, -1.862688
5903.594727, 2.014124, 1.121001
5908.279297, -1.010532, -2.068781
5913.003906, 1.286511, 1.925842
5917.728516, -0.730366, -2.159226
5922.413086, 1.757169, 1.669765
5927.137695, 2.476195, -1.270025
5931.862305, 1.540754, 0.979091
5936.546875, -2.607084, -1.240879
5941.271484, 0.780597, 0.431564
5945.996094, -2.410761, -0.751155
5950.680664, -0.139171, 2.318610
5955.405273, -2.130521, -1.396543
5960.129883, 1.825544, -0.003258
5964.854492, -2.845786, -0.993938
5969.539062, 0.793609, 0.446149
5974.263672, -2.418925, -0.761853
5978.988281, -0.400077, 2.291720
5983.672852, -2.156964, -1.332284
5988.397461, 2.056882, 0.090260
5993.122070, -2.890398, -1.135139
5997.806641, 0.851124, 0.647187
6002.531250, -2.513108, -0.855404
6007.255859, 2.485631, 0.323445
6011.980469, -2.099931, -1.540871
6016.665039, 1.308532, -0.080394
6021.389648, -2.507250, -0.724053
6026.114258, -1.535486, 1.891764
6030.798828, -1.991420, -1.148304
6035.523438, 0.891232, 2.114029
6040.248047, -1.544035, -1.788558
6044.932617, -0.487581, 2.279240
6049.657227, -2.175446, -1.317077
6054.381836, 2.079239, 0.098519
6059.066406, -2.853545, -1.149981
6063.791016, 0.861308, 0.650829
6068.515625, -2.525959, -0.856254
6073.240234, 2.395356, 0.267048
6077.924805, -2.450037, -1.385316
6082.649414, 0.777531, 0.352416
6087.374023, -2.381409, -0.719544
6092.058594, 0.647956, 2.203850
6096.783203, -1.763339, -1.664218
6101.507812, -2.329976, 1.374386
6106.192383, -1.607565, -1.025831
6110.916992, 2.531798, 1.297738
6115.641602, -0.782718, -0.363177
6120.326172, 2.362624, 0.734257
6125.050781, -0.543819, -2.231563
6129.775391, 1.871451, 1.598021
6134.500000, -3.139939, -0.767733
6139.184570, 0.851932, 0.579921
6143.909180, -2.495584, -0.827625
6148.633789, -3.042608, 0.847068
6153.318359, -0.950530, -0.721280
6158.042969, 2.580445, 0.912989
6162.767578, -1.360683, 0.076195
6167.452148, 2.528761, 0.751934
6172.176758, 2.775207, -1.052004
6176.901367, 1.276341, 0.899391
6181.625977, -2.716742, -1.091739
6186.310547, 0.787626, 0.363691
6191.035156, -2.384578, -0.729672
6195.759766, 0.513123, 2.233652
6200.444336, -1.903275, -1.577266
6205.168945, 2.713949, 0.468003
6209.893555, 1.767117, -1.758544
6214.578125, 1.906233, 1.117690
6219.302734, -1.624588, -1.772238
6224.027344, -1.635101, 1.832119
6228.711914, -1.953857, -1.139026
6233.436523, 1.213557, 1.978560
6238.161133, -0.775263, -2.145577
6242.885742, 1.743406, 1.675600
6247.570312, 1.947276, -1.643036
6252.294922, 1.862729, 1.081598
6257.019531, -1.991519, -1.576255
6261.704102, 1.872761, 0.014647
6266.428711, -2.847397, -1.023149
6271.153320, 0.813629, 0.502199
6275.837891, -2.431553, -0.791502
6280.562500, -1.346015, 1.994765
6285.287109, -2.079832, -1.169193
6290.011719, -0.211290, 2.304715
6294.696289, -2.154500, -1.360623
6299.420898, 1.875751, 0.014710
6304.145508, -2.866735, -1.025061
6308.830078, 0.803415, 0.510659
6313.554688, -2.447449, -0.788636
6318.279297, -1.384547, 1.971805
6322.963867, -2.034531, -1.173706
6327.688477, 0.151907, 2.299376
6332.413086, -2.093527, -1.444288
6337.097656, 1.924324, 0.036131
6341.822266, -2.859923, -1.055819
6346.546875, 0.827931, 0.557308
6351.271484, -2.486923, -0.807022
6355.956055, -2.351115, 1.367153
6360.680664, -1.633433, -1.014008
6365.405273, 2.548279, 1.293679
6370.089844, -0.775932, -0.357197
6374.814453, 2.373838, 0.725986
6379.539062, -0.645572, -2.198496
6384.223633, 1.790274, 1.648613
6388.948242, 2.780960, -1.043072
6393.672852, 1.268094, 0.894198
6398.357422, -2.674147, -1.094753
6403.082031, 0.789364, 0.355050
6407.806641, -2.382911, -0.726406
6412.531250, 0.578354, 2.216262
6417.215820, -1.862667, -1.603470
6421.940430, 3.014789, 0.678969
6426.665039, -0.820836, -0.339259
6431.349609, 2.376273, 0.732518
6436.074219, -0.440903, -2.254902
6440.798828, 1.959197, 1.541878
6445.483398, -2.572163, -0.378016
6450.208008, 1.288520, 1.952114
6454.932617, -0.430024, -2.244781
6459.657227, 2.009836, 1.510368
6464.341797, -2.337023, -0.234014
6469.066406, 2.611722, 1.319029
6473.791016, -0.795395, -0.500356
6478.475586, 2.424967, 0.784683
6483.200195, 1.030007, -2.132198
6487.924805, 2.149449, 1.212918
6492.609375, 2.194909, -1.477906
6497.333984, 1.731560, 1.047261
6502.058594, -2.368124, -1.386412
6506.743164, 0.843614, 0.165797
6511.467773, -2.326216, -0.674918
6516.192383, 1.409570, 1.887147
6520.916992, 0.002945, -2.300650
6525.601562, 2.125087, 1.404546
6530.326172, -1.795022, 0.012736
6535.050781, 2.828012, 0.975204
6539.735352, -0.791053, -0.400841
6544.459961, 2.398502, 0.745436
6549.184570, -0.113400, -2.302596
6553.869141, 2.074271, 1.449189
6558.593750, -1.881693, -0.017707
6563.318359, 2.860241, 1.028811
6568.002930, -0.800606, -0.518751
6572.727539, 2.443905, 0.793761
6577.452148, 1.516776, -1.904173
6582.176758, 2.036505, 1.134126
6586.861328, -0.695158, -2.185187
6591.585938, 1.734931, 1.681274
6596.310547, 2.059323, -1.563677
6600.995117, 1.770224, 1.070152
6605.719727, -2.227945, -1.456712
6610.444336, 0.995898, 0.017622
6615.128906, -2.340578, -0.663137
6619.853516, 1.317795, 1.934856
6624.578125, -0.326139, -2.266004
6629.302734, 2.057972, 1.476258
6633.987305, -2.094829, -0.107822
6638.711914, 2.874622, 1.158008
6643.436523, -0.877170, -0.648326
6648.121094, 2.512469, 0.862806
6652.845703, -2.336990, -0.236982
6657.570312, 2.621045, 1.316095
6662.254883, -0.779188, -0.504071
6666.979492, 2.430634, 0.781681
6671.704102, 0.983977, -2.147550
6676.388672, 2.115456, 1.239280
6681.113281, 2.344083, -1.369905
6685.837891, 1.637741, 1.012544
6690.562500, -2.549191, -1.293816
6695.247070, 0.776972, 0.354967
6699.971680, -2.374830, -0.724613
6704.696289, 0.665492, 2.191913
6709.380859, -1.781137, -1.654123
6714.105469, -2.672084, 1.124447
6718.830078, -1.373915, -0.930111
6723.514648, 2.673704, 1.149409
6728.239258, -0.785013, -0.422739
6732.963867, 2.408921, 0.749299
6737.688477, 0.006248, -2.308164
6742.373047, 2.120646, 1.407385
6747.097656, -1.826782, 0.002738
6751.822266, 2.845305, 0.994695
6756.506836, -0.793287, -0.447981
6761.231445, 2.418845, 0.762808
6765.956055, 0.424622, -2.288681
6770.640625, 2.156260, 1.328947
6775.365234, -2.088288, -0.104981
6780.089844, 2.883355, 1.153719
6784.774414, -0.854649, -0.656818
6789.499023, 2.517030, 0.860468
6794.223633, -2.358836, -0.248227
6798.948242, 2.581103, 1.332674
6803.632812, -0.773612, -0.455912
6808.357422, 2.413376, 0.760395
6813.082031, 0.272366, -2.304466
6817.766602, 2.150863, 1.355682
6822.491211, -1.918963, -0.031846
6827.215820, 2.876648, 1.051895
6831.900391, -0.813662, -0.557077
6836.625000, 2.466133, 0.810375
6841.349609, 2.228478, -1.451446
6846.034180, 1.673913, 1.048170
6850.758789, -2.424152, -1.356339
6855.483398, 0.802766, 0.257113
6860.208008, -2.356700, -0.690439
6864.892578, 1.128805, 2.023207
6869.617188, -0.965705, -2.073272
6874.341797, 1.479329, 1.824267
6879.026367, 0.098804, -2.310466
6883.750977, 2.139672, 1.393725
6888.475586, -1.796269, 0.013741
6893.160156, 2.797351, 0.977534
6897.884766, -0.794148, -0.402100
6902.609375, 2.405149, 0.744051
6907.333984, -0.109386, -2.301032
6912.018555, 2.091744, 1.436875
6916.743164, -1.867494, -0.011176
6921.467773, 2.862697, 1.019754
6926.152344, -0.800872, -0.500783
6930.876953, 2.442160, 0.784513
6935.601562, 1.214977, -2.052774
6940.286133, 2.075767, 1.199938
6945.010742, 0.856467, -2.191516
6949.735352, 2.170311, 1.243305
6954.419922, 3.117510, -0.795510
6959.144531, 0.904570, 0.659745
6963.869141, -2.548439, -0.872407
6968.593750, 1.944359, 0.042256
6973.278320, -2.860196, -1.069196
6978.002930, 0.832508, 0.576000
6982.727539, -2.493151, -0.816686
6987.412109, -2.690439, 1.116933
6992.136719, -1.360210, -0.937544
6996.861328, 2.706017, 1.141178
7001.545898, -0.780035, -0.422989
7006.270508, 2.399595, 0.752193
7010.995117, 0.021306, -2.311574
7015.719727, 2.156909, 1.388245
7020.404297, -1.828533, 0.000019
7025.128906, 2.834247, 0.996176
7029.853516, -0.806002, -0.445998
7034.538086, 2.410804, 0.766996
7039.262695, 0.482827, -2.282590
7043.987305, 2.193410, 1.303110
7048.671875, -2.135144, -0.129676
7053.396484, 2.851537, 1.183277
7058.121094, -0.873959, -0.654149
7062.805664, 2.509001, 0.865884
7067.530273, -2.297628, -0.216045
7072.254883, 2.689648, 1.286505
7076.979492, -0.819771, -0.562054
7081.664062, 2.459971, 0.813097
7086.388672, 2.216259, -1.461113
7091.113281, 1.721663, 1.025968
7095.797852, -2.395164, -1.370905
7100.522461, 0.811072, 0.232356
7105.247070, -2.347757, -0.685232
7109.931641, 1.206257, 1.989450
7114.656250, -0.676794, -2.180429
7119.380859, 1.804924, 1.639954
7124.065430, 2.611905, -1.172862
7128.790039, 1.430137, 0.965487
7133.514648, -2.681106, -1.182343
7138.239258, 0.793775, 0.439390
7142.923828, -2.402704, -0.761352
7147.648438, -0.254514, 2.308841
7152.373047, -2.182179, -1.345469
7157.057617, 1.882899, 0.020591
7161.782227, -2.850990, -1.030242
7166.506836, 0.816703, 0.514803
7171.191406, -2.437260, -0.797113
7175.916016, -1.567458, 1.878127
7180.640625, -2.015404, -1.135915
7185.365234, 0.899104, 2.106389
7190.049805, -1.552358, -1.786974
7194.774414, -0.748953, 2.218267
7199.499023, -2.188942, -1.251827
7204.183594, 2.816004, 0.541940
7208.908203, -1.708452, 0.028656
7213.632812, 2.779240, 0.926018
7218.317383, -0.820425, -0.252836
7223.041992, 2.352539, 0.699344
7227.766602, -1.064361, -2.046392
7232.451172, 1.186873, 1.978404
7237.175781, -0.870840, -2.113426
7241.900391, 1.578537, 1.771087
7246.625000, 0.734242, -2.219095
7251.309570, 2.155460, 1.266880
7256.034180, -2.885809, -0.588175
7260.758789, 1.124420, -0.024306
7265.443359, -2.403691, -0.684750
7270.167969, 0.582108, 2.220074
7274.892578, -1.863182, -1.603017
7279.577148, -3.022415, 0.863955
7284.301758, -1.006499, -0.760641
7289.026367, 2.619879, 0.943735
7293.710938, -1.092377, 0.016266
7298.435547, 2.389318, 0.674929
7303.160156, -0.869587, -2.125660
7307.884766, 1.578085, 1.768790
7312.569336, 0.650189, -2.246233
7317.293945, 2.178784, 1.283978
7322.018555, -2.427008, -0.283972
7326.703125, 2.336317, 1.435096
7331.427734, -0.812982, -0.221103
7336.152344, 2.343021, 0.682274
7340.836914, -1.251696, -1.968737
7345.561523, 0.486754, 2.234382
7350.286133, -1.941930, -1.554599
7355.010742, 2.640076, 0.415167
7359.695312, -0.451709, -2.256489
7364.419922, 1.926891, 1.562329
7369.144531, -2.728150, -0.474627
7373.829102, -2.037806, 1.588834
7378.553711, -1.819059, -1.070902
7383.278320, 2.142736, 1.498949
7387.962891, -1.236799, 0.069858
7392.687500, 2.459632, 0.702030
7397.412109, 0.343651, -2.299836
7402.096680, 2.146626, 1.349218
7406.821289, -1.973818, -0.055008
7411.545898, 2.882687, 1.085820
7416.270508, -0.851199, -0.594027
7420.955078, 2.484965, 0.833977
7425.679688, 3.082945, -0.819284
7430.404297, 0.937618, 0.676088
7435.088867, -2.546936, -0.891870
7439.813477, 1.673898, -0.040276
7444.538086, -2.755598, -0.904386
7449.222656, 0.858613, 0.177813
7453.947266, -2.340284, -0.681983
7458.671875, 1.273275, 1.952776
7463.396484, -0.648403, -2.183957
7468.081055, 1.844434, 1.616347
7472.805664, 3.120580, -0.786961
7477.530273, 0.897030, 0.621757
7482.214844, -2.514400, -0.857991
7486.939453, 2.372121, 0.256943
7491.664062, -2.535401, -1.350608
7496.348633, 0.768274, 0.415699
7501.073242, -2.392014, -0.746216
7505.797852, 0.182550, 2.295870
7510.482422, -2.048545, -1.471047
7515.207031, 1.946480, 0.042684
7519.931641, -2.878300, -1.068727
7524.656250, 0.842226, 0.573064
7529.340820, -2.474345, -0.823293
7534.065430, -2.693190, 1.111701
7538.790039, -1.355212, -0.920061
7543.474609, 2.681263, 1.136519
7548.199219, -0.787065, -0.411442
7552.923828, 2.408025, 0.744233
7557.608398, -0.020085, -2.315472
7562.333008, 2.100776, 1.430823
7567.057617, -1.862678, -0.008591
7571.742188, 2.824898, 1.018114
7576.466797, -0.802036, -0.494143
7581.191406, 2.443128, 0.780760
7585.916016, 1.108194, -2.097559
7590.600586, 2.101395, 1.211358
7595.325195, 1.464918, -1.930817
7600.049805, 2.050695, 1.144331
7604.734375, -0.427338, -2.257506
7609.458984, 1.938455, 1.555244
7614.183594, -2.588701, -0.383420
7618.868164, 1.190945, 2.000300
7623.592773, -0.689912, -2.176470
7628.317383, 1.787913, 1.650251
7633.041992, 2.440325, -1.292535
7637.726562, 1.528912, 0.995980
7642.451172, -2.625390, -1.238610
7647.175781, 0.788443, 0.425741
7651.860352, -2.394045, -0.755585
7656.584961, -0.055065, 2.314163
7661.309570, -2.150073, -1.390196
7665.994141, 1.826483, 0.000655
7670.718750, -2.825883, -0.995201
7675.443359, 0.802380, 0.444337
7680.127930, -2.403903, -0.767906
7684.852539, -0.461513, 2.287672
7689.577148, -2.183065, -1.315388
7694.301758, 2.079476, 0.096921
7698.986328, -2.863636, -1.148892
7703.710938, 0.866817, 0.648119
7708.435547, -2.533250, -0.854078
7713.120117, 2.389033, 0.269425
7717.844727, -2.455507, -1.383126
7722.569336, 0.781384, 0.344112
7727.253906, -2.356395, -0.726087
7731.978516, 0.717449, 2.180250
7736.703125, -1.726569, -1.685279
7741.387695, -1.942147, 1.648321
7746.112305, -1.862180, -1.092202
7750.836914, 1.931272, 1.609105
7755.561523, -2.140637, -0.124162
7760.246094, 2.841417, 1.184519
7764.970703, -0.868510, -0.657176
7769.695312, 2.536013, 0.858487
7774.379883, -2.290881, -0.213965
7779.104492, 2.687021, 1.285569
7783.829102, -0.817902, -0.570565
7788.513672, 2.456522, 0.818630
7793.238281, 2.361431, -1.358959
7797.962891, 1.626483, 1.008497
7802.687500, -2.565592, -1.284801
7807.372070, 0.776293, 0.368747
7812.096680, -2.380713, -0.729024
7816.821289, 0.564309, 2.220515
7821.505859, -1.867012, -1.600672
7826.230469, 2.960436, 0.640076
7830.955078, -0.867243, -0.191980
7835.639648, 2.341133, 0.691568
7840.364258, -1.141068, -2.016172
7845.088867, 0.985448, 2.063495
7849.773438, -1.411224, -1.865983
7854.498047, -0.037953, 2.307968
7859.222656, -2.140912, -1.398292
7863.947266, 1.798762, -0.014398
7868.631836, -2.805615, -0.978736
7873.356445, 0.797010, 0.405172
7878.081055, -2.411986, -0.743523
7882.765625, -0.006738, 2.316093
7887.490234, -2.112521, -1.420679
7892.214844, 1.846950, 0.002704
7896.899414, -2.820930, -1.008379
7901.624023, 0.799659, 0.474073
7906.348633, -2.435862, -0.771886
7911.073242, -0.791448, 2.208175
7915.757812, -2.149931, -1.258594
7920.482422, 3.117621, 0.755632
7925.207031, -0.858034, -0.554041
7929.891602, 2.474262, 0.821062
7934.616211, 2.686845, -1.116923
7939.340820, 1.361580, 0.924439
7944.025391, -2.677779, -1.141549
7948.750000, 0.786001, 0.415997
7953.474609, -2.407938, -0.746395
7958.159180, -0.027442, 2.317831
7962.883789, -2.108425, -1.421949
7967.608398, 1.842980, 0.002234
7972.333008, -2.854744, -1.004576
7977.017578, 0.796704, 0.469638
7981.742188, -2.429956, -0.771029
7986.466797, -0.724719, 2.227697
7991.151367, -2.150899, -1.274474
7995.875977, 2.818905, 0.541850
8000.600586, -1.752920, 0.018827
8005.285156, 2.777459, 0.954368
8010.009766, -0.800248, -0.336157
8014.734375, 2.382663, 0.721063
8019.418945, -0.568385, -2.227952
8024.143555, 1.811036, 1.635646
8028.868164, 2.827904, -1.006088
8033.592773, 1.217426, 0.864600
8038.277344, -2.674989, -1.061478
8043.001953, 0.804633, 0.294752
8047.726562, -2.371230, -0.705402
8052.411133, 0.866118, 2.131163
8057.135742, -1.492853, -1.818573
8061.860352, -0.270829, 2.299217
8066.544922, -2.148197, -1.357689
8071.269531, 1.893196, 0.022971
8075.994141, -2.863351, -1.036251
8080.718750, 0.824286, 0.523967
8085.403320, -2.449359, -0.799806
8090.127930, -1.752575, 1.767902
8094.852539, -1.952230, -1.099364
8099.537109, 1.528951, 1.823801
8104.261719, 0.978590, -2.146067
8108.986328, 2.158209, 1.219077
8113.670898, 2.472716, -1.277615
8118.395508, 1.544554, 0.995411
8123.120117, -2.623681, -1.243027
8127.804688, 0.773127, 0.425260
8132.529297, -2.395793, -0.752175
8137.253906, 0.015113, 2.310641
8141.978516, -2.144814, -1.399769
8146.663086, 1.838523, 0.003663
8151.387695, -2.836619, -1.002400
8156.112305, 0.806875, 0.459815
8160.796875, -2.415008, -0.772999
8165.521484, -0.674907, 2.243931
8170.246094, -2.186576, -1.272078
8174.930664, 2.542434, 0.360763
8179.655273, -1.598434, -1.798489
8184.379883, -1.624581, 1.838329
8189.104492, -2.001464, -1.113277
8193.789062, 1.166465, 2.000532
8198.513672, -0.912696, -2.094336
8203.238281, 1.571318, 1.773578
8207.922852, 0.623054, -2.252425
8212.647461, 2.179322, 1.289019
8217.372070, -2.357965, -0.243533
8222.056641, 2.547715, 1.343619
8226.781250, -0.778321, -0.465671
8231.505859, 2.423497, 0.762791
8236.190430, 0.491302, -2.285419
8240.915039, 2.168015, 1.323152
8245.639648, -2.082968, -0.100790
8250.364258, 2.895221, 1.149432
8255.048828, -0.859883, -0.652732
8259.773438, 2.523999, 0.857501
8264.498047, -2.380526, -0.258981
8269.182617, 2.487709, 1.369169
8273.907227, -0.773938, -0.399776
8278.631836, 2.396861, 0.736858
8283.316406, -0.262718, -2.291271
8288.041016, 2.014480, 1.501701
8292.765625, -2.162572, -0.137541
8297.450195, 2.818184, 1.199723
8302.174805, -0.860751, -0.658147
8306.899414, 2.527418, 0.859212
8311.624023, -2.333066, -0.231354
8316.308594, 2.608792, 1.318022
8321.033203, -0.792239, -0.516946
8325.757812, 2.452070, 0.783952
8330.442383, 1.303601, -2.017286
8335.166992, 2.084013, 1.185059
8339.891602, 0.606727, -2.254784
8344.576172, 2.153378, 1.298025
8349.300781, -2.434983, -0.292314
8354.025391, 2.314462, 1.443614
8358.750000, -0.855309, -0.152005
8363.434570, 2.322875, 0.672604
8368.159180, -1.435392, -1.874813
8372.883789, -0.181520, 2.302132
8377.568359, -2.148887, -1.368390
8382.292969, 1.839270, 0.002538
8387.017578, -2.847460, -1.002668
8391.702148, 0.793460, 0.465861
8396.426758, -2.423568, -0.770686
8401.151367, -0.670063, 2.242759
8405.835938, -2.148112, -1.289719
8410.560547, 2.599744, 0.395488
8415.285156, -0.983575, -2.083744
8420.009766, 1.390200, 1.869671
8424.694336, -0.390658, -2.257618
8429.418945, 1.984333, 1.525822
8434.143555, -2.344756, -0.234031
8438.828125, 2.584256, 1.328322
8443.552734, -0.785762, -0.498458
8448.277344, 2.440496, 0.776266
8452.961914, 0.985157, -2.152557
8457.686523, 2.141217, 1.237402
8462.411133, 2.617284, -1.165656
8467.095703, 1.385950, 0.964268
8471.820312, -2.675958, -1.168773
8476.544922, 0.788655, 0.435413
8481.269531, -2.421122, -0.751754
8485.954102, -0.223767, 2.313642
8490.678711, -2.158063, -1.367438
8495.403320, 1.850550, 0.003924
8500.087891, -2.825183, -1.010643
8504.812500, 0.801726, 0.478485
8509.537109, -2.440145, -0.773175
8514.221680, -0.947473, 2.166340
8518.946289, -2.144929, -1.244792
8523.670898, -2.825995, 1.009089
8528.395508, -1.220005, -0.864071
8533.080078, 2.677177, 1.061676
8537.804688, -0.804855, -0.295811
8542.529297, 2.372883, 0.705215
8547.213867, -0.863963, -2.131508
8551.938477, 1.505575, 1.811352
8556.663086, 0.323076, -2.294493
8561.347656, 2.154711, 1.345319
8566.072266, -1.946727, -0.043386
8570.796875, 2.880971, 1.069094
8575.481445, -0.820901, -0.582457
8580.206055, 2.476613, 0.822871
8584.930664, 2.698680, -1.107080
8589.655273, 1.349576, 0.915713
8594.339844, -2.684740, -1.131757
8599.064453, 0.788213, 0.406875
8603.789062, -2.408249, -0.742000
8608.473633, 0.067689, 2.312088
8613.198242, -2.092434, -1.439806
8617.922852, 1.890385, 0.018082
8622.607422, -2.837596, -1.034974
8627.332031, 0.810829, 0.525275
8632.056641, -2.460364, -0.793904
8636.781250, -1.656203, 1.822117
8641.465820, -1.951636, -1.126609
8646.190430, 1.357908, 1.906870
8650.915039, -0.307056, -2.267294
8655.599609, 2.030313, 1.490028
8660.324219, -2.025754, -0.074614
8665.048828, 2.895110, 1.116060
8669.733398, -0.846090, -0.633042
8674.458008, 2.507798, 0.847792
8679.182617, -2.688817, -0.453506
8683.867188, -0.943237, 2.169453
8688.591797, -2.144610, -1.246652
8693.316406, -2.856041, 0.986559
8698.041016, -1.187957, -0.849879
8702.725586, 2.669428, 1.044416
8707.450195, -0.817429, -0.256611
8712.174805, 2.363017, 0.694281
8716.859375, -1.035667, -2.063850
8721.583984, 1.185636, 1.975604
8726.308594, -1.009432, -2.053344
8730.993164, 1.383921, 1.879874
8735.717773, -0.135166, -2.295988
8740.442383, 2.102920, 1.437217
8745.126953, -1.877383, -0.018777
8749.851562, 2.843015, 1.026802
8754.576172, -0.812072, -0.509478
8759.300781, 2.461017, 0.785164
8763.985352, 1.464002, -1.935723
8768.709961, 2.044063, 1.157368
8773.434570, -0.358299, -2.264961
8778.119141, 1.990937, 1.517488
8782.843750, -2.192913, -0.154849
8787.568359, 2.830792, 1.214344
8792.252930, -0.847758, -0.654343
8796.977539, 2.513638, 0.857342
8801.702148, -2.452208, -0.303118
8806.426758, 2.266682, 1.463681
8811.111328, -0.926247, -0.069408
8815.835938, 2.336471, 0.657452
8820.560547, -1.483370, -1.848117
8825.245117, -0.411351, 2.289421
8829.969727, -2.177655, -1.327268
8834.694336, 1.984195, 0.055809
8839.378906, -2.861264, -1.092485
8844.103516, 0.841782, 0.605850
8848.828125, -2.504308, -0.832395
8853.512695, 3.071896, 0.728541
8858.237305, -0.826993, -0.508749
8862.961914, 2.461222, 0.792392
8867.686523, 1.674839, -1.811555
8872.371094, 1.943993, 1.125594
8877.095703, -1.402480, -1.885154
8881.820312, 0.061629, 2.297856
8886.504883, -2.104216, -1.424792
8891.229492, 1.809319, -0.007681
8895.954102, -2.831717, -0.984051
8900.638672, 0.789621, 0.423109
8905.363281, -2.404394, -0.754447
8910.087891, -0.125653, 2.312587
8919.497070, 1.832541, 0.001559
8924.221680, -2.836136, -0.998734
8928.946289, 0.806731, 0.451596
8933.630859, -2.413239, -0.769228
8938.355469, -0.559083, 2.268876
8943.080078, -2.193207, -1.289581
8947.764648, 2.275553, 0.202531
8952.489258, -2.715127, -1.272815
8957.213867, 0.828221, 0.591055
8961.898438, -2.468137, -0.829127
8966.623047, -2.778578, 1.049190
8971.347656, -1.272826, -0.898337
8976.072266, 2.716063, 1.090127
8980.756836, -0.787850, -0.361020
8985.481445, 2.383407, 0.728879
8990.206055, -0.532195, -2.228939
8994.890625, 1.889363, 1.586299
8999.615234, -2.802832, -0.528826
9004.339844, 2.033927, 0.083612
9009.024414, -2.861382, -1.124558
9013.749023, 0.855044, 0.634136
9018.473633, -2.519467, -0.847182
9023.158203, 2.613875, 0.409652
9027.882812, -0.611233, -2.215569
9032.607422, 1.812147, 1.634240
9037.332031, 2.650872, -1.136680
9042.016602, 1.354066, 0.944177
9046.741211, -2.695176, -1.144593
9051.465820, 0.792873, 0.420079
9056.150391, -2.393023, -0.755178
9060.875000, -0.053738, 2.314584
9065.599609, -2.146343, -1.392975
9070.284180, 1.827119, 0.001185
9075.008789, -2.824308, -0.995666
9079.733398, 0.801646, 0.445507
9084.458008, -2.433156, -0.757812
9089.142578, -0.477350, 2.285582
9093.867188, -2.180908, -1.314616
9098.591797, 2.096488, 0.105269
9103.276367, -2.857136, -1.159221
9108.000977, 0.867361, 0.652675
9112.725586, -2.533709, -0.856584
9117.410156, 2.337303, 0.239998
9122.134766, -2.592597, -1.325938
9126.859375, 0.789583, 0.491727
9131.543945, -2.415027, -0.782242
9136.268555, -0.881718, 2.186117
9140.993164, -2.163936, -1.243339
9145.717773, -3.007942, 0.870030
9150.402344, -0.985902, -0.749268
9155.126953, 2.605136, 0.934025
9159.851562, -1.163991, 0.045866
9164.536133, 2.419520, 0.689812
9169.260742, -0.328327, -2.277349
9173.985352, 2.021867, 1.499023
9178.669922, -2.231584, -0.177660
9183.394531, 2.772831, 1.242646
9188.119141, -0.849971, -0.628524
9192.803711, 2.489096, 0.849869
9197.528320, -2.781198, -0.519441
9202.252930, 2.347061, 0.243988
9206.977539, -2.603824, -1.323444
9211.662109, 0.776760, 0.480730
9216.386719, -2.423516, -0.770807
9221.111328, -0.617407, 2.253909
9225.795898, -2.155612, -1.294009
9230.520508, 2.481335, 0.319909
9235.245117, -2.101207, -1.541720
9239.929688, 1.259270, -0.073724
9244.654297, -2.470703, -0.709001
9249.378906, -0.670842, 2.243440
9254.103516, -2.195657, -1.264373
9258.788086, 2.584716, 0.386248
9263.512695, -1.176044, -2.002064
9268.237305, 0.916697, 2.089977
9272.921875, -1.548743, -1.790202
9277.646484, -0.790147, 2.207560
9282.371094, -2.181237, -1.249197
9287.055664, 2.933127, 0.625271
9291.780273, -0.897106, -0.143125
9296.504883, 2.354825, 0.674786
9301.189453, -1.200379, -1.992975
9305.914062, 0.668608, 2.183678
9310.638672, -1.801366, -1.642275
9315.363281, -2.579463, 1.189939
9320.047852, -1.417109, -0.964442
9324.772461, 2.680960, 1.177780
9329.497070, -0.792625, -0.438523
9334.181641, 2.399986, 0.761763
9338.906250, 0.248868, -2.309917
9343.630859, 2.176786, 1.350301
9348.315430, -1.874841, -0.018176
9353.040039, 2.844848, 1.025388
9357.764648, -0.812763, -0.506370
9362.489258, 2.461831, 0.783313
9367.173828, 1.413594, -1.961478
9371.898438, 2.059821, 1.162359
9376.623047, -0.125995, -2.297484
9381.307617, 2.084677, 1.442976
9386.032227, -1.866897, -0.011442
9390.756836, 2.859646, 1.019473
9395.441406, -0.799353, -0.500543
9400.166016, 2.439674, 0.784943
9404.890625, 1.208807, -2.056138
9409.575195, 2.075081, 1.203683
9414.299805, 0.937778, -2.165179
9419.024414, 2.157821, 1.233156
9423.749023, 2.728049, -1.080482
9428.433594, 1.282083, 0.917193
9433.158203, -2.700264, -1.105828
9437.882812, 0.794792, 0.377070
9442.567383, -2.378272, -0.739667
9447.291992, 0.350801, 2.272867
9452.016602, -2.012200, -1.505972
9456.701172, 2.281934, 0.204709
9461.425781, -2.704223, -1.277560
9466.150391, 0.824041, 0.585203
9470.834961, -2.463310, -0.826279
9475.559570, -2.653798, 1.143227
9480.284180, -1.393291, -0.942515
9485.008789, 2.708338, 1.154009
9489.693359, -0.782267, -0.432816
9494.417969, 2.408067, 0.754300
9499.142578, 0.117469, -2.311223
9503.827148, 2.130341, 1.389591
9508.551758, -1.833810, -0.000905
9513.276367, 2.842778, 0.999305
9517.960938, -0.791604, -0.458660
9522.685547, 2.418638, 0.768278
9527.410156, 0.569911, -2.265362
9532.134766, 2.200399, 1.281059
9536.819336, -2.329247, -0.231266
9541.543945, 2.626542, 1.312822
9546.268555, -0.799310, -0.513687
9550.953125, 2.431589, 0.790632
9555.677734, 1.263839, -2.033065
9560.402344, 2.103114, 1.176833
9565.086914, 0.732380, -2.230206
9569.811523, 2.168171, 1.276523
9574.536133, -2.628602, -0.411308
9579.220703, 0.553715, 2.234048
9583.945312, -1.820596, -1.629465
9588.669922, -2.886707, 0.961623
9593.394531, -1.153589, -0.833046
9598.079102, 2.659245, 1.025400
9602.803711, -0.838890, -0.208389
9607.528320, 2.354093, 0.682257
9612.212891, -1.189937, -1.996354
9616.937500, 0.757040, 2.153227
9621.662109, -1.737546, -1.679677
9626.346680, -2.000313, 1.609226
9631.071289, -1.835444, -1.079732
9635.795898, 2.063521, 1.539875
9640.480469, -1.486254, 0.076132
9645.205078, 2.613261, 0.801256
9649.929688, -1.752733, 0.020045
9654.654297, 2.808179, 0.951470
9659.338867, -0.798382, -0.334099
9664.063477, 2.376777, 0.722189
9668.788086, -0.658555, -2.194256
9673.472656, 1.784168, 1.652302
9678.197266, 2.709604, -1.096457
9682.921875, 1.338543, 0.918941
9687.606445, -2.676517, -1.131254
9692.331055, 0.785233, 0.405405
9697.055664, -2.401727, -0.743284
9701.780273, 0.164933, 2.295635
9706.464844, -2.074487, -1.452399
9711.189453, 1.909055, 0.026469
9715.914062, -2.877489, -1.045328
9720.598633, 0.812503, 0.546240
9725.323242, -2.464060, -0.804731
9730.047852, -2.032315, 1.586198
9734.732422, -1.784946, -1.076797
9739.457031, 2.176515, 1.482907
9744.181641, -1.090982, 0.031801
9748.866211, 2.375792, 0.672893
9753.590820, -0.941972, -2.100858
9758.315430, 1.405327, 1.864217
9763.040039, -0.279161, -2.272053
9767.724609, 2.043560, 1.479922
9772.449219, -1.983013, -0.056091
9777.173828, 2.893449, 1.090392
9781.858398, -0.835174, -0.607850
9786.583008, 2.495250, 0.834692
9791.307617, -3.104943, -0.747079
9795.992188, 0.828209, 0.532021
9800.716797, -2.463738, -0.804872
9805.441406, -2.095341, 1.544352
9810.166016, -1.792292, -1.041885
9814.850586, 2.254099, 1.443511
9819.575195, -0.942554, -0.057230
9824.299805, 2.348551, 0.653771
9828.984375, -1.407830, -1.892133
9833.708984, -0.225127, 2.303739
9838.433594, -2.182869, -1.348339
9843.118164, 1.843972, 0.006941
9847.842773, -2.834125, -1.006161
9852.567383, 0.805781, 0.468164
9857.251953, -2.414516, -0.777413
9861.976562, -0.795655, 2.212692
9866.701172, -2.172683, -1.257245
9871.425781, 2.917382, 0.607489
9876.110352, -1.014269, -0.034655
9880.834961, 2.371598, 0.668403
9885.559570, -1.149413, -2.008145
9890.244141, 1.017794, 2.054228
9894.968750, -1.310835, -1.914884
9899.693359, 0.605562, 2.199187
9904.377930, -1.849130, -1.613317
9909.102539, 3.023859, 0.686622
9913.827148, -0.816455, -0.372584
9918.511719, 2.383417, 0.745359
9923.236328, -0.150382, -2.303545
9927.960938, 2.079303, 1.453633
9932.685547, -1.955151, -0.041867
9937.370117, 2.861708, 1.074151
9942.094727, -0.835090, -0.583500
9946.819336, 2.496435, 0.820529
9951.503906, 2.827666, -1.013864
9956.228516, 1.223755, 0.886252
9960.953125, -2.701544, -1.069569
9965.637695, 0.792325, 0.321710
9970.362305, -2.364915, -0.718489
9975.086914, 0.774662, 2.158567
9979.811523, -1.708979, -1.694340
9984.496094, -1.617158, 1.846312
9989.220703, -1.996583, -1.130742
9993.945312, 1.073760, 2.036084
